x0,y0,z0,v0,x1,y1,z1,v1,x2,y2,z2,v2,x3,y3,z3,v3,x4,y4,z4,v4,x5,y5,z5,v5,x6,y6,z6,v6,x7,y7,z7,v7,x8,y8,z8,v8,x9,y9,z9,v9,x10,y10,z10,v10,x11,y11,z11,v11,x12,y12,z12,v12,x13,y13,z13,v13,x14,y14,z14,v14,x15,y15,z15,v15,x16,y16,z16,v16,x17,y17,z17,v17,x18,y18,z18,v18,x19,y19,z19,v19,x20,y20,z20,v20,label
0.41734446585644547,0.35055855402358754,-0.37969342,0.9999846,0.40229790987798986,0.3292997401423229,-0.35298476,0.999954,0.43471243224516987,0.33127103292061677,-0.35349828,0.9999567,0.3911104281495136,0.3429012593476399,-0.20496702,0.9999393,0.44324291831815854,0.34706713139575973,-0.20962787,0.9999368,0.416497523480993,0.3767217940922441,-0.32547995,0.9999919,0.44115867699641653,0.38123708314958044,-0.32688075,0.9999918,0.3441322981745054,0.4803409376513956,-0.118578814,0.99996376,0.5015579355464007,0.46706483046539327,-0.125541,0.9998611,0.31674381385252026,0.6172484835080572,-0.053447317,0.99462306,0.5103932065135257,0.6235469948261414,-0.09253797,0.97191125,0.4924688097694102,0.7576187020166425,-0.23010953,0.88016397,0.3333602188449858,0.7423540637395377,-0.17981769,0.986126,0.46226850050983925,0.761369318182069,-0.0018947183,0.9994998,0.3739152249136978,0.7489641597184048,0.0020195108,0.99953115,0.475748695445125,0.9767452899089596,-0.083961084,0.9519623,0.39531675133963884,0.9701961434515448,-0.04701671,0.94703716,0.4038451389870732,1.0821733107971123,0.31344485,0.76037353,0.48359881582911945,1.1326020131197785,0.19436611,0.77757007,0.4132481033075306,1.0874316555411703,0.34015653,0.44671494,0.4868365442781908,1.1421449533299448,0.21584213,0.41921452,idle
0.4187853106654049,0.33414840693040443,-0.37591636,0.9999837,0.4133075710233528,0.32004467348091736,-0.34896162,0.9999537,0.43550422562452096,0.33374797356420877,-0.35187367,0.99995524,0.3916822056251644,0.3419983789794052,-0.18693994,0.9999384,0.4532795353308563,0.3426258231395721,-0.20521697,0.9999375,0.4002686503625872,0.3761671725523628,-0.3155389,0.9999918,0.43956557115097716,0.36682852467078614,-0.32050845,0.99999136,0.3467860270485683,0.47905600285195893,-0.064554274,0.99996537,0.489066820002411,0.4813706271671768,-0.12627175,0.99986154,0.3147843970917884,0.6270591530893868,0.012241153,0.99474883,0.5099775326122529,0.6212376078235862,-0.09254894,0.973603,0.48860885405595944,0.7537286635603913,-0.22948042,0.88733727,0.34280699682723825,0.7422023018369674,-0.15195255,0.986997,0.46488906637196736,0.762944320300445,-0.02445321,0.9994631,0.38314789282355977,0.7657640110638787,0.02463194,0.99951917,0.46659341670280263,1.011254101961746,-0.107087,0.932504,0.39806863168444395,0.9946689810710434,-0.0655476,0.92784595,0.3977225306694677,1.1607779691168334,0.2856808,0.7141446,0.49856978314372935,1.1725523901601798,0.19183217,0.7260176,0.3994021780867173,1.1805168122527978,0.31166518,0.4237861,0.48995183789352414,1.1844196241145877,0.21448782,0.38683644,idle
0.4189796642325321,0.3486752270854823,-0.36171126,0.9999833,0.4061064250119798,0.32808866932826436,-0.33471295,0.9999544,0.4383859950849037,0.3312338739251477,-0.33880624,0.99995476,0.3891881207738057,0.34851719039367357,-0.17004943,0.99993926,0.4517224519648121,0.3387764766938673,-0.19065706,0.99993885,0.4099078248065683,0.3795005166510925,-0.2996767,0.9999918,0.42664498353670266,0.3665990959947891,-0.3053995,0.9999911,0.3343025853720455,0.47508431829242653,-0.048233144,0.99996716,0.48489871430196274,0.4678122424741049,-0.117493525,0.9998633,0.3182522486585707,0.6257776198332301,0.022553379,0.9948628,0.510588645498813,0.6212707858813413,-0.085008375,0.9749984,0.4911869943386351,0.7485384926652968,-0.22709504,0.89359766,0.329052716652697,0.7367657671712133,-0.14857927,0.9877833,0.47322840536320443,0.7687019915957928,-0.026655803,0.9994224,0.37706212616189483,0.7653839110519255,0.026881117,0.9995015,0.46559997065689107,1.0221344240322516,-0.10953055,0.9137484,0.39398165547207475,1.0002877527925185,-0.07396223,0.90970206,0.4029945005875154,1.1731893494399523,0.26374283,0.6708025,0.49386965530402616,1.161599064703919,0.18135497,0.67814785,0.4084274761234864,1.1909004372865184,0.2883053,0.4013291,0.48985765758511735,1.187621116717147,0.20362243,0.35766667,idle
0.42921949809229853,0.3523692187424798,-0.32320997,0.9999831,0.41873456100677486,0.3316358386205354,-0.2965594,0.9999553,0.442588910882192,0.3312434170681083,-0.30066878,0.99995476,0.39080022993517527,0.34374279203110425,-0.13588074,0.9999404,0.4520494998014778,0.3437951008176669,-0.15578257,0.9999405,0.4093933003059561,0.37605461897478865,-0.2624126,0.9999917,0.43435740655509636,0.3796741707077528,-0.26802036,0.9999908,0.3423162576212323,0.4796043524888089,-0.024982806,0.99996877,0.49522852597998157,0.47081084484931174,-0.08994371,0.9998649,0.3184030012137157,0.6281533836013294,0.035977513,0.99498165,0.5176429886329519,0.6214535476937091,-0.06979661,0.9763054,0.4878749485738867,0.7483690586113699,-0.22106466,0.9003936,0.34167412915284545,0.7545659680591905,-0.13877763,0.98855036,0.4566716453284767,0.7751975626358489,-0.026077244,0.9993963,0.3832023918502401,0.7729947992242784,0.026321724,0.9994931,0.4618275636634337,1.0259576050802524,-0.11347357,0.8981654,0.39628900054271143,1.0088279687035824,-0.08832808,0.8969059,0.3953095752776088,1.18598495452133,0.23480245,0.63126296,0.48759990429173583,1.181943679487901,0.15562779,0.6356598,0.3999508862815089,1.203763606249056,0.2580747,0.38138273,0.4905494210041088,1.2018811088318382,0.17532659,0.33090138,idle
0.41453186007862775,0.33890368358330253,-0.33514073,0.99998254,0.40522200518892304,0.33668196147513063,-0.3103438,0.99995536,0.44391915838306795,0.3307029596969733,-0.31682345,0.99995387,0.39376482590515294,0.336310652892056,-0.14705333,0.99994063,0.4472969046763333,0.34988590883676524,-0.1658745,0.9999404,0.4047170582257571,0.3664310991157838,-0.26460677,0.9999915,0.4408213172538705,0.3743991117286503,-0.27338272,0.9999903,0.3365382215366062,0.47858970226163133,-0.052713763,0.9999697,0.4928712869694869,0.47433616423234903,-0.09758277,0.999862,0.3220689968266701,0.627910556242323,0.013617772,0.99511415,0.5148114253052092,0.6266028641427486,-0.07124023,0.97723067,0.4937419498445562,0.7574136789865717,-0.21708314,0.9049035,0.33521284217414715,0.7289136352223633,-0.14577948,0.98918766,0.45457455926204426,0.7689784573793197,-0.023502503,0.9992993,0.38270421862108794,0.7713278489140131,0.023697382,0.999435,0.4741165254440849,1.012051927633518,-0.11294965,0.88230956,0.3887084436433931,1.0087687850379903,-0.09016364,0.88408023,0.40606112001527617,1.1834651181927143,0.23912895,0.5980803,0.49846490255382736,1.1728460165177013,0.16487196,0.59976184,0.4065698663962777,1.194691320836996,0.26301277,0.3649655,0.48870706164862565,1.2034693274566393,0.18533063,0.30982444,idle
0.420258184500215,0.35116551241168764,-0.3209227,0.9999828,0.404285447367422,0.3326232327715222,-0.2939197,0.9999571,0.4347839279004335,0.3319589963944609,-0.29793137,0.9999552,0.3964481681477706,0.3410845113701899,-0.13393815,0.9999428,0.46169936939778644,0.3388640835142535,-0.15226507,0.99994266,0.4086506315536139,0.37351360827580093,-0.25961998,0.99999154,0.42121797498055435,0.3712278221005067,-0.2652522,0.99999017,0.34397666490318135,0.48701075173209424,-0.028197587,0.9999706,0.4951949143703821,0.4710625786592476,-0.08299536,0.99986076,0.31150666986408637,0.6312192472975792,0.041656047,0.99520135,0.5173272785276279,0.6145398123079446,-0.06163038,0.978051,0.4877412229357313,0.7546925341264195,-0.21339369,0.909144,0.3427348313293045,0.7387667090578333,-0.11673565,0.9897917,0.4624387613927543,0.7675385919771267,-0.023192799,0.9992603,0.3798157658455983,0.7730158210994954,0.023417858,0.9994091,0.4703076032514337,1.0239481049423722,-0.11838827,0.8719781,0.39479589188957875,1.0086513481296424,-0.08980913,0.87562454,0.39837794559189776,1.1740356606088143,0.23271163,0.57046735,0.493026748278676,1.1803399859309962,0.1526053,0.56782347,0.40713283344579443,1.1953500051200323,0.2562187,0.35384363,0.49224157503764177,1.203565647527504,0.17285366,0.29003087,idle
0.416005313431252,0.3456310095000445,-0.33431694,0.999983,0.4032581096141451,0.33371099091777434,-0.30741006,0.99995846,0.4252333530212318,0.32250893627447,-0.3105419,0.99995637,0.38786209148556794,0.3444877896339598,-0.1487777,0.99994445,0.454746082719929,0.3429037290670757,-0.16457488,0.9999446,0.41072856044083317,0.3715952116406378,-0.27454245,0.99999154,0.426358314685918,0.36814014302808984,-0.2791195,0.9999901,0.3400226243843151,0.4839509495386452,-0.041921504,0.9999711,0.4916174983568683,0.4809603046985281,-0.088769004,0.99986064,0.3194870911959259,0.6333886321640684,0.034122363,0.99526614,0.5122461065895896,0.6192835233754984,-0.06282294,0.9788357,0.4938341207596517,0.7546863741630511,-0.2148513,0.9134131,0.3374260010718322,0.7423101599858319,-0.119359836,0.9902923,0.4749244958727272,0.772502963132276,-0.021948135,0.99921626,0.37368088937206567,0.7756097237115681,0.0221684,0.9993721,0.46316763838511554,1.032727300425735,-0.11547277,0.8622629,0.3946608609494583,1.0076171238776108,-0.093508005,0.8676622,0.4003317943263356,1.1752897082606806,0.24139896,0.5461295,0.4836660403701416,1.177689101773105,0.1572819,0.54286104,0.4057853801683292,1.1866581425692446,0.26640874,0.3454976,0.4823131210478191,1.20698314357955,0.17781964,0.27384079,idle
0.42406704323749167,0.35058357023332476,-0.33904296,0.99998367,0.40497408955099534,0.3301695115302093,-0.31217712,0.9999604,0.4343023998606419,0.32880844406428333,-0.31473407,0.9999583,0.3887993425935855,0.33931152351395727,-0.15339354,0.999947,0.45517180582200667,0.3352757270819039,-0.16717824,0.9999472,0.4082638331424143,0.3783246821411634,-0.2795258,0.9999917,0.4392582062022443,0.37405444179847974,-0.28344816,0.9999902,0.34404610726352425,0.4686889870858577,-0.044328127,0.9999718,0.4955626865745143,0.47876710721568416,-0.08699981,0.9998625,0.32187575868505147,0.620287222328616,0.03734507,0.9952887,0.5162555033376675,0.6209389164927612,-0.06064544,0.97944206,0.4980738357351777,0.7457150999353523,-0.21525852,0.91677314,0.33524941473602143,0.7399808980751563,-0.11193379,0.99069786,0.46677540581279586,0.7835973975548147,-0.021233825,0.9991825,0.38116769100687564,0.7701980207038,0.021442067,0.99934,0.46006253664465735,1.0174754118721816,-0.116062984,0.8560999,0.39168320248527644,1.0000293552932988,-0.094163276,0.8621461,0.39877087852311466,1.161946266040758,0.24080746,0.5281506,0.48860447322718104,1.1711286484072938,0.1579065,0.5233685,0.39981472213597347,1.1840485859306014,0.2658846,0.34216896,0.49167711052351804,1.1993393865042317,0.17862079,0.2614431,idle
0.41463608172591526,0.3374102615517554,-0.350146,0.9999842,0.406196468325142,0.3351878272712845,-0.32283336,0.9999622,0.4308507190049766,0.33170232454702164,-0.32509798,0.9999598,0.39982675641911436,0.342556959232069,-0.15814409,0.9999494,0.4472781780230295,0.3429920381171314,-0.17217307,0.99994916,0.4043691975343944,0.3734309150188353,-0.288713,0.99999195,0.4329402314570209,0.37675527887522836,-0.2924555,0.99999034,0.347010127800062,0.4836899314543716,-0.04966611,0.99997276,0.49569359803680835,0.46138885929872786,-0.09079145,0.99986386,0.3221900176798963,0.6231970833172232,0.03259276,0.99534047,0.5141981547801143,0.6163961347623864,-0.062415265,0.97979254,0.49175812197781776,0.7518753384433747,-0.21634953,0.91887337,0.3443700695449108,0.7434652493095523,-0.117591046,0.9910774,0.4698049635833176,0.7674654461111083,-0.02066542,0.9991189,0.3854413453339004,0.7711126827158251,0.020871364,0.9992838,0.47172664793784846,1.0219211921402889,-0.11476402,0.8521338,0.3918835903498121,1.008923337878528,-0.09024034,0.85885924,0.39734995922788663,1.161621703686184,0.24533077,0.5168788,0.48679032394207333,1.1610628239184595,0.16135831,0.51229036,0.4029979717178569,1.1779297343722872,0.27245575,0.34295726,0.4986767298330036,1.1958300068304137,0.18250664,0.25426936,idle
0.4160169042145959,0.3557680929189611,-0.34359357,0.9999845,0.40981543114238916,0.33004258418194987,-0.3160889,0.9999634,0.4427291789632639,0.32948545877861773,-0.31840378,0.9999607,0.3970558529974083,0.35008071518170597,-0.15330063,0.9999509,0.4553741444854751,0.3391949705426474,-0.16728719,0.99995065,0.39827513862068464,0.3739592328163316,-0.28285348,0.999992,0.4322420144504031,0.3741684392450955,-0.2866184,0.99999034,0.34445297025499144,0.476294270979958,-0.042062648,0.9999736,0.4973332889139078,0.4693930027467539,-0.087305404,0.99986583,0.3120817055430215,0.6252965813197298,0.03863806,0.99531263,0.5103491722145643,0.6213858529548667,-0.06239125,0.98040706,0.49363303587234364,0.7533703256376787,-0.22238679,0.9223257,0.34344879155644137,0.7373574510938967,-0.11782906,0.9914056,0.4658127417032537,0.7626595988189167,-0.020696003,0.9991079,0.3861238888043852,0.7655227461876203,0.020925714,0.999274,0.4632086217163105,1.0125257696299135,-0.11489838,0.8467113,0.3898696858711763,1.0013136292094411,-0.08958532,0.8537392,0.3928297754973923,1.1593405968982795,0.24350849,0.50055873,0.49013982645608944,1.1727168982484655,0.15915422,0.4941067,0.3887611429550524,1.1868463214496112,0.2686147,0.3362552,0.49001729116216586,1.1867934183454099,0.17978235,0.24224477,idle
0.4228660328581496,0.3471143306427209,-0.34895083,0.9999848,0.4064401072843363,0.34195400922529123,-0.3216699,0.99996454,0.43100403546716703,0.3219896737994793,-0.32369426,0.99996144,0.39019772856518187,0.34340580661272185,-0.15839303,0.9999524,0.4558603215925313,0.3471247816438523,-0.1716507,0.9999515,0.40157106599665615,0.378863298972487,-0.28808853,0.9999921,0.4303629142681431,0.3787797490545739,-0.29160196,0.99999034,0.3428322059683595,0.47701857376246726,-0.04353481,0.9999743,0.4912486814796947,0.4607723700465353,-0.0891384,0.9998659,0.31958801247862845,0.6314098709415152,0.032972418,0.9952619,0.5118316167751752,0.6212334207051601,-0.0635515,0.98060787,0.5052254373400946,0.7531168567004065,-0.22608908,0.9241848,0.3354583420063142,0.7352568197401254,-0.118037105,0.9916335,0.4677700580692836,0.7812131158901214,-0.020598574,0.99907064,0.3823907569453162,0.7638561654858979,0.020855518,0.9992447,0.4640935423344831,1.018897007501341,-0.11431193,0.84249187,0.3914295547210972,1.0100262299409544,-0.09216662,0.85043794,0.3922057645526523,1.1641552373383715,0.24540082,0.4890883,0.49170183907181375,1.1711797842497913,0.16254024,0.48296487,0.3999871011582119,1.183754655468388,0.2690037,0.3345648,0.4996297592621961,1.1929214140401072,0.18361782,0.23480311,idle
0.41379876053258746,0.3521222677529153,-0.340101,0.9999852,0.4044703461169099,0.33483489637801717,-0.31304514,0.99996585,0.4368522914197842,0.33383216387443204,-0.3147394,0.9999624,0.40071533970186113,0.3401293348400575,-0.15356848,0.9999541,0.4429329887129534,0.34633311762939534,-0.16532215,0.9999526,0.40763644762805407,0.37449636137275116,-0.2807406,0.9999922,0.43596936530373975,0.3759503181757047,-0.28382972,0.9999904,0.33931917117750443,0.4857922734340197,-0.044847496,0.999975,0.490441046395788,0.46734024780389166,-0.08406238,0.9998663,0.310983091759227,0.6256092013477262,0.030443812,0.9951838,0.5225141900635984,0.6243186786273919,-0.0603799,0.98064715,0.49013173889667605,0.7465280018642202,-0.22600725,0.9257393,0.33790223323647073,0.7374178286313736,-0.12209882,0.991827,0.45989119753124597,0.7648767381088211,-0.020151494,0.9990485,0.3804136752028655,0.7744219743867151,0.020432035,0.9992261,0.47007488421086707,1.0225823910641725,-0.11426161,0.8387373,0.3976325951642803,1.005324790842043,-0.09786259,0.84788245,0.39241694203184996,1.1691736410416698,0.24514413,0.47881892,0.49422520863113173,1.164510389109043,0.1627596,0.47234347,0.3982274926943675,1.1859606915711305,0.27021638,0.33303604,0.49786057868848677,1.190039907100968,0.18387777,0.22837692,idle
0.41666966780974257,0.35508875327990597,-0.3050931,0.9999857,0.41204046199590494,0.33290303737709304,-0.2776901,0.99996734,0.4327906833347376,0.3305433697576479,-0.27919996,0.99996364,0.39133816349675243,0.3487662341491156,-0.12139839,0.9999561,0.4457552122876177,0.34239928399755215,-0.13167775,0.9999543,0.40614725529462914,0.37344711313686507,-0.24713156,0.9999924,0.43172153369152444,0.3683252006818711,-0.24985759,0.9999905,0.3393703659726228,0.47537643388747713,-0.022566728,0.99997586,0.4952799932387457,0.4716085160316652,-0.060469132,0.99986786,0.316187338846869,0.623409078389816,0.035917453,0.9950837,0.5210427457935201,0.6190914749595998,-0.050473243,0.9805911,0.49362151074309824,0.7568495865584354,-0.22563665,0.9273565,0.33327983975724695,0.7395841272771139,-0.122663364,0.99202806,0.4638413764154923,0.770264138365682,-0.019930867,0.9990526,0.37591988369794793,0.7726540548331583,0.020209488,0.9992293,0.4609015001977316,1.019648592723486,-0.12135486,0.835016,0.3953684095161252,1.0009903573963748,-0.103991106,0.8455182,0.38937243116567355,1.1587994810320676,0.23265322,0.46787053,0.48759472255786274,1.1787768276458164,0.15582919,0.4592498,0.4076756346707072,1.1797909935407875,0.25752062,0.330087,0.498109023755696,1.1915059541072817,0.1769831,0.22050984,idle
0.4186433815001337,0.3596618082595776,-0.3097642,0.9999858,0.40804700540013916,0.32946404388933287,-0.28257436,0.9999681,0.43739200470879547,0.34036596117645596,-0.2844813,0.9999641,0.3951055929289755,0.34627818691261375,-0.12481694,0.9999569,0.4460784939561886,0.3458314899080071,-0.13673589,0.99995494,0.41594365542137735,0.3857955064743517,-0.25099772,0.9999924,0.4388425201001084,0.37936559620745275,-0.25418743,0.9999904,0.3411253935785359,0.4798720096025641,-0.022028815,0.99997634,0.48678297032325935,0.48140904776933013,-0.06533419,0.9998691,0.3199608343850314,0.6312466092126822,0.036344986,0.99494755,0.5207579596965447,0.6279906620622724,-0.052545883,0.98072106,0.48269138474761075,0.761184159648286,-0.22565468,0.9290539,0.33208054655065145,0.7311596391606795,-0.12742749,0.9921629,0.46476572592527843,0.7672790451792741,-0.020870436,0.9990471,0.3828464433985427,0.7595248943453298,0.021158027,0.99922174,0.46847996205525577,1.020267644930297,-0.13136217,0.8318482,0.3822353931899831,1.0086887287658843,-0.10589267,0.84172714,0.3891773254662574,1.168780025308848,0.23287907,0.45599192,0.4931415440431067,1.170054293610917,0.14736205,0.44766214,0.3993048818265189,1.1812231040880474,0.25815135,0.32694435,0.50244533571429,1.1938182816891478,0.16859812,0.21287818,idle
0.4214430349726682,0.35278222391601877,-0.31007,0.9999862,0.4049785293515554,0.33008806309094596,-0.28257388,0.9999692,0.43668352733145255,0.3291052475739931,-0.28458443,0.999965,0.4040654425370981,0.33848336101599463,-0.123116,0.9999582,0.4520447901288246,0.3414933539458427,-0.13569462,0.99995613,0.40263595002184327,0.3655361983219826,-0.25069803,0.9999925,0.440983526376742,0.37845260976664485,-0.25405398,0.99999046,0.34843844694232706,0.479200990320426,-0.018953389,0.9999769,0.4893292200320163,0.48022338648816243,-0.064440265,0.9998713,0.3173634236387568,0.6254286806702622,0.03822982,0.99480796,0.524222699473055,0.6236336728995534,-0.053468324,0.9809639,0.4924206568690207,0.7551872139470831,-0.22857574,0.9310741,0.3323168031662681,0.7262039530205389,-0.1310385,0.99231833,0.46746115169036706,0.7718157977335367,-0.021777216,0.99904454,0.37826979145250583,0.7814990662524907,0.022071011,0.99921304,0.463531097185076,1.0256437427075582,-0.13506097,0.83076614,0.3903362684755529,1.0125383607061236,-0.10736519,0.8397545,0.3992012464488196,1.1589559972241243,0.23535411,0.44766068,0.4982756831435309,1.1776602802045548,0.14784649,0.44186622,0.3971798388730733,1.185562572921896,0.2586977,0.32658526,0.4918169540959223,1.1837917010439156,0.16934946,0.20789824,idle
0.4178228573731749,0.3521127350790158,-0.31623888,0.9999862,0.4059586228580838,0.33106313035486634,-0.28886423,0.9999697,0.4327220529557244,0.33349885780992944,-0.29097015,0.99996525,0.3900227892263768,0.34712261584607434,-0.12898919,0.9999588,0.44881878387787444,0.3361957857436977,-0.14240283,0.9999567,0.4171877777959815,0.3756826780626938,-0.25677618,0.99999243,0.42981819003815047,0.37893935493551817,-0.26032507,0.99999034,0.3468579702423715,0.4747809633910519,-0.023092715,0.99997705,0.4851923893395136,0.47328618805096667,-0.06863894,0.9998724,0.3208835771697053,0.6279263379395451,0.03525935,0.99461955,0.5204925387041717,0.6324988363502732,-0.05433637,0.98132694,0.4999850012614243,0.7554211721318413,-0.23158138,0.9331755,0.3453134372579665,0.7430150447709265,-0.15801147,0.99239,0.4629201049927826,0.7727937100106472,-0.021970663,0.99903864,0.3832904201428132,0.7716040682897053,0.022272494,0.99919933,0.4610185201091831,1.0161420862432644,-0.13123032,0.8284209,0.3847063047492951,0.9978385802048829,-0.1049935,0.8365631,0.39966618132475407,1.1659672358323776,0.23806429,0.4365544,0.48595342155746424,1.1769720801161014,0.14516214,0.43374678,0.39453121614173914,1.173899263829716,0.26226208,0.32277855,0.5019444825350738,1.1936165046703797,0.16554092,0.20094107,idle
0.4146594877228845,0.34044739509287353,-0.3215381,0.9999859,0.4075400008560627,0.3241225650020144,-0.29429942,0.9999696,0.4445499461668526,0.3212971716003238,-0.29676265,0.9999646,0.3902537101725909,0.34711501634338104,-0.1314177,0.99995863,0.4382683627294556,0.3406566372692958,-0.14657852,0.99995583,0.4112788675753847,0.3666352249485792,-0.26076847,0.9999922,0.42217016914185745,0.3780924136690276,-0.26475608,0.99999,0.34149887320384753,0.4856402641191958,-0.024970848,0.9999766,0.4873476058216061,0.47217173507576976,-0.069860995,0.9998709,0.31963024054618394,0.6202816910403243,0.015121566,0.994367,0.5132866998765775,0.6209492307065525,-0.05769801,0.9813354,0.4908689134235218,0.7472525003005802,-0.23327406,0.93373865,0.3398936216297185,0.7335993054769757,-0.18228297,0.99229085,0.4695165792249626,0.7802579307792299,-0.021865593,0.9990013,0.3781343726623754,0.768919242476079,0.022159975,0.9991466,0.4750816607701194,1.0168457139630906,-0.12631485,0.82717746,0.3958309484067989,1.0025495084453218,-0.1025239,0.83348745,0.3974325992708877,1.160924734195675,0.25125006,0.42893493,0.4952785714480271,1.1721152010822744,0.14520255,0.43328002,0.40631085262093003,1.1870926411843072,0.27779305,0.32195,0.4930888057738859,1.1896881518161269,0.16465335,0.19805408,idle
0.4165272467478415,0.34938446013104085,-0.32237896,0.9999856,0.4051812419419748,0.32772877288862573,-0.29526776,0.9999696,0.44075204453501693,0.34509545020035237,-0.29728562,0.9999641,0.39361402884889096,0.34356631788580244,-0.13400482,0.9999587,0.45125942386412266,0.332170865783544,-0.14772162,0.99995553,0.4071236539805748,0.3770543846551934,-0.26239654,0.999992,0.43024586309290547,0.37527931627307837,-0.26594722,0.9999897,0.3470890137542425,0.48019607037779505,-0.027700016,0.9999766,0.4960061802511355,0.47287689827747387,-0.07088838,0.9998695,0.31799769749797435,0.6236270675718687,0.015705688,0.9942377,0.5196458457779587,0.6195083367703174,-0.06052477,0.98159415,0.49295035499983486,0.7505147048050872,-0.23630187,0.93537956,0.3384654026222098,0.7372736632450712,-0.17780076,0.992367,0.46233882280402905,0.7616894513753281,-0.0220711,0.9989893,0.37513346821643145,0.7605758361618121,0.022378597,0.9991318,0.47273975455499473,1.0220225957473796,-0.12360413,0.82419586,0.392462012775041,1.007061151705167,-0.10195319,0.82910395,0.39580473197470345,1.1466670098023999,0.25036535,0.41719288,0.49867382526866777,1.1724157110573696,0.14497739,0.42631313,0.3967691015375382,1.1816657287747372,0.27657565,0.3164971,0.4959355026725485,1.1921911630279514,0.16399069,0.19169298,idle
0.41624142694717703,0.3509191826442716,-0.32432547,0.99998504,0.3996576710679789,0.3328826418089628,-0.2974152,0.9999692,0.43129386557462535,0.3222098088827532,-0.3002298,0.99996316,0.38607917906329103,0.3432132196905822,-0.135986,0.99995816,0.4592786619254886,0.3388834757326322,-0.15313002,0.9999546,0.4111981949846457,0.37319878208713025,-0.26411396,0.99999166,0.4343931783136088,0.38148522156329506,-0.26861924,0.9999892,0.3433380881688869,0.4750743091775347,-0.030759746,0.99997616,0.4876610378713333,0.4637347721622684,-0.075382456,0.9998669,0.32810940704648683,0.615957955837774,0.0064724693,0.99412763,0.5235267788993699,0.6249334205046752,-0.06395567,0.9818211,0.4952132408522696,0.749614967540817,-0.23580158,0.93668485,0.33762087494260107,0.7398646552811108,-0.19157198,0.992418,0.45420744652584144,0.7682966131483236,-0.02198593,0.9989699,0.38324071083387956,0.7663913701143356,0.02229261,0.99910986,0.4715471899437559,1.0194468514896096,-0.115770936,0.8200259,0.3950794914273399,1.0050047017163581,-0.09778605,0.8235812,0.391664363794776,1.1785096173149947,0.24101882,0.40516472,0.49066864108594654,1.183164252388542,0.14079982,0.41845453,0.3960054688645289,1.1867555749313243,0.26515388,0.30993378,0.48997722087646967,1.2001077370127284,0.15825653,0.18543303,idle
0.41930127099447434,0.3442513582505784,-0.31985492,0.9999847,0.4148945356924749,0.33041931159570526,-0.29149982,0.999969,0.43714083367899015,0.3288810248537393,-0.29447263,0.9999626,0.39368763023196685,0.3472618072837673,-0.12769221,0.9999581,0.44804478093171873,0.34149916372771216,-0.14460295,0.999954,0.4087947975372621,0.38722251772036176,-0.25918135,0.9999915,0.43674904165149353,0.38321617393337243,-0.26377505,0.9999889,0.3416009758165359,0.47990406534257535,-0.025056114,0.9999756,0.49262480806218656,0.4687796264950792,-0.06942387,0.9998629,0.31420512828864133,0.6181696682449555,0.0070598773,0.99405414,0.526602611245695,0.62426650416589,-0.061674774,0.9819623,0.47831832606709923,0.7490033851076455,-0.23656473,0.93782383,0.3426704096530675,0.7358477685600215,-0.18196079,0.99247384,0.46764662839763427,0.7695712296517494,-0.02192269,0.99895436,0.3777490929819135,0.7702323609218533,0.02222957,0.9990889,0.4776550348302502,1.0179029554994745,-0.11822502,0.81716865,0.39367363207832173,1.0046008168846627,-0.099383526,0.82069063,0.39755632998491564,1.1673475148427137,0.24776192,0.39469534,0.4998860271076526,1.171662586361917,0.14238746,0.41164926,0.39843800486605685,1.1823693180762165,0.2742433,0.30387476,0.4948718086988735,1.198201963294989,0.16065754,0.17978828,idle
0.4147988153319677,0.35117847508448063,-0.3126277,0.99998426,0.4080633011524043,0.33588605456922954,-0.28438944,0.99996865,0.4348065429741317,0.33867112601113386,-0.28654462,0.9999618,0.38397711088369657,0.34455053296016963,-0.123485625,0.9999579,0.4438930421954097,0.34167566483043277,-0.13635793,0.99995285,0.41474550878036365,0.3820006600224539,-0.2531322,0.9999913,0.4299389273350659,0.3759233246851192,-0.25666222,0.99998856,0.33889968032961526,0.48136042191059014,-0.026562884,0.9999751,0.49848512037138326,0.47290557236300235,-0.060348578,0.999859,0.31402681698723434,0.6259805679462233,0.00712787,0.99402666,0.513680027261892,0.6169295153748219,-0.050920665,0.9820419,0.4905487000238441,0.7449257398316541,-0.2302864,0.9393854,0.3448612016854409,0.7311415414279144,-0.18723704,0.9925563,0.46827353264493854,0.7766177875553629,-0.019113367,0.99892914,0.37146285234906806,0.7643847864766298,0.019438023,0.99905944,0.46996103633421726,1.0153373920043265,-0.10777142,0.8113626,0.3885654998895183,1.0022754393578144,-0.10154171,0.81522715,0.38636660956282853,1.1642410235990075,0.24779332,0.38012224,0.49672928434337027,1.1773927122646486,0.14754201,0.40293697,0.4009726320057293,1.1926241043797772,0.27436465,0.29456812,0.49708857257973293,1.201806345772076,0.16498142,0.17456178,idle
0.4205036490448144,0.35067572179288936,-0.31526244,0.9999838,0.3922484349566233,0.3266927239738681,-0.28725296,0.9999679,0.4348067712396857,0.33081760099619795,-0.28951043,0.9999606,0.38597298677766256,0.3533561923190839,-0.12630631,0.99995714,0.4608560511052556,0.3499588413195046,-0.13934503,0.99995136,0.41401117287778466,0.37442570787613283,-0.25564536,0.999991,0.4330743758660015,0.3866008284723684,-0.25926548,0.99998814,0.35588296198711933,0.4868042495854276,-0.027577171,0.99997437,0.48938784596491813,0.4728479755435584,-0.06228149,0.9998563,0.31588002394531633,0.6272950979513908,0.008919877,0.99389905,0.524559793683292,0.6184253563800147,-0.047670297,0.9821368,0.4885067768092143,0.7390150219387019,-0.22313993,0.9408616,0.33990193977170025,0.7371670597211796,-0.18308419,0.99250364,0.4665498228205833,0.768816534064807,-0.01858668,0.99890155,0.3818304859284597,0.769014100175086,0.018916529,0.9990235,0.462437702235003,1.0264433301982703,-0.10835697,0.8059462,0.3822341234621922,0.994081308169767,-0.10530968,0.809633,0.39079630694861067,1.1557715537998179,0.25417355,0.36689752,0.48639966053353434,1.1842397919070482,0.15225497,0.39728552,0.3993262176019803,1.1783957783932373,0.28252366,0.28716978,0.4844053660608405,1.195842006115958,0.1704367,0.17060289,idle
0.41118893962146474,0.3515344620648852,-0.3161165,0.9999834,0.4087611409806323,0.3340481080022768,-0.28871882,0.9999673,0.42927745275854357,0.3320373510657897,-0.2907674,0.9999597,0.3913018616408248,0.35075093626602705,-0.12686852,0.9999566,0.45218156042783053,0.3485812322213814,-0.14120996,0.99995023,0.4131385847120169,0.3784157925998627,-0.25707257,0.9999908,0.4280572437066865,0.3837622625135304,-0.26055896,0.9999879,0.34774821811492995,0.4842472749296519,-0.027174423,0.99997413,0.49502063968006105,0.4660332039573048,-0.064022236,0.99985445,0.3243593225309649,0.6317475376234051,0.012193214,0.99376655,0.5209712939789123,0.6241853296095355,-0.048377294,0.98226124,0.49131137611388287,0.7525605577653774,-0.22319312,0.94249946,0.341376951723687,0.7365593603894353,-0.18028292,0.99249846,0.4533602112183849,0.7683733277321749,-0.018587999,0.99887836,0.3814771366124766,0.7699336128704917,0.018917505,0.99899817,0.4717341460205873,1.0307546183370009,-0.11051054,0.7980458,0.39019813539446746,0.9956844160281082,-0.10728689,0.8032471,0.3859008910223053,1.165328780101483,0.2763471,0.35192892,0.49521923868494855,1.1676948278496477,0.17053728,0.38734734,0.39708118855852437,1.1767579265227734,0.30771348,0.2787639,0.4961319535938711,1.2059685125978803,0.19264862,0.16602752,idle
0.4217952661328709,0.3601433526420934,-0.31712684,0.9999832,0.4026556915430489,0.33799310658117226,-0.28977877,0.999967,0.43016977918352717,0.32540468015759816,-0.2917344,0.99995935,0.3994916358321049,0.34625982159889584,-0.12760828,0.99995637,0.45005001761871877,0.3446347054735172,-0.14208153,0.99994975,0.4081615242399119,0.37062491591091107,-0.2580046,0.9999907,0.4304352441271715,0.3696321595406987,-0.26144016,0.99998784,0.34571654003555286,0.4884532629210947,-0.027682304,0.99997354,0.4888383323947396,0.4669462078764494,-0.06437782,0.9998548,0.31776442660997173,0.6258175229248314,0.014062208,0.9934178,0.522499462391904,0.6183946121857862,-0.05136879,0.9824912,0.49550969766174013,0.7505065181514299,-0.228367,0.9439032,0.3384288180757705,0.7390752863073067,-0.17981109,0.9922775,0.4658912327706439,0.7811278951469056,-0.018530909,0.9988749,0.37390994847061476,0.7720428916528667,0.018859718,0.9989838,0.4677437973449272,1.0135232926598619,-0.11207356,0.79573935,0.3786572494142122,0.9956250563179598,-0.112841226,0.80198514,0.38458140501466964,1.1605411701629744,0.28699702,0.34259585,0.49321336402518035,1.1758204904228622,0.17586805,0.38504925,0.3926986216315078,1.1774119597443937,0.32039565,0.2755952,0.48915919951154074,1.2099261284371703,0.19894025,0.16464886,idle
0.4185464386300175,0.348867200161805,-0.31801316,0.9999833,0.402596871586575,0.33525238702074533,-0.29032952,0.9999673,0.4245288518497303,0.33555729135014056,-0.29256386,0.9999596,0.3919356248222351,0.34805626491492836,-0.12717004,0.9999569,0.4548845676185349,0.3440790854584856,-0.14256153,0.9999501,0.4072990282870097,0.3775630417476185,-0.25840357,0.99999076,0.42435566482026554,0.36694524691268676,-0.26214427,0.99998796,0.3400679947257519,0.485413757410824,-0.027969081,0.99997354,0.49229898601831634,0.47484972449662444,-0.06505262,0.9998561,0.31351739589820626,0.6354869095853024,0.01462582,0.9932344,0.5158768746107929,0.6259333723341024,-0.05010884,0.9827842,0.49367383123713593,0.742566799217216,-0.22557378,0.9455765,0.33867345548842087,0.737524769075569,-0.17900214,0.9922349,0.46790559372965335,0.77641203370996,-0.018281685,0.99887484,0.3706880154552147,0.7768124039955857,0.018606203,0.9989759,0.4669560222571778,1.0159955969617334,-0.11232801,0.791579,0.3878507932392493,1.001672861429571,-0.11363293,0.7989571,0.404018019445593,1.1625626934351605,0.28986782,0.332354,0.4947328470433927,1.1851798795872823,0.18115973,0.380773,0.4020638465803966,1.1668729716943866,0.3230745,0.2710908,0.49506425223224504,1.2011692519530013,0.20443621,0.1627424,idle
0.4180808698919819,0.3527725580477026,-0.31649932,0.99998313,0.40622693123874143,0.3251646043854582,-0.28828207,0.9999671,0.4314802459985715,0.3310041250544792,-0.29109842,0.9999593,0.3887902487587157,0.34390446267113817,-0.12497804,0.99995667,0.4486540605842587,0.34544922032852143,-0.14199883,0.9999499,0.3993669788066966,0.3697275253435,-0.25655654,0.99999076,0.43984447451906594,0.3767961734877032,-0.2609734,0.9999879,0.34396011736352883,0.47466281794163173,-0.027236452,0.9999739,0.48702236111496333,0.46781761506259995,-0.065580025,0.999858,0.3160235261938795,0.6269314546948889,0.015384773,0.99307543,0.5176021483426886,0.6186982933972378,-0.048445035,0.9831438,0.49625656452484246,0.7491589108583442,-0.21897343,0.94709826,0.3444919648581505,0.7258459648856737,-0.18085186,0.9922595,0.46945043771923245,0.7754910252301777,-0.018316394,0.998883,0.3763758030888591,0.770421011784198,0.018638685,0.9989819,0.4739656043425392,1.0234301052535668,-0.1132798,0.7840749,0.3941769540949933,1.000179316696774,-0.11250373,0.7917149,0.3968618115353858,1.1467544207104434,0.28569248,0.31943765,0.4930958842077239,1.1811967338390679,0.18227488,0.3703601,0.40321114385595913,1.176512839107171,0.31771046,0.26341116,0.4950922221369497,1.193806270488934,0.20580979,0.15843159,idle
0.41567564067132545,0.350485429423027,-0.3161725,0.99998295,0.39954566869857056,0.3235953148536728,-0.28748447,0.9999671,0.4386903324162159,0.33918595088846726,-0.29056895,0.9999592,0.3941645447277291,0.3400133130556074,-0.12336023,0.9999567,0.4493327127412021,0.3381000384408371,-0.14129902,0.9999501,0.40484119050089906,0.3761515289117884,-0.25591642,0.99999076,0.4289102608025943,0.3779207859637874,-0.2606383,0.9999879,0.3437800848634316,0.48189708625746697,-0.0269901,0.99997425,0.4920495984583747,0.4591689238166044,-0.06563589,0.9998595,0.328972232197171,0.629593888460625,0.014909473,0.9929556,0.5216844005145094,0.6155326656784734,-0.053651176,0.9835819,0.4960366106091513,0.7438638490321571,-0.22663204,0.9488643,0.3489665211919063,0.735883492581482,-0.18628928,0.99233305,0.46772706035400724,0.7755979358775987,-0.018736308,0.9989036,0.38434412306721966,0.7722146987387639,0.019051274,0.99900156,0.4702982195676767,1.0153261591895286,-0.11232895,0.7756226,0.39240330844128646,1.009030356726808,-0.10879195,0.78332365,0.3902196262032658,1.1573934378241275,0.297391,0.30569342,0.493070177067216,1.1816830618738576,0.19131038,0.35889462,0.39645443388215884,1.171010834075668,0.3302164,0.25468093,0.5004159690890904,1.1873634857979696,0.21559456,0.15321606,idle
0.4058236774730698,0.350753400594243,-0.31976134,0.9999826,0.4058331889058251,0.3273024585630553,-0.29074305,0.99996656,0.4312593671871604,0.3261555372708123,-0.29466587,0.99995816,0.40890294894635393,0.3431883095998242,-0.12684795,0.9999561,0.4440097576751205,0.350982166512857,-0.14869715,0.99994916,0.4136676004219886,0.3670054900067302,-0.2596969,0.99999064,0.4284351258367133,0.3728417443683137,-0.2655483,0.99998766,0.33779649670011336,0.4833964635300834,-0.033512056,0.9999748,0.49139021112938464,0.46095228550434264,-0.07233329,0.9998583,0.3280582485150567,0.6299725810495694,0.01456622,0.9930363,0.5205393446605646,0.6241586630124032,-0.053967934,0.9839659,0.4966784416857569,0.7501247533397071,-0.22168037,0.95030224,0.33918807417625085,0.7358649338766036,-0.18567109,0.99252963,0.45761113954019206,0.77370649404853,-0.01863939,0.99890363,0.3819157047420534,0.7727995312753987,0.018953381,0.99901193,0.4638374859395604,1.0213150412133598,-0.10034193,0.765235,0.4018969237825205,1.0088014620543984,-0.10084385,0.7738295,0.38583240166634614,1.1478796992646028,0.29065564,0.29285303,0.49035039183809437,1.1794585188493651,0.19011615,0.34677485,0.38714464627200396,1.1773354820354682,0.32258713,0.24490952,0.4926403382239498,1.2022714380403445,0.21266961,0.147991,idle
0.4147054166787201,0.3534126250828225,-0.32093796,0.9999822,0.40265181707116726,0.33507906455500686,-0.2919845,0.99996597,0.43174643713773575,0.3318991256240743,-0.2960691,0.99995714,0.3875873348438962,0.3523076661298627,-0.1286133,0.9999553,0.4450237519272603,0.3440582214305339,-0.15086462,0.9999483,0.4033930704161621,0.38032631897964064,-0.26105556,0.9999905,0.4292256556126486,0.3836672365289589,-0.26708448,0.9999874,0.34267855266582026,0.4804853981890576,-0.037042122,0.99997497,0.4947256422691181,0.46857771216000693,-0.07496585,0.9998588,0.3178176087788033,0.6283883508961984,0.004538766,0.99299866,0.5100388387957746,0.6239104039769534,-0.060393292,0.9843657,0.495385107694001,0.7542921980705615,-0.22986612,0.9518285,0.3402926360661632,0.7425770311550288,-0.20068738,0.99262166,0.4597425138113581,0.7733660121671934,-0.018361036,0.9989071,0.37943874461777094,0.7803446129409094,0.01867212,0.99901587,0.46780797334822577,1.0207368246428423,-0.09694062,0.75886005,0.39381898140587535,1.0030963235385908,-0.09853505,0.7680372,0.3947234315338377,1.1572716361714108,0.28727573,0.28325567,0.4869221941381604,1.1729933573929787,0.1898411,0.33865878,0.3829316943581492,1.1657678713397688,0.31840187,0.23737764,0.49500016300518246,1.2011273658371666,0.21180122,0.14439651,idle
0.4217402847516122,0.3432096687018977,-0.30642983,0.9999822,0.40751884536205474,0.3230804128804289,-0.2777469,0.99996614,0.4339930659731729,0.32747266508370465,-0.28170493,0.99995744,0.3968286214799067,0.3473107717062707,-0.11778724,0.99995536,0.4526185411911856,0.34168212947290816,-0.13962671,0.9999492,0.4038229861399395,0.3711347311269771,-0.24793167,0.9999906,0.43145730215856204,0.37612979573115374,-0.2538603,0.9999875,0.3497382604152799,0.4679549043611045,-0.02865029,0.9999752,0.49223453884792756,0.4605272362499685,-0.072284386,0.9998615,0.321923303730243,0.6264809213152627,0.0056651784,0.99292845,0.5153154393769934,0.6207886811135065,-0.06482373,0.9847432,0.5082932265421721,0.7516143442097267,-0.23967984,0.95319736,0.3409866406002774,0.7400442637525206,-0.19577804,0.9927021,0.45846340682660347,0.7858993565609274,-0.01886161,0.99892515,0.37198798212923023,0.7671951281107253,0.019169454,0.9990323,0.45857992152096505,1.0186286011486942,-0.098973334,0.75528634,0.389106164579602,0.9975839908983567,-0.09269888,0.7646711,0.38600222608063695,1.1539503247021523,0.27734432,0.2762282,0.48311713436911763,1.1793781680841902,0.18523899,0.32988322,0.39448578008297885,1.1830118236379925,0.30498105,0.23096575,0.49607419766741623,1.1801315293329215,0.20613697,0.14015785,idle
0.4230042561576154,0.3483584038176078,-0.30690017,0.9999819,0.4031038527970342,0.33112586096366026,-0.27942464,0.9999656,0.4285116641260299,0.33169236267659047,-0.28381222,0.9999568,0.3918452715820403,0.3380306109986484,-0.12399896,0.99995446,0.4534258000892314,0.3386363074736876,-0.14656647,0.999949,0.4110300324144781,0.37452577155390715,-0.25044018,0.9999904,0.42627242377408325,0.3693303809941244,-0.25681052,0.9999873,0.3445046645824835,0.4796485458039198,-0.03677794,0.9999751,0.4911593460466067,0.46072720370759507,-0.077803455,0.9998628,0.33066901735276955,0.6341702542282818,9.3594754e-05,0.9929111,0.5210722238339931,0.6274394103382255,-0.073781446,0.98515135,0.5107415187553177,0.7509627490354027,-0.24718206,0.9546581,0.3495249332314476,0.7524390011964632,-0.19882657,0.9927976,0.4678310906696911,0.7723441019913857,-0.018862162,0.9989311,0.36682867829210175,0.7724704396715493,0.019169947,0.9990318,0.45926244010492445,1.0126456670370574,-0.09204757,0.75149626,0.3881766078719887,0.9962508405631827,-0.08577874,0.7606678,0.38744772318084997,1.1632219829193822,0.27500445,0.26941174,0.4829900978296495,1.1794481501621883,0.18063743,0.32418597,0.398215057254396,1.1752113793024586,0.30177096,0.22508395,0.5027842409198962,1.1957207086142976,0.19934836,0.1364955,idle
0.4124438887696158,0.33619091719127636,-0.3317166,0.99998146,0.39497250990856314,0.3198480394105816,-0.30453855,0.9999648,0.43271710092669524,0.33088756364204913,-0.30817628,0.9999562,0.386358631837312,0.3458030613861877,-0.14538531,0.9999532,0.4438108103646231,0.3340233316148563,-0.1655255,0.9999488,0.40463408230417697,0.37576361277513115,-0.2730569,0.9999902,0.43267721491760847,0.37455892715228034,-0.27861983,0.99998724,0.3566572091521756,0.4832661649572053,-0.049620397,0.99997467,0.4898116574373569,0.4634833736692936,-0.09008004,0.9998644,0.32731667751740334,0.6315771877649243,-0.00082602707,0.9929151,0.5152793159651993,0.6286151691797002,-0.08466847,0.98546976,0.5121231020296932,0.7519106200785061,-0.26127318,0.9558587,0.3418964094616096,0.753204658457577,-0.19640332,0.99284494,0.4554299227963644,0.7692085407137926,-0.01882366,0.99892473,0.3783368177256088,0.7759333549617669,0.01912963,0.99901825,0.46230609049776206,1.012987137357094,-0.093427196,0.7496136,0.3880500826061506,0.9936824300050787,-0.083013676,0.75932336,0.39330566610944906,1.1683670100359256,0.27627662,0.26504296,0.4899422366129169,1.1696631245731637,0.18145601,0.31852892,0.3911665131132137,1.184412979116856,0.30303952,0.22105782,0.485046291829635,1.1903217203790766,0.20106447,0.13352562,idle
0.42072270887246277,0.34130929433967366,-0.3270451,0.9999813,0.3997805048948182,0.3357761603600131,-0.30053407,0.99996454,0.4318751417842728,0.3274446414121863,-0.303971,0.99995625,0.3920146460155184,0.34562143213387,-0.14508218,0.99995255,0.4338388844654504,0.3349447689333414,-0.16482691,0.99994963,0.398944227885463,0.3660775013203289,-0.2694728,0.99999017,0.430842340779686,0.38293767502562304,-0.2747284,0.9999873,0.3443482387733773,0.48319509139436795,-0.048485104,0.9999746,0.5010758227793722,0.4614620319123718,-0.087379344,0.99986714,0.3154188047086459,0.6263064532402662,0.0095636705,0.992925,0.51806033561681,0.6184288965353026,-0.08335926,0.9859221,0.505939092644849,0.7582757702416877,-0.2592691,0.9572321,0.3407398862436397,0.7427090857554186,-0.16937613,0.99292773,0.4728527160515541,0.7689324949905196,-0.019396197,0.99894863,0.3761041992949169,0.7733057701012096,0.019692896,0.99904007,0.47212678489868265,1.0037207619837982,-0.09981839,0.7489647,0.3931374936051675,0.9896827752483371,-0.083068475,0.7586749,0.39150344357008504,1.1548724406742688,0.2627213,0.2607938,0.48693561550327236,1.180356088412537,0.17471516,0.3080238,0.38708230306615066,1.1872074002680428,0.28804582,0.21586533,0.5008864849700179,1.1863143114773331,0.19528744,0.12835354,idle
0.40762016355032427,0.3420148303726897,-0.30817977,0.99998105,0.4050809325715642,0.32637020537771744,-0.2809873,0.99996406,0.4222487038368514,0.3228596120234784,-0.2851507,0.99995625,0.39482900177645563,0.34501452435149504,-0.12358403,0.9999514,0.44098233160121714,0.3386836940212974,-0.14643048,0.99995065,0.40102350715067236,0.36658564009292643,-0.24970214,0.99999005,0.42944459814822444,0.380440201830589,-0.25587845,0.9999873,0.3472985923183155,0.47062120324088197,-0.02697975,0.99997413,0.49120130771938053,0.457871438785602,-0.082984775,0.99987066,0.31210277216149884,0.6246400953262488,0.02519848,0.9926455,0.5134476959984584,0.6293922299047586,-0.08477175,0.9862682,0.5029608242812149,0.7518527181658754,-0.2708753,0.9584955,0.3386529958148137,0.7524125326276431,-0.15782167,0.9927558,0.47694651480989614,0.7660456146611033,-0.020411208,0.99896353,0.37664240205362665,0.7764207727190564,0.020698074,0.9990535,0.47261186242257947,1.0026513269223922,-0.10954273,0.74808335,0.39473556450951464,0.9868231221306014,-0.084426835,0.75910455,0.38544621032583815,1.1739000975656786,0.24672544,0.25855684,0.4899656499215187,1.180836361250619,0.1619102,0.29877457,0.3895761520432742,1.1987822319586376,0.27116895,0.21222651,0.4950148794497059,1.1976120782498207,0.18248574,0.12351759,idle
0.4077989635217205,0.34686178978789295,-0.3126152,0.99998045,0.40911009807969934,0.31686480025818625,-0.28482312,0.9999629,0.43662886789018984,0.3243937430642495,-0.2898845,0.9999555,0.3875996883711621,0.3407873644714303,-0.12479116,0.9999495,0.4474525394782918,0.3379479614668242,-0.1503663,0.9999506,0.40354188057495965,0.375181853911911,-0.25293916,0.99998975,0.4245564520237647,0.36682249394815697,-0.26028308,0.99998707,0.33964131275258236,0.48026241743609605,-0.027747396,0.99997324,0.4997644789665475,0.4665723714377854,-0.08643704,0.99987125,0.3206010669681397,0.6325926116817074,0.027213145,0.9924646,0.5251741516571503,0.6251809353153238,-0.08952521,0.98663175,0.5077686204668066,0.743783063003464,-0.27010435,0.95951694,0.3401535743449371,0.7401319907850928,-0.15075392,0.9926312,0.45870956811230457,0.7712184766439352,-0.020669246,0.9989684,0.38271404481625115,0.7653445298014169,0.02095281,0.9990608,0.47668648131357105,1.0083010993555117,-0.11072259,0.74556494,0.3966831092011692,0.9978414485787596,-0.085522816,0.7583806,0.39793137313234495,1.1850782697476598,0.2525051,0.25573364,0.49425033575685096,1.1744920334708653,0.16237745,0.29071194,0.3845998528139958,1.1929007634440452,0.27843165,0.20924447,0.4921290471385955,1.1988026030714294,0.18318015,0.11972709,idle
0.41872319428023275,0.34743724294374956,-0.31393936,0.9999801,0.3909876212047786,0.33946234896261573,-0.28589487,0.99996215,0.43187823996726615,0.3240859030459285,-0.29135776,0.99995506,0.3930174248776962,0.34110710326145144,-0.12508884,0.9999481,0.45221578811318963,0.32632033842250513,-0.15118885,0.9999508,0.4065899116721683,0.36651659574399836,-0.25356278,0.9999895,0.4320225907213038,0.3725948225844339,-0.26147702,0.99998695,0.3400843340411124,0.4662692419911594,-0.027894001,0.99997264,0.49013348989550265,0.4555809604639475,-0.08630964,0.9998724,0.31529854875782704,0.628957040057284,0.029303622,0.9923356,0.5225318088254085,0.6189621358517345,-0.089081384,0.98698425,0.5090525171674893,0.7404158158125594,-0.26944354,0.9605578,0.3383979588317507,0.7487303486464142,-0.14861163,0.9925598,0.4611552095923793,0.7670206989654993,-0.020758294,0.9989724,0.38214063223769,0.7746192354202996,0.021039497,0.9990678,0.46881298603478494,1.0147781984813677,-0.11155512,0.74371296,0.3864326437785226,1.0013179684619542,-0.08611193,0.7584397,0.3903643586304353,1.1794790914122328,0.2541598,0.25390685,0.49671112806826867,1.1781166427321255,0.1638275,0.28353304,0.4049274112213056,1.1955926239483914,0.28034836,0.20674288,0.49550846975784824,1.1995877681861862,0.1844358,0.1163918,idle
0.4165614304390818,0.3437018131625989,-0.31125683,0.9999799,0.39907258713715954,0.32862492418133016,-0.28263327,0.99996173,0.43646363631609597,0.32413003542605673,-0.2876601,0.9999549,0.38718168222194616,0.34355597903540147,-0.12167009,0.9999473,0.4527029850292619,0.3339129559062537,-0.147223,0.99995095,0.3970800042395095,0.36636639457289255,-0.25148514,0.9999894,0.43206664829266483,0.3646331467001681,-0.258883,0.9999868,0.34344444487006964,0.4731043294030698,-0.027214486,0.99997234,0.49315120387269396,0.4670816790011894,-0.08441008,0.9998722,0.3194075163515556,0.6385690191072743,0.029472362,0.99234873,0.520067516810835,0.6146556592493203,-0.08680288,0.98717445,0.5145882428307855,0.7438325973729961,-0.2659722,0.9612858,0.3453038963844599,0.7601763278187303,-0.14703968,0.9926084,0.4649232447696,0.7664344486111817,-0.020499872,0.99897605,0.37062626058050574,0.7694963418206152,0.02077033,0.99907935,0.4695503763296146,1.0200454664711474,-0.112976685,0.7393147,0.40343555967139033,1.0038381167165242,-0.09405771,0.7570249,0.38723848031502994,1.181852907760676,0.25057706,0.25047958,0.4971646277465104,1.177351212425218,0.16442159,0.2750788,0.3986422141143493,1.194503126611608,0.27699834,0.20333536,0.48704174278214396,1.199908148888118,0.18473575,0.11308519,idle
0.42105507989047564,0.35252024462122644,-0.3068614,0.9999799,0.39643050985477,0.3233445029059655,-0.27824065,0.9999617,0.436807214020849,0.32363438217407037,-0.28307799,0.9999551,0.39262380124054175,0.3382012573187207,-0.1176095,0.9999468,0.44589184848136176,0.34250179873450953,-0.14287356,0.99995166,0.4099715458616523,0.36899197051121496,-0.24740978,0.9999894,0.4196808360241826,0.36560984563541093,-0.25454837,0.9999869,0.3509853031139848,0.4829034570918971,-0.022317072,0.9999721,0.4870553964416573,0.4548689831489242,-0.08298127,0.999874,0.3122333227071631,0.6325058335555598,0.033654537,0.99233735,0.5258844471444191,0.6223751201030839,-0.085617654,0.9874519,0.506169628783699,0.7500340283257853,-0.2648191,0.96239483,0.3436345560943619,0.7583288343253065,-0.14367588,0.9926654,0.4573371052075862,0.7662724937486465,-0.020988066,0.998992,0.3791619178666129,0.7848916457753276,0.021243166,0.99909985,0.4728470665107041,1.0117326315843034,-0.11687807,0.7389403,0.38799738534149997,1.0037740009072065,-0.09567883,0.7583226,0.38954355993630385,1.1867577355030436,0.24311145,0.25063136,0.4903189467374083,1.1773958115456,0.160987,0.2698371,0.3969927479728894,1.2078511909066811,0.26839033,0.20167905,0.5011289805872068,1.199700847146758,0.18185374,0.11034178,idle
0.4126730317401359,0.3420324545751516,-0.30127352,0.99997956,0.40767816457861605,0.3254181869910593,-0.27265412,0.9999608,0.4247086124949754,0.32841909816564174,-0.27734092,0.9999546,0.3889160947695047,0.3355089134296797,-0.11231121,0.9999448,0.4542277531364449,0.3365798378980349,-0.13703021,0.9999514,0.39301714811443056,0.370842386335286,-0.24202485,0.9999891,0.43804665808818266,0.35606065405250026,-0.24893574,0.9999867,0.3537536880981651,0.46984889520363543,-0.016400408,0.9999716,0.4881682530495084,0.462999804258656,-0.07864887,0.99987537,0.3310843822783953,0.6280153295629667,0.039779045,0.9922911,0.5355298584029003,0.6205764204389386,-0.08133898,0.98768437,0.5075640731757743,0.7499166549547452,-0.25600713,0.9633005,0.3377896483417667,0.7567278341463569,-0.1382188,0.9926627,0.456149783844481,0.7706942352078693,-0.02176254,0.99900067,0.3813377877064781,0.7717080783482005,0.022001324,0.99911124,0.4636894768741703,1.0194365530112748,-0.122613594,0.7363499,0.3901927240913311,0.9968123388365794,-0.09720729,0.7567984,0.39471969155158926,1.1860839005553465,0.23918934,0.24863276,0.48596408152567905,1.1825164232617136,0.15485303,0.26398316,0.39814163441328965,1.209822818229625,0.26432174,0.19925542,0.49073679275381665,1.2057058201960718,0.1759614,0.107458055,idle
0.41747083496889215,0.3326061840203033,-0.30226362,0.99997944,0.3955154178873619,0.32670851188357986,-0.2731991,0.99996036,0.4251939750951451,0.32658000424730027,-0.2781332,0.99995446,0.39529306652967644,0.3368888402898842,-0.11262564,0.9999436,0.43463774523601706,0.33064339094662365,-0.1381163,0.99995154,0.4058275968941347,0.3721262464783138,-0.24288602,0.99998903,0.4129845387212947,0.3800589061290213,-0.25014788,0.9999867,0.3394601818030559,0.48700973684872517,-0.017905582,0.9999714,0.4884197703838765,0.4677103256525353,-0.07961681,0.99987656,0.31256881017942295,0.6281296768498326,0.037432056,0.99231213,0.5209366855789686,0.6186823218500318,-0.08041289,0.9879127,0.5109854395115304,0.7571411894397739,-0.24832515,0.964084,0.34400347134498976,0.7609504855858754,-0.14162908,0.992705,0.4615626340929059,0.7709210865866554,-0.022238798,0.9990092,0.38668927006491993,0.7571203786823019,0.022469,0.99912244,0.47985407891655474,1.0099300722203473,-0.12353822,0.73282737,0.389811178255694,1.0086259773132176,-0.09723058,0.75382644,0.38588208393595347,1.1834253868240965,0.2425488,0.2454196,0.493518435430061,1.1959296686859997,0.15640682,0.25808463,0.39690964651245697,1.2009685158725487,0.26818168,0.19633862,0.5008691254983018,1.19821553190848,0.17776696,0.104701236,idle
0.40510750985522404,0.3468989535006633,-0.3140145,0.99997956,0.40413543802453167,0.31711621324551365,-0.28482178,0.9999606,0.43691801655773665,0.3297167179405271,-0.28960496,0.9999549,0.38675568822432416,0.3406990695620956,-0.122843646,0.9999438,0.45344322152777417,0.33443633209188195,-0.14815225,0.99995214,0.3990727015601878,0.3671651156573637,-0.25435808,0.99998915,0.4249501702842968,0.3657147041235845,-0.2614411,0.9999869,0.3388246318553316,0.4817064504595092,-0.025403729,0.99997157,0.48766793948681486,0.46110384711345603,-0.08564513,0.9998776,0.3140120931647088,0.6328828701214321,0.035771977,0.99242866,0.5277877283141179,0.6249863021083134,-0.08400026,0.98819786,0.5092113540982218,0.7450876382590667,-0.25203884,0.96515626,0.33945654714809803,0.7586029179483709,-0.14413615,0.99287164,0.4672200750155534,0.7686181429054301,-0.022265974,0.99902254,0.3806486983151517,0.7724437416825485,0.022497352,0.9991373,0.47129654678944866,1.0187650019360024,-0.12277088,0.72787875,0.39540104346190885,1.002283304678893,-0.09559218,0.7498221,0.396587123896715,1.1845616700955484,0.25824806,0.24000017,0.4968468375758749,1.185867217192263,0.16683534,0.25169554,0.39975316776085357,1.2025869297680747,0.28571817,0.1925063,0.49507494134404184,1.2054314384819733,0.18940249,0.10202874,idle
0.41849622382678875,0.3445020273447832,-0.30877727,0.9999796,0.3968458178059713,0.3236984636047846,-0.27968115,0.99996066,0.4268612606430576,0.3226452246914221,-0.28431505,0.999955,0.38610654812648093,0.3384914873249122,-0.11847125,0.9999438,0.44986266948646814,0.33552795595428153,-0.14318064,0.99995255,0.3954051049103118,0.37100968355464103,-0.2494191,0.9999892,0.41989171370391987,0.36670985833900677,-0.25632888,0.99998695,0.3353832707342784,0.47061920908025473,-0.022897214,0.9999718,0.48530973271374667,0.4645598554586243,-0.08178007,0.9998781,0.320296990630511,0.6248577541671312,0.036116816,0.9925094,0.5224514957972486,0.6159668961350172,-0.080066666,0.9883448,0.5064727829786068,0.7444963842644533,-0.24803904,0.965836,0.33738692126015857,0.7588611194153202,-0.14256129,0.9929886,0.4614268933201692,0.7647709843397366,-0.022303682,0.99903667,0.3823767069172568,0.7707886985102904,0.022532722,0.99915767,0.47285829099283727,1.016588457632287,-0.12340021,0.72273,0.3975899487890959,1.0012064750965888,-0.09874966,0.7456048,0.3923465975266913,1.1862376792695761,0.24871238,0.23472905,0.490499105159806,1.1839399000388444,0.16391923,0.24417879,0.3928243498122235,1.2161478238289913,0.27518582,0.18817851,0.5014271652040786,1.2082838150042976,0.18632278,0.09888265,idle
0.4097777865091937,0.34757997039867666,-0.309043,0.99997985,0.3924609717545723,0.3226183119005768,-0.28003758,0.99996114,0.42879338958403446,0.32485465743028646,-0.28459907,0.9999556,0.38758738114910485,0.33728439519366626,-0.11875163,0.99994427,0.44533990494022835,0.3391337941900266,-0.14326188,0.9999533,0.4073377656257683,0.3651496320299239,-0.249668,0.99998933,0.4273192144582382,0.36477676652227503,-0.25649968,0.9999871,0.34650651142220146,0.4730711712500594,-0.02261951,0.9999723,0.49088557798224364,0.461434737343181,-0.08171121,0.9998795,0.3171934941833947,0.623890271394148,0.03792226,0.99261075,0.5235487687596794,0.6161371725910638,-0.07913588,0.98851806,0.5051786333996057,0.7476379390620393,-0.24668999,0.9665998,0.34424649587118683,0.7468015247982613,-0.13869457,0.9931471,0.462985735169957,0.7717397224832027,-0.0223991,0.9990477,0.3843613485670164,0.7666326745423002,0.022628104,0.99917287,0.47505664220268284,1.0217943196867483,-0.12274553,0.7193743,0.4018253602904993,1.0011069739060194,-0.09792517,0.74291444,0.3837283727228211,1.1853982393252227,0.24980983,0.23110557,0.48848121606608363,1.1871303374955562,0.16408554,0.23882551,0.3994108104655065,1.2143402669936092,0.27638644,0.18570472,0.5006098257638394,1.2000884036540647,0.18664125,0.096635066,idle
0.4230731733878006,0.34078035297569104,-0.30904943,0.99998045,0.40500185977944037,0.3341494357206609,-0.280106,0.9999623,0.4221741135076972,0.3206823925958533,-0.28455693,0.99995685,0.3911077142256526,0.33182355835508376,-0.11873611,0.99994594,0.43855290751738596,0.33251567789505504,-0.14273244,0.99995476,0.40154907778609417,0.3671778485737553,-0.24961643,0.9999897,0.42915511845972154,0.3654960014849402,-0.25631765,0.9999875,0.3429664384709714,0.4712230017043366,-0.022575388,0.99997306,0.48890473662324707,0.46110540482015244,-0.079940006,0.9998813,0.3219495169162031,0.6359921411815541,0.03960032,0.99278337,0.5294961925648553,0.6098048240267047,-0.07683584,0.98866606,0.5092819763083491,0.7544626902800272,-0.24661851,0.96728057,0.33537228307973144,0.7604338792919592,-0.133843,0.9933534,0.45533344218098826,0.7634957343006944,-0.022341194,0.9990682,0.37766420660000477,0.7791228179190742,0.022569006,0.99919724,0.4663779757085049,1.0245499892174477,-0.12232075,0.71960646,0.3963319760625603,1.005785918498006,-0.0968634,0.7436452,0.3907538014632703,1.1867686135619047,0.25536644,0.23004101,0.5005462243410423,1.1952067082840752,0.17008853,0.23537835,0.39626857451623143,1.2060516014467662,0.28269657,0.18518142,0.5037846318331043,1.1991718095491934,0.19355574,0.095303655,idle
0.41720119978095527,0.33810366783445633,-0.3084637,0.99998087,0.4007816677950977,0.3139580684442412,-0.27957004,0.99996305,0.42825384719906623,0.32775935619988994,-0.28379375,0.9999578,0.39006845896669395,0.34443033324472283,-0.11769287,0.99994713,0.4410410962598761,0.32908534323373556,-0.14049031,0.9999559,0.41109062041729605,0.37113881139338983,-0.24875215,0.99998987,0.4179883899121908,0.36493146802646376,-0.25515586,0.9999877,0.34127755569615414,0.4775532039227109,-0.021155167,0.99997336,0.4957376180772288,0.4599127363695566,-0.074117795,0.9998823,0.322038349279988,0.6342382584115767,0.04350681,0.99284214,0.5186931131715505,0.6227935775812795,-0.07005671,0.98866314,0.511360560724049,0.7401445350825663,-0.24570617,0.9676634,0.3319254960424408,0.7438213372047753,-0.1298691,0.9934375,0.4676061317409429,0.7760914149397063,-0.021910368,0.99907076,0.37588570171531965,0.7676303761710771,0.022138093,0.9992053,0.46109319772408697,1.017249886174027,-0.1219568,0.71909124,0.39779467437616933,1.0010458589698832,-0.09784427,0.7447539,0.3837053011755488,1.1741086755399435,0.2560709,0.22949646,0.4954448289150346,1.1803587141247451,0.17244098,0.23214905,0.3979726201398811,1.2027165673973688,0.2836248,0.18493408,0.494015923004807,1.1990502128477567,0.19620633,0.09435733,idle
0.41424010926939525,0.33918759672946786,-0.3085801,0.9999813,0.3896540183324133,0.33475419725511313,-0.27970567,0.9999639,0.43120844318479656,0.32340037596549776,-0.28390557,0.99995875,0.3872309967204489,0.3421489084126123,-0.11753428,0.99994844,0.4376985915610917,0.3215170534331578,-0.14007306,0.999957,0.4002379142447595,0.36079099412637605,-0.2487854,0.99999005,0.41993212954393466,0.3677459742715723,-0.25513294,0.99998796,0.33838826432838987,0.4790374906399751,-0.020636594,0.9999739,0.4929798002810909,0.46255155765476913,-0.07195203,0.9998836,0.317493940397477,0.6270295089020961,0.044567846,0.99290943,0.5086726875352514,0.6203987231903678,-0.068090595,0.9887209,0.5095866859454401,0.7515541555539168,-0.24596986,0.96804816,0.3341026869153578,0.7562895837821311,-0.12984493,0.9935454,0.4690611428887824,0.7650620245883577,-0.021568887,0.9990745,0.3700087735631934,0.7726883319262268,0.021803603,0.9992125,0.47348050758094107,1.0206256842484758,-0.120379984,0.71884257,0.390332896136404,0.9990979481413347,-0.09780604,0.74603933,0.394758655463916,1.1887390925019232,0.2572982,0.22904088,0.48970691419824663,1.1872251912816199,0.17384228,0.22974673,0.39434368019154653,1.2008743848786356,0.2849006,0.18456618,0.49025713431859197,1.1984493548717028,0.19732016,0.09362218,idle
0.4225059412402624,0.3396561636225918,-0.30329788,0.9999816,0.4055758509897738,0.3324250515240409,-0.27469623,0.9999645,0.42948990718111524,0.324807444734983,-0.27810875,0.9999595,0.3836152515572163,0.3400080396237454,-0.11280259,0.9999493,0.44199838221461785,0.3370607050099795,-0.13204025,0.9999579,0.3986551066638939,0.37350670917599077,-0.24348441,0.9999901,0.42502335419487214,0.3649647412554399,-0.24882002,0.9999881,0.3476818460984886,0.47161553093613706,-0.014182393,0.999974,0.49254881941733375,0.4585140672131335,-0.06423956,0.99988496,0.31637023605177206,0.6247613586959188,0.05025541,0.9928664,0.5176025156808706,0.6190706085899035,-0.06469768,0.98871875,0.5075204423645536,0.751414709458269,-0.24670514,0.96822697,0.3392779745381629,0.7467757875020133,-0.12467654,0.9935566,0.463387568181458,0.7698459823296724,-0.021716673,0.99907964,0.3734946088651543,0.7767157294321891,0.021958586,0.9992128,0.4678410388275702,1.0065386422573892,-0.12185103,0.72159344,0.39372038209933247,1.0153492724153927,-0.09774116,0.7479866,0.38687593516827135,1.1775650382102796,0.25727883,0.23030263,0.4898377641195555,1.180838026250696,0.16769943,0.23102857,0.40080003335164127,1.1946465256431051,0.28484637,0.18628858,0.48730679016863043,1.2026125607546307,0.19053078,0.09366689,idle
0.4162687108677178,0.34622113547523914,-0.301373,0.9999817,0.3957662710330436,0.32371942703380857,-0.27302137,0.99996465,0.4330757439558819,0.3154385695809984,-0.27639222,0.9999599,0.39035104302977375,0.33408160453489677,-0.111061834,0.9999496,0.4407090891781543,0.33235897778545076,-0.13013008,0.9999584,0.4050667625470117,0.3698469374425332,-0.24132796,0.99999005,0.4304406664030125,0.36228645275744475,-0.24655059,0.9999881,0.34748977993864416,0.4810631403685233,-0.010406193,0.99997425,0.49333196844984495,0.4595480555238962,-0.06251553,0.99988586,0.3024197375920541,0.6348464942012197,0.056927353,0.9928699,0.5240859807734739,0.626429046607133,-0.057872087,0.98870105,0.5068616664605541,0.7408929968687084,-0.23695755,0.9682433,0.3393630508932982,0.7355452822557967,-0.11713202,0.99360156,0.46990082948622613,0.7677055330685815,-0.022426108,0.99907124,0.38076267674193554,0.7704839404560283,0.022681687,0.99920416,0.4782666977062374,1.015936710670082,-0.12411375,0.7240544,0.3918283496770625,0.9986821225537194,-0.09739786,0.74892855,0.3956752690756109,1.186276529239061,0.2574153,0.23123898,0.4931463277580711,1.170644176351689,0.16155568,0.23277657,0.3934347003330231,1.2001072309548544,0.28496796,0.18784684,0.499776066366871,1.204797448731808,0.1838672,0.09375115,idle
0.4206807096433831,0.3420863885087287,-0.30146807,0.9999812,0.3982876858895915,0.3354969136519353,-0.27333656,0.9999639,0.42584978545174834,0.32073192189675,-0.27674237,0.9999588,0.38540130868785916,0.3434750596554985,-0.11127509,0.99994844,0.44428466927348,0.32783194991251163,-0.13028678,0.9999571,0.404306344145823,0.3671874230253308,-0.2416542,0.99998975,0.4241908067698288,0.3620597349658311,-0.24691752,0.9999877,0.343333839185718,0.4710462270917664,-0.011650922,0.99997425,0.4884237816457059,0.457674880838619,-0.06370749,0.9998847,0.31506242613679114,0.6247416912846644,0.05410366,0.99282646,0.5201152901101631,0.6210995722074827,-0.05597665,0.9885539,0.5056981795899077,0.7438200573118616,-0.23338005,0.9679576,0.3286936974431277,0.7377332085791786,-0.1224736,0.9936174,0.4606897452084161,0.7738092830050488,-0.022619015,0.9990462,0.3764929787054223,0.7686132439338628,0.022887822,0.99917585,0.47033430543972443,1.0218773511178036,-0.12383892,0.7245796,0.393726477815318,1.005917836276935,-0.09615281,0.74883705,0.38237404583869294,1.1668776874729863,0.25922507,0.23024474,0.49685508413213586,1.1807993561907575,0.1585495,0.23428659,0.40469407172815053,1.1874681610656754,0.28686798,0.18808694,0.4975189009850154,1.1912306844032672,0.17996794,0.0936783,idle
0.4100088106430456,0.33774730501225464,-0.29751235,0.99998134,0.40290552882514485,0.317807631771466,-0.2695791,0.9999641,0.43686690604221845,0.3207779348958464,-0.27252188,0.9999592,0.3886539147701302,0.33266734925352087,-0.107817195,0.9999486,0.4443284934628625,0.32680348336516246,-0.12502651,0.99995726,0.40438847046054227,0.3718044215492529,-0.2374394,0.9999897,0.42542116939471153,0.3644511694767783,-0.24212757,0.9999877,0.34883238872798616,0.47079241593359394,-0.006298809,0.9999741,0.48420681844428104,0.4593260071713056,-0.056457274,0.99988574,0.3238978698186451,0.6226069868141403,0.058672696,0.9927616,0.5205405495903102,0.6090522367822523,-0.04876279,0.98839796,0.4985819254405629,0.7402084105075162,-0.22890405,0.9676887,0.33174589116343123,0.737994347863018,-0.11842443,0.9935551,0.47150132867749805,0.770495394770416,-0.023046546,0.9990332,0.37373123354925497,0.7705006365958544,0.023325544,0.9991527,0.47407173764858357,1.0162727060319405,-0.12685217,0.7289549,0.3985783258225415,0.9940077780794603,-0.09683756,0.75189805,0.39564329200445203,1.1685165926139627,0.25915244,0.23248439,0.48711529012509847,1.1702896438007901,0.15078148,0.23958358,0.39564861123671313,1.1935329008064088,0.2867569,0.19130644,0.49451819893909266,1.1864356113484409,0.17196827,0.09497473,idle
0.41209915135164754,0.34212633211350435,-0.29802814,0.9999803,0.3959041084720498,0.33586356077580937,-0.27219564,0.9999616,0.43699464373668384,0.3267312316892819,-0.27357212,0.99995685,0.3840361746628681,0.33626352433028384,-0.115555204,0.99994445,0.4331578860866758,0.32967335794078584,-0.12556395,0.99995404,0.40788341259446104,0.37485295628266807,-0.23891251,0.9999887,0.42636002087317015,0.3611674600473635,-0.24294186,0.9999868,0.3401594761879905,0.47625013599138744,-0.010797732,0.9999722,0.49605795616852233,0.468398729732487,-0.0559735,0.99988383,0.31888023658249265,0.6265901918228625,0.058419097,0.99260265,0.5179181605403782,0.6158801186805791,-0.028326262,0.98797035,0.5002034497557896,0.7423541257934333,-0.18809894,0.96640146,0.34085225562565125,0.7245950156218677,-0.1210583,0.99318075,0.45984449534000504,0.7672939306392572,-0.022267766,0.9989494,0.37707478542766126,0.7763419877349256,0.022549704,0.99905497,0.464240875072911,1.0142556691483051,-0.12688217,0.73391545,0.3939714696116148,0.9960168693566647,-0.1003506,0.75494194,0.39089081287769034,1.1723609242552957,0.24123117,0.23764394,0.5028044456621763,1.1784596590029897,0.13569608,0.24817745,0.4008691502779753,1.184955797655113,0.26779184,0.19630736,0.5007930672250809,1.1942656508037275,0.15511136,0.098008126,idle
0.4107685675277659,0.3420247496006275,-0.3072649,0.99997973,0.3997875876272524,0.33245063985134937,-0.28210944,0.99996024,0.42937993440833644,0.3230017515947766,-0.28324574,0.9999557,0.39723746312102515,0.33722359759206705,-0.124899685,0.99994224,0.44780504995694725,0.3248435332387685,-0.1337525,0.99995226,0.40225620870935397,0.3607168472744438,-0.24766071,0.9999881,0.4304212479308188,0.36871465409216536,-0.25046742,0.9999864,0.3382410274171347,0.4730037241713719,-0.018113002,0.9999707,0.4908345873029759,0.4546910685675448,-0.057576828,0.99988323,0.32073516361509435,0.6198732390322785,0.04906238,0.9924042,0.5253449781793512,0.620051243562325,-0.031340636,0.98757637,0.5094774154098332,0.7361513261238373,-0.19652505,0.965195,0.3364601855233915,0.7300943851676632,-0.13181838,0.9927601,0.46025285784256564,0.7600713143479345,-0.021306556,0.9988688,0.37037252659155584,0.7600026248777888,0.021592567,0.9989553,0.4728780203991654,1.0143979332138224,-0.12663367,0.7400872,0.3931974950119479,0.9902601100897823,-0.10320363,0.7597282,0.39185873154766393,1.1663123431820606,0.24375263,0.2445849,0.49574136901104904,1.1760827917335959,0.13954979,0.260032,0.39362186643441066,1.1742326255827853,0.27017727,0.2032549,0.49588047702802895,1.1930957961247328,0.15961853,0.10304587,idle
0.4107254641288264,0.34179754047957095,-0.33729225,0.9999771,0.4000245949725164,0.32254233123421994,-0.31267998,0.9999537,0.4280375705027848,0.32994431465804563,-0.3144776,0.99994963,0.3935928229161024,0.3430383109786387,-0.15420079,0.9999321,0.4389463560437299,0.332096187922558,-0.16592553,0.9999441,0.40820590487692154,0.3669198696931861,-0.2767747,0.9999858,0.42952984236403513,0.368444835525323,-0.27995604,0.9999845,0.3345361517754488,0.47745859031384913,-0.042166747,0.99996686,0.48922600485091583,0.4551885168459154,-0.07240221,0.9998783,0.3084867087833717,0.6290813147281513,0.029124126,0.99226826,0.5215938334249292,0.6256477574515468,-0.034056608,0.9871473,0.48587367440016493,0.7392597945145734,-0.18893734,0.96348715,0.3507591500510536,0.7233495334863826,-0.14465326,0.9921597,0.46558997798994706,0.7653242199850753,-0.019790541,0.9986592,0.39028621838637745,0.7639028650156858,0.02009841,0.998692,0.46444596951160355,1.0070800279650745,-0.12288352,0.74255496,0.38949232736419437,0.9841553732559082,-0.10280727,0.7604432,0.39826750478050055,1.1525994913933726,0.24069753,0.24791636,0.4938989678342619,1.1741680502769376,0.13296866,0.269488,0.39529397570498637,1.1700636230175918,0.2670387,0.2076233,0.4991476597955605,1.1993361370012476,0.15108827,0.107558645,idle
0.41386961529494415,0.3425626125841126,-0.28138146,0.99997723,0.39469886861807324,0.3202232580514786,-0.25260222,0.99995536,0.424446961851514,0.33097206695218495,-0.2578079,0.9999517,0.396850977327213,0.3283776335455214,-0.07428687,0.99993455,0.4517684456386881,0.32816412646740556,-0.10149269,0.999948,0.40615216917304664,0.37055043351378,-0.2131731,0.99998593,0.4235931428962988,0.35871928476297443,-0.22096987,0.9999851,0.33529214711081357,0.47382537112048556,0.05185957,0.9999651,0.5020390973087872,0.45202979751360667,-0.03576406,0.9998819,0.3172443922744783,0.6191074023509033,0.0444124,0.9918397,0.5317718596606964,0.6011385716937628,-0.08602768,0.9878825,0.4808376065664899,0.6865640241050932,-0.31180418,0.96569085,0.35049141024674935,0.68384608705044,-0.1732013,0.9915404,0.4721561994033232,0.7680482912350405,-0.0300566,0.99869895,0.38339741100759506,0.7751084224780127,0.0303475,0.99875075,0.47329998255105565,1.020232771012011,-0.15011707,0.76090676,0.3984104875920246,1.017416712769986,-0.090991184,0.7761193,0.39914575198426006,1.207723891627566,0.226964,0.27555847,0.5251279747836631,1.1986085271429967,0.12079947,0.28581375,0.3991939139650097,1.2272916973481047,0.24828307,0.22315933,0.53482250440683,1.2113280523359402,0.14137934,0.114233546,idle
0.4075928814123875,0.3453406759004182,-0.21949604,0.9999788,0.39492076353055583,0.31868368799275715,-0.18954447,0.9999589,0.42542333267380816,0.32150450479092785,-0.19425137,0.9999556,0.38888100092693656,0.3494802190619343,-0.012655238,0.99994,0.4506694570893306,0.3324353883686009,-0.037632912,0.99995273,0.4045061590258716,0.3727510924664778,-0.15237126,0.9999867,0.4219550654550679,0.37580507595503443,-0.15954135,0.9999861,0.34721075212706554,0.46735533755204817,0.09641716,0.9999662,0.4992711118684998,0.45570615905165046,0.017373893,0.99988955,0.32848855286652745,0.6263869093436069,0.053919654,0.99235237,0.537579589658788,0.6053072640668475,-0.078527614,0.98888046,0.47759712473670735,0.654742834799971,-0.31924325,0.9687197,0.35766994519317596,0.6708386114561117,-0.18553539,0.9919931,0.47798817037068386,0.7648799653698122,-0.030309465,0.99879086,0.38695969080032977,0.7680019019852792,0.030667428,0.99884665,0.48935401725771954,1.018868325679277,-0.15575734,0.77963525,0.3861032218615762,1.0209314154520572,-0.0981057,0.7922578,0.39457337682117133,1.2364772350103783,0.20806018,0.2858696,0.5253478734761434,1.2276841843746726,0.10363491,0.2940915,0.4080580263557222,1.25427522280996,0.2291936,0.22979327,0.5331264729191096,1.2377575769580542,0.12282698,0.1215916,idle
0.41338406080033374,0.3395816134159944,-0.24774937,0.9999786,0.4012735186789945,0.3244534528338905,-0.21774578,0.9999603,0.4240357206323322,0.32221653383627236,-0.22476037,0.99995804,0.3965253211190135,0.3353352944797013,-0.032891687,0.9999432,0.4539942200450455,0.3345087776211103,-0.07034257,0.9999566,0.40662772088254195,0.3617588160091168,-0.17791994,0.99998605,0.42282537939533626,0.3722607721025989,-0.18838032,0.99998623,0.36153215167364283,0.4752241822803034,0.08083083,0.99996424,0.5027394296108194,0.45858722496963583,-0.00015170015,0.9998973,0.32980850116460825,0.6210077303791205,0.003568675,0.99278104,0.5514253425541318,0.5915037346430423,-0.11198846,0.98989767,0.48361792560849093,0.6242484535107032,-0.38087684,0.9716731,0.3654043444776226,0.627461208974174,-0.315449,0.99215496,0.48198434625357967,0.7653943177980537,-0.030039301,0.99886996,0.3913956371194197,0.7757714076196376,0.030228114,0.99892473,0.4978445136421574,1.0284195143862973,-0.10216956,0.7790094,0.4099852341590192,1.0247122319940631,-0.08297613,0.78866935,0.4124458803236103,1.2264087931985022,0.23118885,0.26367575,0.5326543965670296,1.2061796829001608,0.13971235,0.27218804,0.40858862131474116,1.2511266129543526,0.25067002,0.21340586,0.5334915655506394,1.241449154860807,0.15429027,0.11488926,idle
0.40529972710723394,0.34706499318643064,-0.2310246,0.9999758,0.4032768103190404,0.3326785406702304,-0.20159069,0.99995816,0.43046938669881674,0.3313724175833055,-0.2137833,0.99995804,0.3977828326474918,0.34463480802693086,-0.014887555,0.99994254,0.4509341526068773,0.33565846531937726,-0.07199088,0.99995947,0.4143633337117457,0.3738900898253531,-0.15848537,0.9999843,0.42141451770821725,0.3648786857584411,-0.17520691,0.99998593,0.3637943658835515,0.4735638947590547,0.108386755,0.9999603,0.5151049303113169,0.4597619220767881,0.003908674,0.9999043,0.34280702742840274,0.6189948803779104,0.006340476,0.9924833,0.555078991175578,0.6051970322733202,-0.108500935,0.9907953,0.47420238959159244,0.6041429174066243,-0.359802,0.97430766,0.373432630672218,0.6051261567488684,-0.26616126,0.9913209,0.4985619086809586,0.7722962546387875,-0.030291274,0.9989245,0.4012987504794402,0.7700394141220243,0.030661846,0.99897224,0.5003486230970017,1.0366656770163487,-0.10636171,0.7871187,0.41530859935709774,1.0304671615733598,-0.06970908,0.79520583,0.4172889386945222,1.2183576199800423,0.27164856,0.25385198,0.542558789625557,1.2209513494465403,0.15949816,0.26310524,0.4111860402685189,1.240564237006886,0.29575136,0.20450325,0.5416907055506273,1.2423987497992457,0.17751968,0.11279281,idle
0.40837166569082906,0.3498094508374417,-0.22656736,0.99997276,0.4024091850890671,0.3259397012210956,-0.19612215,0.99995595,0.42923745440902117,0.3236732651619528,-0.20855422,0.9999578,0.40492921041482866,0.3492002974736991,-0.00965743,0.9999416,0.45972979079721166,0.33206619551709393,-0.06855712,0.9999619,0.4108784615275649,0.36659497336027114,-0.15481153,0.9999818,0.4299358502008769,0.3656912351145407,-0.17184898,0.99998516,0.3658727987539401,0.48405500271327534,0.10458535,0.9999553,0.5215064239945819,0.45426056814914134,0.010112783,0.9999096,0.34125163739555964,0.6270093027920465,0.011306359,0.99231863,0.5658515449898229,0.5959717485241618,-0.11021026,0.9916097,0.47410197634795126,0.5980292057781313,-0.36209118,0.97671556,0.36189738600233845,0.6069459207379921,-0.29132828,0.99092114,0.49017961908319485,0.7763499193718407,-0.029987242,0.99898493,0.4031205818401755,0.7745355573610248,0.030458793,0.9990278,0.49744624824120787,1.03615103276251,-0.09896113,0.7907957,0.4189847568740418,1.0245345261713015,-0.0709554,0.79607344,0.4120015694395539,1.225646496499503,0.268562,0.23905872,0.5398043928266778,1.2137057661000608,0.16148914,0.2504881,0.41839312726909583,1.2423179467122605,0.2929906,0.19281052,0.5422993689720836,1.2524642811437012,0.17937914,0.10905487,idle
0.4202996133259824,0.34934618925138483,-0.17963304,0.99996924,0.39695040974156515,0.32083114436544335,-0.15108739,0.9999527,0.42929234067593947,0.32527660973576317,-0.16736242,0.999957,0.4051413475595055,0.3443983351990673,0.028999561,0.9999386,0.45756384266464845,0.3345306775410395,-0.04697851,0.9999642,0.4120667360788842,0.36240707218045115,-0.10912963,0.999979,0.4336785101529682,0.3733746993288967,-0.13126239,0.99998444,0.3659337051669236,0.47277555822764933,0.14476803,0.9999446,0.5226407188871878,0.4610863403615444,0.010595484,0.9999149,0.34022181258686657,0.6133497887120447,0.022899415,0.9910039,0.5709633130437514,0.5962028372899665,-0.12931883,0.99235225,0.47753124631924815,0.579521794424855,-0.35660252,0.97888917,0.38430725108646246,0.5925085981759326,-0.26613572,0.9897035,0.49215584713907157,0.778277133070139,-0.03311035,0.9990462,0.408159829633542,0.7828656036617324,0.033635836,0.9990827,0.5126761179630346,1.041309876949929,-0.10407784,0.7989921,0.4177213572825704,1.0343586301062255,-0.07069986,0.8013564,0.4139899281366928,1.2433733002508276,0.25805777,0.23493913,0.550184164974709,1.2419018155670394,0.15151738,0.24855338,0.4192998102251284,1.2647650894934421,0.278669,0.18580715,0.5544899162263706,1.2654905597335986,0.16709667,0.106895044,idle
0.4302545043108501,0.3517294102683357,-0.14708395,0.99997026,0.41837180001520535,0.3276315408499518,-0.11282928,0.9999548,0.4523554206228666,0.31947575611246165,-0.13575453,0.99995965,0.41863221691882646,0.3433343370490009,0.07785217,0.99994236,0.47470336383139733,0.32434745538048093,-0.030610751,0.9999673,0.43683772693864353,0.3770576274308961,-0.073780335,0.9999799,0.4498693898606644,0.3677895403921666,-0.10540996,0.99998534,0.3935512821124656,0.47008079183539475,0.18971953,0.9999442,0.5417497633376539,0.44287398544080625,0.014194039,0.99992114,0.367047068285246,0.6292121319718126,0.069637224,0.99086326,0.5876207489544363,0.6093999616905504,-0.17739144,0.99304885,0.4729191594351494,0.551148555193671,-0.42440796,0.9809452,0.39376109993350406,0.5594363025120356,-0.25459543,0.9900925,0.507505013727505,0.7867782965586011,-0.035848968,0.9991264,0.4327825641176012,0.7828574849364931,0.03624804,0.99915916,0.5615711298269388,1.055621594739983,-0.11099516,0.8147209,0.43741950769477034,1.047331585230927,-0.065319896,0.81572527,0.42468606791487407,1.2570682905758694,0.28311616,0.25203162,0.563631863965899,1.2501083698334363,0.16338383,0.27432323,0.4289532625393677,1.2682180935441403,0.30889133,0.18669786,0.5769714754883507,1.2703785518788582,0.18349302,0.1121232,idle
0.43447926872188536,0.34197184638533945,-0.116317496,0.99996644,0.43180873188323055,0.33127830419420495,-0.08284305,0.99995124,0.45211100051298947,0.31244874308050663,-0.10857997,0.99995923,0.44151184612124206,0.3341843394676211,0.09696157,0.99993986,0.4736803297272071,0.318027795675946,-0.024331527,0.9999693,0.435531011007926,0.36199245804202157,-0.047481984,0.99997747,0.45891774168021704,0.3628623276885609,-0.0829482,0.99998486,0.414725799515096,0.4726588141684237,0.19156049,0.9999308,0.5519898668648704,0.4397303549049406,0.011921356,0.9999252,0.3859117617500416,0.6285642200636427,0.07676546,0.98958695,0.6002347260522232,0.5971548541381138,-0.18374512,0.9936639,0.48800153992653394,0.5379145532451444,-0.39977622,0.98276967,0.4064223026549294,0.546474053071726,-0.21250145,0.98954225,0.5275117000307012,0.7878380992243077,-0.03808018,0.9991898,0.44423801586663025,0.7841176287936461,0.03840705,0.99921745,0.5636690602085312,1.0527627699586253,-0.11337618,0.8271702,0.43136221516082296,1.0442975933335217,-0.06267302,0.8270276,0.4272252056732563,1.2510285920878752,0.2778248,0.26451945,0.5679679535859952,1.25587664993777,0.16455258,0.2899762,0.4339133727219683,1.2771350178611753,0.3033356,0.18770345,0.5838929571145337,1.2727587497462207,0.18552575,0.11418863,idle
0.44902313427433904,0.34170487078779826,-0.11422855,0.9999556,0.43532657927381946,0.32751356296847894,-0.08145791,0.9999396,0.45767318463005313,0.31867102503108574,-0.10853821,0.99995375,0.449671201293521,0.3383006722933572,0.094832666,0.999928,0.4897017404615063,0.32077745169986477,-0.032154925,0.9999697,0.4413285354486186,0.3725760683898362,-0.046691604,0.9999697,0.4651997601497556,0.37232089047965483,-0.08409484,0.99998206,0.423401891220447,0.47658776152050564,0.1864488,0.99990225,0.5603037960265642,0.44366848106815243,0.00890261,0.9999275,0.39279765442820413,0.6248148706068224,0.06836294,0.9875785,0.612278767387878,0.5918703848277745,-0.21127562,0.9942207,0.4917385003149899,0.5385406976176581,-0.40900263,0.98442113,0.40331095065010436,0.5361874057705261,-0.21250391,0.98907536,0.5392061066342628,0.784619089418278,-0.04089814,0.9992457,0.441950713418952,0.7879606078149253,0.041187316,0.9992671,0.5715364210761005,1.050556462605057,-0.109948,0.8380143,0.43571645077987453,1.0400473186988923,-0.06320794,0.8371218,0.43391770351542025,1.2569004772984145,0.25569963,0.2689411,0.5723046292170668,1.2614509250154593,0.18186332,0.29431573,0.4449617620955608,1.2852086522816533,0.27847898,0.18447287,0.5791719384968673,1.269793513695423,0.20433572,0.11306885,idle
0.4630711185265507,0.3519703627981518,-0.13399675,0.99995077,0.44110695132203326,0.32284843763715587,-0.1019539,0.9999356,0.47178186747567286,0.32069019368733953,-0.1260264,0.99995166,0.44756816816207656,0.34372325024601863,0.074338555,0.9999251,0.505243115027417,0.32115049780537686,-0.04007619,0.9999708,0.4514702857563532,0.36492753046128135,-0.06660445,0.99996454,0.4723442708518889,0.36453036612638257,-0.10029646,0.99998003,0.43276672540343497,0.4778569509332926,0.16584066,0.99987805,0.5702988543585842,0.4340990680589273,0.0062846444,0.999929,0.407840484584961,0.639534903353316,0.049083598,0.9869142,0.6139492877260042,0.5970105498034891,-0.21537563,0.99473864,0.49188017944885365,0.5306275523334152,-0.421516,0.98592883,0.4107349859406708,0.5460285309002683,-0.22433576,0.9893784,0.5381607848153409,0.7933536816877768,-0.040067814,0.99930596,0.45814713483467495,0.782456095377563,0.040382795,0.99932444,0.5695635861902875,1.0709254237198387,-0.090380795,0.84854585,0.4333971756469298,1.0430428679260864,-0.056316692,0.8454433,0.43651130016759243,1.2724856567961713,0.25677857,0.25808972,0.5760080027802665,1.2584716547627948,0.20978817,0.2881529,0.43601197338802133,1.2915643192542494,0.2796509,0.17519876,0.5837203209102538,1.2759194635289175,0.23311882,0.109561086,idle
0.4665672011138493,0.3466109515922752,-0.14487332,0.99994653,0.44670497326700564,0.33702315717998876,-0.11244172,0.99993175,0.4788198223641029,0.3206311020292882,-0.13715848,0.99994934,0.4556870146602132,0.3364084310869009,0.06854724,0.9999218,0.49867234293741236,0.31599646514730173,-0.044890065,0.99997157,0.4541723288768025,0.35634624403490534,-0.07559591,0.99996096,0.4695449003973834,0.3605962479237987,-0.11018238,0.99997884,0.4382510978173154,0.4833876880875183,0.1647477,0.9998626,0.5748800030724218,0.44007648583117087,0.0032097194,0.99993044,0.4162307863507433,0.6338264583835683,0.046186227,0.9853293,0.6300240424731312,0.5909008338158488,-0.22168978,0.995183,0.5104448384367486,0.5351076038811451,-0.4416717,0.9872624,0.41821809067167803,0.545956618139248,-0.2394057,0.9893976,0.5448517968944838,0.7926806868741672,-0.039823584,0.9993504,0.46217337485785015,0.7856605661979789,0.040153824,0.99936736,0.5695605204685856,1.0650614871735256,-0.08841762,0.85782284,0.43337131107720406,1.043157967637785,-0.05938335,0.8546444,0.4368848227242238,1.277028995933677,0.24953505,0.25766665,0.5767021069168545,1.2588666182529769,0.22200291,0.28825092,0.4384250924647136,1.2898102934018263,0.27209228,0.16947667,0.5767507864311296,1.2808481376162355,0.24633154,0.107938275,idle
0.4550563069115229,0.3460358813169362,-0.13695647,0.9999402,0.45386626325986423,0.32987970638675235,-0.105312325,0.9999271,0.48529739141621797,0.3141760465051444,-0.13536535,0.99994624,0.4651382924110674,0.3381757044791512,0.07551989,0.9999176,0.5121976866474819,0.3165437414911486,-0.058836054,0.99997216,0.45501888150785386,0.36851826285293715,-0.066723086,0.99995726,0.4856422819477757,0.360011954335224,-0.10845383,0.9999774,0.4405767438372684,0.4742050678218523,0.178989,0.99984324,0.5822653382719964,0.43324406044428104,-0.024780672,0.9999312,0.416578416539543,0.6429289886087431,0.05528801,0.98359054,0.6254943226973448,0.5909887842400866,-0.24469921,0.9955887,0.5129392395943656,0.527199530188798,-0.44667897,0.9884773,0.4244966159107947,0.5488560230222517,-0.23476326,0.9894591,0.5512539162470297,0.7909991530891488,-0.045137506,0.99939036,0.4576871415978977,0.7913599971122438,0.04548976,0.99940467,0.5711184981232966,1.0640183890781423,-0.09150991,0.86686915,0.4484444124468958,1.0553320782011066,-0.040508367,0.86356014,0.4364550271656217,1.2741696055422613,0.26876044,0.25992942,0.5786342607572628,1.2525679827617842,0.219856,0.2884039,0.44770472359121516,1.3029871085467246,0.29162198,0.16779524,0.5860231431428355,1.2912273865040342,0.24408369,0.106688425,idle
0.47065800748526476,0.34335340096712613,-0.12666109,0.9999289,0.45986510546096715,0.3316182814595865,-0.095378965,0.99991673,0.4804968330600643,0.3137979684746461,-0.1261597,0.9999386,0.45204014597428754,0.3428271365488525,0.08457844,0.9999075,0.5105634991264267,0.32093011068553795,-0.058675878,0.99997133,0.46159881868572705,0.36862194329948983,-0.05643072,0.99995136,0.4836000706903878,0.36549858366574295,-0.09909678,0.9999753,0.43688879767919464,0.4757900642598049,0.18481825,0.9998245,0.5812011186040115,0.44248582017514376,-0.022859547,0.99993116,0.42545107668440596,0.6348286701217258,0.053552277,0.98047733,0.63268514743176,0.5950885288157404,-0.23450613,0.99592143,0.5189607888090011,0.5408916270366244,-0.43305668,0.98953295,0.42085663124131845,0.5439229810450305,-0.25701135,0.98913306,0.5478555079614982,0.788407606760817,-0.04509142,0.999412,0.45724757248701364,0.7907575021206164,0.045439307,0.99942553,0.5757671427358894,1.0621090276953182,-0.092824206,0.87319857,0.4516655198628693,1.0452319510521229,-0.045709826,0.87013936,0.44723290211072997,1.2594065229943345,0.27010128,0.26785004,0.5956047615154478,1.2528123089132057,0.21491,0.2959782,0.45185198498518186,1.2924005867149333,0.2936809,0.16904639,0.5948649822467633,1.2757134909033772,0.23852257,0.10833403,idle
0.464744705093585,0.34159184448194513,-0.09014959,0.9999241,0.45630910073666986,0.33136810119824195,-0.06279333,0.99991226,0.4828532047209949,0.32137342276654773,-0.09537948,0.999935,0.4601771345007565,0.32701070128000376,0.10155344,0.9999045,0.5040016679673205,0.316394135242801,-0.053497024,0.99997133,0.462930542097331,0.3701195577552444,-0.024871284,0.999949,0.47763095620287865,0.36279829888642684,-0.07022934,0.99997437,0.4469215270658482,0.47260392146422175,0.19627155,0.99982667,0.5795321258677848,0.4375064799290965,-0.021681013,0.9999335,0.4213517232292263,0.6441803031291918,0.07356062,0.9799206,0.6372536543673384,0.5829274165860163,-0.2335413,0.9962594,0.5159919398546298,0.5390964606818173,-0.4348163,0.99053234,0.4235733379417155,0.5374185488541116,-0.22909121,0.9896824,0.5527926443737534,0.7966192670241176,-0.044888683,0.9994427,0.4656403018711821,0.7876654586725702,0.045249335,0.999456,0.5709694521142312,1.0641082814977327,-0.094571136,0.8789313,0.4510258800856862,1.0494790509174652,-0.046708934,0.87646794,0.4491125936291024,1.2585487357880178,0.26381534,0.26705334,0.5954501601537014,1.248956175785719,0.20835407,0.2975843,0.4562975186764293,1.2900995479895045,0.2876511,0.16604629,0.5740882319171448,1.2736796212211867,0.23164007,0.108776115,idle
0.4626458200291681,0.34403359416831825,-0.117377475,0.9999267,0.45958657535905445,0.32156820139004627,-0.087916814,0.9999162,0.4791413294200897,0.3225170185936302,-0.10863471,0.99993795,0.4658314685279096,0.3234558009069188,0.08612282,0.9999095,0.5132251503400391,0.3118877512299259,-0.08987775,0.9999733,0.47640177297646114,0.36773553888473465,-0.04991066,0.9999516,0.4845065339781367,0.35706348449599573,-0.074160375,0.9999758,0.44937300901439425,0.47180364989300955,0.19636898,0.99983513,0.5881409308638197,0.41449613503436666,-0.059756894,0.99993634,0.42555833056574244,0.6358518923766642,0.10189851,0.9802347,0.646024566169726,0.6006765185929808,-0.29790202,0.9965843,0.5315511647961297,0.5220445420804587,-0.53137887,0.9914487,0.4050425461788081,0.5286180761747787,-0.19700873,0.99043804,0.5492831307133266,0.7910797327741921,-0.051631052,0.9994751,0.4598538138884256,0.7849049482474564,0.051999502,0.99949205,0.5761565411866534,1.059663764803106,-0.10550483,0.8832186,0.46475788631257087,1.042424651533528,-0.04968127,0.8834586,0.4450175913527683,1.268840056718807,0.26467484,0.2699276,0.5872566800767995,1.2579086870091778,0.20730574,0.2930832,0.45713534687364066,1.2927810027322055,0.28854206,0.16478355,0.5862576567002542,1.279783564493766,0.23177508,0.10658553,punch
0.4683969010864866,0.334814286941998,-0.12751104,0.99993116,0.463899008115942,0.31602456729776834,-0.097275004,0.9999221,0.48147618935572034,0.3190579201611681,-0.11888833,0.99994224,0.46433355381741326,0.33500307948767094,0.08185442,0.99991614,0.507565588998819,0.3137175638790537,-0.082619354,0.99997556,0.464304777529304,0.37462407565214156,-0.058821004,0.9999545,0.47909632325169627,0.3514356912906563,-0.086354226,0.9999774,0.44932607065746855,0.45642737410114226,0.19761571,0.999844,0.592584351786726,0.4280813245121862,-0.048660718,0.99993974,0.4186233063623672,0.6350809616271315,0.1028766,0.981144,0.6357162021147502,0.5826246139094389,-0.2869932,0.99689627,0.5198587732746514,0.5395673519223613,-0.52833575,0.9922881,0.4054632322302336,0.5132163741485861,-0.19062816,0.99126744,0.5533678549429756,0.7861957848321408,-0.05099418,0.9995142,0.4756947142539101,0.7886958425208827,0.051412277,0.9995326,0.5742030781501969,1.0676744090756707,-0.10602553,0.8886017,0.4619358324610324,1.0507296079900812,-0.051607955,0.8903963,0.4381861938300231,1.258457506038306,0.26252714,0.26378784,0.5845749220833598,1.2425397718197773,0.21351507,0.28151292,0.46059550499420876,1.2911187535355277,0.28664172,0.16100778,0.5875569858115022,1.277571887880727,0.23970452,0.1035671,punch
0.47770102964627537,0.329167694818377,-0.13011675,0.9999372,0.4679571382718123,0.3207804692230149,-0.09747462,0.99992913,0.49183030083035717,0.31047682773766655,-0.12413629,0.9999475,0.4744575004499111,0.32893616391523456,0.0894389,0.99992377,0.5044847581874363,0.3213593306451881,-0.067634925,0.9999779,0.46716862643309054,0.3580435562028743,-0.058995146,0.9999582,0.48740271655610756,0.3583274145287988,-0.095041044,0.9999793,0.4433923615308756,0.4597796963122831,0.20285018,0.9998557,0.5927449581952056,0.4249401024410102,-0.046160087,0.9999436,0.40450052240156176,0.6184867464098963,0.09913763,0.98272455,0.6399627518728429,0.5791851071946131,-0.275276,0.9971881,0.5262189236435728,0.5358414981316849,-0.5204062,0.9930497,0.3914703534102696,0.4996945100607805,-0.19602354,0.992101,0.5542030918249063,0.7887730876169338,-0.050598133,0.9995548,0.45267949854150147,0.7816265236549521,0.05105266,0.99957365,0.5792855038199243,1.0626114370223445,-0.10752126,0.89398676,0.4522335231869349,1.0400532596239587,-0.05251602,0.8968248,0.4453360924117492,1.2649895813581715,0.25154397,0.25284648,0.5868188974279727,1.2571413941671286,0.19915572,0.26773664,0.4490020669813475,1.2946045695829878,0.27465117,0.15612338,0.5883137601339714,1.2783687417922196,0.22433512,0.099984616,punch
0.47465618928117925,0.336374181824482,-0.2941708,0.99994284,0.46716824972929905,0.3277165007745188,-0.2510268,0.9999354,0.49403508196946044,0.304215316851759,-0.2805147,0.99995244,0.4773245735016598,0.3200192574637069,-0.026511213,0.9999304,0.5245811520747509,0.31267457405151977,-0.16629203,0.99998003,0.4759701518328736,0.35647751655488363,-0.21038786,0.9999612,0.4981002382419778,0.3418333991062271,-0.25027522,0.99998087,0.44754022605167476,0.45563965038297716,0.17319295,0.99985546,0.5963932991293872,0.4247994815609369,-0.14955851,0.99994344,0.3558195866876196,0.5484657765909094,0.19755499,0.9843515,0.642977175767081,0.5788053165646386,-0.3887398,0.9974614,0.5314453046480416,0.5250616166232819,-0.6255462,0.9937373,0.27713157045591585,0.42928690843656075,0.04617689,0.9928575,0.5581913595748564,0.7814252877942243,-0.060124736,0.9995874,0.4594973160898702,0.791068967997453,0.060727544,0.99960643,0.5761338268547269,1.067578397875093,-0.107134305,0.8903356,0.4584390105691817,1.0453514363640586,-0.045787826,0.8955015,0.4514803605525829,1.284034338295523,0.2508949,0.23245116,0.5929273605393837,1.2703119264981761,0.20925923,0.2449125,0.4459481353853747,1.3164700655461656,0.2712711,0.1450711,0.5938248788039087,1.2846324627923584,0.23454233,0.092509866,punch
0.4700748296289329,0.3287763135061323,-0.2846603,0.9999468,0.46438116037489874,0.3212967365851864,-0.24044335,0.9999386,0.49476357125776826,0.29905812611953936,-0.26899603,0.9999563,0.47670266144194773,0.32053622143655874,-0.014231898,0.9999334,0.5152405590283267,0.3076461453508867,-0.1477265,0.9999818,0.47601187206113893,0.35308145306140226,-0.19927232,0.9999604,0.4893250717097255,0.35143969666730557,-0.23793285,0.999981,0.44729832163936856,0.4570564892325643,0.17509651,0.9998294,0.5980901050665877,0.42961316695089696,-0.16077307,0.9999398,0.3343690060914649,0.4969385804270322,0.266553,0.98560673,0.6408196366640655,0.5753249086823627,-0.4754455,0.9977064,0.5205340226241884,0.5204373351919677,-0.7829079,0.99435717,0.24511287360321998,0.412468029305675,0.19689094,0.9934807,0.5568614420918208,0.7845347509520322,-0.06914513,0.9996154,0.47065305212426123,0.7835073121127001,0.06961872,0.9996346,0.5852169099454501,1.0727238322676356,-0.13413422,0.8865051,0.45322055390850646,1.0443394558937902,-0.0366767,0.8908718,0.44297095357936367,1.2902983594671864,0.29169083,0.2162755,0.5972865266766023,1.2759511761140632,0.2093741,0.22726169,0.44336359926501057,1.311326260691875,0.31442118,0.13803996,0.5945485005464397,1.293782112866631,0.23715262,0.086830676,punch
0.47321185857691606,0.33519831705584263,-0.3214064,0.9999501,0.47503099266970494,0.309277013392396,-0.27724585,0.9999405,0.5016871687866049,0.30538651957633295,-0.30202976,0.9999595,0.47439318900381977,0.33179533310270254,-0.050085794,0.9999347,0.5213655302386233,0.30232478829664833,-0.16542006,0.9999833,0.4766636800102877,0.3523713772031822,-0.23606887,0.99995816,0.4982770933021766,0.3425132451604618,-0.26938945,0.9999805,0.44491126478121357,0.4506635202348118,0.138507,0.99978656,0.5920470478488586,0.43004829626858115,-0.1882613,0.9999298,0.3232907032866935,0.46858160126354653,0.20189711,0.98671895,0.6467865084747931,0.5833132613536717,-0.5229356,0.99792045,0.5160602158704626,0.5180646800869174,-0.8444651,0.99490756,0.22756211642454616,0.39473804336509205,0.09323978,0.9940349,0.561887310594354,0.7897499906790587,-0.06617968,0.9996042,0.45885474174459384,0.7883449548621454,0.0666381,0.9996285,0.5907144254630536,1.071389228235076,-0.12925516,0.8822707,0.4658088281884807,1.0525275093685105,-0.039999224,0.88666284,0.4355624082314926,1.2877097499695203,0.28716275,0.2047315,0.5964140762117074,1.2743668499442329,0.20533112,0.21398635,0.44999776631468547,1.3120203068926037,0.3130855,0.13557617,0.6054974829073745,1.2874768045100895,0.23262337,0.084105,punch
0.4746141977666658,0.3322760067582622,-0.32676938,0.9999532,0.46756936928091597,0.3151239827221156,-0.2847652,0.99994236,0.5029217237062208,0.31200559281381307,-0.30754656,0.9999624,0.468741008000473,0.3271395450795976,-0.06184738,0.9999361,0.5109892082237564,0.31155513162013304,-0.1678373,0.9999846,0.4829657482016426,0.35985566481945275,-0.2424066,0.9999555,0.5019587603890273,0.36006402068715115,-0.27304304,0.9999797,0.4362033939600488,0.43974243655239575,0.12515362,0.9997509,0.604253620713874,0.4210984265778053,-0.18523546,0.9999198,0.32356478761256313,0.4639940187255436,0.18843216,0.98780614,0.6475068333508409,0.5791487533779062,-0.5144392,0.9981101,0.5246661691987242,0.5079592535449045,-0.84204626,0.9953999,0.22005910444130716,0.39819700980820644,0.08169795,0.99454343,0.5654853629612581,0.796964386540424,-0.06398707,0.99959147,0.4617286751530043,0.7806253182376588,0.06444516,0.9996203,0.579593781213976,1.0690671552487017,-0.12756342,0.8808017,0.4612040876859249,1.0475936485786226,-0.036242183,0.8854153,0.44053627758249037,1.2747135959618883,0.26918662,0.19426177,0.6068044801120506,1.2647213919968487,0.1994426,0.20071925,0.45098595472664393,1.3170306227387163,0.28771573,0.13310704,0.5919023298245476,1.2882411265755715,0.22546399,0.081699945,punch
0.4787687585010716,0.3448795655401755,-0.31835562,0.99995565,0.48005813903010364,0.3245707486839203,-0.277228,0.9999436,0.5006279181948483,0.2922691141895665,-0.30075943,0.9999647,0.46675825632805024,0.32646634934072194,-0.054982245,0.999937,0.520846866150807,0.3120167438874915,-0.16372287,0.99998575,0.4879870087425623,0.3491647971247217,-0.23352489,0.99995327,0.49387136519156416,0.3485323110257912,-0.26508194,0.99997896,0.44858413792025176,0.4450310905686794,0.12946203,0.99973166,0.5836523945886893,0.4326181628974391,-0.1793544,0.9999116,0.3253821183320139,0.4679889729558778,0.18657653,0.9888059,0.6426335551277312,0.5788178066790689,-0.5027312,0.9982814,0.5264869027981678,0.5003286285784463,-0.82489187,0.9958456,0.21968477933518227,0.39840030951806643,0.07443071,0.99501765,0.5682633524005551,0.7911727803928466,-0.06286658,0.99958205,0.4773729055353859,0.7957653358943446,0.063334584,0.9996184,0.584070176994121,1.0713458000031924,-0.12629288,0.8781687,0.46029850081027157,1.0421841107351644,-0.040470026,0.8842315,0.43552231867184854,1.2826169203978026,0.2438982,0.18470089,0.6028984378317944,1.2622925982756252,0.20170705,0.18830098,0.4555898532905731,1.3183835409273224,0.26130792,0.13044938,0.613497365200883,1.2956182256930548,0.22816806,0.07888194,punch
0.4749287240160448,0.33656666667530305,-0.30491295,0.9999585,0.4675457901765654,0.3040757595034287,-0.26332143,0.99994624,0.49812052010171826,0.2982228019142088,-0.2877912,0.99996734,0.4716970063869742,0.3152823723154281,-0.040054854,0.9999397,0.5212812878714916,0.30421328648915,-0.15360719,0.99998695,0.4716546276128746,0.35442611302242105,-0.21952097,0.9999539,0.4965492324335764,0.35486187224681465,-0.25244197,0.99997944,0.4400362714113364,0.4443357721872333,0.13028146,0.99972486,0.5913723870009784,0.42851336724968764,-0.1640516,0.99990976,0.3253666316049234,0.48049661528993026,0.21306136,0.9896334,0.6445735299468511,0.5835358707520095,-0.48003,0.9984367,0.523794702836667,0.5047465334378062,-0.80257285,0.9962498,0.2271249507595543,0.39201633547569487,0.1071282,0.9954333,0.5667241950373667,0.7988511991634696,-0.06337373,0.9995878,0.4743262204914086,0.7980316816353425,0.06383472,0.9996277,0.5860169388420828,1.0726152986882695,-0.12789838,0.87317526,0.46414095830518365,1.0503019878086814,-0.053154755,0.88048744,0.4505601051266498,1.27979332172702,0.23561974,0.17640552,0.6090503832029623,1.2670611584966567,0.20165947,0.17759392,0.4493935693547153,1.31669316516272,0.2541431,0.12874839,0.603131915927541,1.297524677949281,0.22815292,0.07591388,punch
0.48538635624712123,0.3358124979915969,-0.29955807,0.9999617,0.4739647864303419,0.3158232640087949,-0.2592495,0.99994993,0.49531550293196636,0.30478771837326785,-0.2834021,0.99996996,0.4731244759400133,0.3313734944096787,-0.039846875,0.99994373,0.5135898349345968,0.30945935299136995,-0.15212677,0.9999881,0.4746204368133138,0.3554239421550118,-0.21612003,0.99995613,0.4982241976755053,0.35577845974435973,-0.24871857,0.9999805,0.4371989370931162,0.44811864521241346,0.13628483,0.99973184,0.5985338665037039,0.43781334771022834,-0.1537323,0.9999095,0.32998256056602326,0.4845324038653137,0.20639153,0.99049383,0.6422162970264489,0.5934512934123679,-0.4514485,0.99858123,0.5277896339745565,0.5145448011645216,-0.7650261,0.9966167,0.23895278055662272,0.4112178971466019,0.07692093,0.9958368,0.5694918418829242,0.7949334366704965,-0.06317766,0.999604,0.47923724527475664,0.7870825110522665,0.063668326,0.9996455,0.5851033853127429,1.0775023683034035,-0.12578252,0.86956203,0.4610362903283213,1.056678593115837,-0.06886117,0.8769048,0.4401878259784565,1.284879755835816,0.2240564,0.16616969,0.6041800451727469,1.2721813216735607,0.17731589,0.1678704,0.4565381671437768,1.3189201477179078,0.24246237,0.12428431,0.6038604467598256,1.2927857351869987,0.19988294,0.07291162,punch
0.48592195246754777,0.3394059599644195,-0.2876473,0.9999649,0.4715476644239197,0.31895168412034286,-0.24771091,0.99995416,0.5011782468885752,0.30365166567371227,-0.2739685,0.9999726,0.4806361213971422,0.32627241159612885,-0.03199041,0.9999485,0.527032168118387,0.3081855688304464,-0.14144826,0.9999892,0.4924111815212624,0.35895088145764065,-0.20541899,0.9999594,0.5048497433517519,0.35224204279046867,-0.24136789,0.99998194,0.43348629284943674,0.45142416294272125,0.14754948,0.99974984,0.5943638929051369,0.43515480012008656,-0.11766682,0.99991363,0.34140680980584337,0.5257331139792174,0.19473931,0.9913407,0.635255207749428,0.5862374683953925,-0.37068596,0.998714,0.5353748140735711,0.5106918115966952,-0.65574694,0.99694806,0.25272135453469413,0.4257441482212745,0.061666213,0.9962161,0.5730730643051375,0.7878413691723014,-0.059091426,0.9996269,0.4775429764186043,0.7896922169803032,0.059748244,0.9996682,0.5743526627955826,1.0777938639067812,-0.11751719,0.87161624,0.461142858290162,1.0442786444546948,-0.0789025,0.87905985,0.4414279340778532,1.2886691521075475,0.21387792,0.15643875,0.5978190871835936,1.2680340513030603,0.18147548,0.15773872,0.44783059315486706,1.3179041461866794,0.23257646,0.1183519,0.611779698812307,1.297304219983906,0.20513241,0.0698704,punch
0.4827839494204491,0.3319401389948593,-0.25332278,0.99996746,0.48140679418324483,0.3123162826434607,-0.21605948,0.99995774,0.4948186065765152,0.3145846659855467,-0.23926477,0.9999748,0.47013058699007826,0.32484186544379984,-0.0077684214,0.9999526,0.5274493915883438,0.3063592611290274,-0.11373818,0.99999017,0.4880488204319239,0.3481671515552767,-0.17381456,0.9999618,0.5037126782944985,0.3503383159047151,-0.20577371,0.99998295,0.4504424312116774,0.45594175489597166,0.16365498,0.999767,0.5937444753456418,0.4301233535981383,-0.0946741,0.99991804,0.3555392229205825,0.5501256689548194,0.15823337,0.9921177,0.6427148648480827,0.5864301774492837,-0.36135435,0.99883634,0.538655472328263,0.5059995085955299,-0.6553089,0.9972501,0.28867537381631436,0.42677716189733594,-0.06253953,0.9965666,0.5642237668734555,0.7824952905028799,-0.056369394,0.9996553,0.4680106017316147,0.7971703022119456,0.05714484,0.9996946,0.5809379665686615,1.0691100163774472,-0.116693996,0.8757202,0.4498868010392246,1.055716673057101,-0.080365285,0.88128877,0.43495367788657235,1.2846677034576572,0.21671855,0.14477064,0.6021508477083743,1.2831171724990038,0.17833397,0.14652172,0.4515956694753869,1.3273384830498562,0.23654194,0.1103609,0.6146809908118711,1.3019345737346155,0.20126513,0.06573273,punch
0.48313444868806255,0.3310035327355245,-0.18252882,0.9999701,0.4696214596470356,0.31207420503831146,-0.14817391,0.99996144,0.5003385920058068,0.303230818809952,-0.17188615,0.99997693,0.47878287255961516,0.31751967488056276,0.044052757,0.9999568,0.5264713444774395,0.3082359547930632,-0.068806,0.99999106,0.4848000614052247,0.3566156121421874,-0.109203614,0.9999643,0.5113246690515187,0.3504772458889385,-0.14228134,0.99998397,0.4366032841918328,0.43649114750202017,0.1870994,0.99978596,0.6039548371336596,0.42408793751532436,-0.056486715,0.99992394,0.3761444329028383,0.5779825340055645,0.12882319,0.9928437,0.6410131633469804,0.5914350832220951,-0.3165683,0.99894875,0.5278048565904824,0.5020735140998375,-0.58291656,0.9975236,0.3076791228342647,0.44171914365953596,-0.13878408,0.99689734,0.569181314234896,0.7904557088783083,-0.05484747,0.99968684,0.4661059985045747,0.7958923499534268,0.055711627,0.99972296,0.573770116942602,1.0804129088792456,-0.09958282,0.8807886,0.46477411754434506,1.0555823426934023,-0.076871976,0.8837346,0.43854523231652154,1.2997488523047203,0.20405841,0.13209131,0.6081335802776761,1.2783960019130982,0.18304032,0.13394229,0.4549395356872984,1.329888123986494,0.22331443,0.10138422,0.6073679172659856,1.3102641518032516,0.20535254,0.060663383,punch
0.4829385801737164,0.3305625385671025,-0.14674567,0.9999721,0.48289985699523963,0.3279296059336239,-0.11205424,0.9999646,0.502772543165593,0.31205757767888953,-0.14271535,0.99997866,0.47218441907437236,0.3148144462631139,0.08089454,0.9999605,0.5258859532105471,0.3016028864257272,-0.063948944,0.99999183,0.4869717470817664,0.350254567969846,-0.072768666,0.9999662,0.5003710441951568,0.35187081903589607,-0.115208246,0.9999846,0.44768602544440006,0.449862447137128,0.20990959,0.9998041,0.5907177875781221,0.4136594045998618,-0.059939247,0.9999288,0.39331046301659744,0.6030667789896987,0.122023985,0.9935144,0.6407110342568632,0.591328527060452,-0.33872873,0.9990498,0.5313960565164813,0.5082528329050662,-0.6044012,0.9977702,0.3584444855878146,0.45613699481437847,-0.16404133,0.9972011,0.5756930110683895,0.7909265229543739,-0.057039637,0.9997163,0.46333146702451267,0.7893715180661784,0.057991117,0.9997495,0.5741991042817983,1.0776357303625081,-0.10015365,0.8845978,0.45581802366751945,1.0600932759900168,-0.065101996,0.8873585,0.44664034627482385,1.305683543493897,0.21240894,0.120246276,0.6018438051344934,1.279683217299883,0.18691207,0.12177543,0.45419786801346596,1.3460208506966456,0.23206377,0.0929307,0.6184517657434195,1.3130883564511193,0.21013232,0.055543397,punch
0.48026030416796883,0.33103494431630576,-0.11537411,0.9999734,0.47445942389780815,0.3110036367206218,-0.08235701,0.99996704,0.4942773314524157,0.30785340789804555,-0.1156178,0.9999799,0.4844499729975825,0.32661817491853123,0.10336362,0.99996334,0.5166828649657957,0.3122039153637769,-0.054828316,0.99999243,0.4735824707316405,0.3555319522260251,-0.04356475,0.9999674,0.5133595033787827,0.353192943469905,-0.08970744,0.999985,0.4476033021615403,0.45585063900119205,0.22131982,0.9998191,0.5931652825119512,0.425613961827004,-0.055117846,0.9999327,0.4081587396705979,0.6169099466181877,0.111375354,0.9940463,0.6471416739479381,0.5856418717209791,-0.33596444,0.9991369,0.5237711813306462,0.5028080660965022,-0.58075583,0.9979911,0.3854240535462543,0.4731575642636334,-0.18844473,0.99746776,0.567304404477871,0.787637293780664,-0.05894341,0.99974126,0.4650897167255811,0.7868454175888767,0.059826188,0.99977225,0.5811761003371269,1.0720968125246049,-0.09904803,0.88779753,0.4653175219414688,1.061973449711773,-0.060752578,0.89144117,0.4477059959014572,1.3035027317987486,0.21175253,0.111295275,0.6040088843911698,1.2890629446054929,0.18752742,0.11242657,0.453767228859991,1.3404006043075516,0.23136291,0.08673434,0.6166800160981637,1.3182649854576487,0.21096048,0.051677447,punch
0.48847767274391773,0.3251099800522705,-0.099043295,0.99997413,0.4761538055762964,0.30982791081983596,-0.067307584,0.99996877,0.4908763199512076,0.3097873313775718,-0.099664465,0.9999807,0.4831238945342955,0.3236404329683914,0.11407592,0.99996537,0.523197967947593,0.30589034177224067,-0.04185589,0.9999929,0.4973286212609578,0.3615203428751535,-0.028581217,0.9999676,0.5099741179927624,0.35289842991504045,-0.07384372,0.99998504,0.4553895618769075,0.4519876181350877,0.21896648,0.9998311,0.5996005637154169,0.42932458106126226,-0.03362485,0.9999367,0.4156744351976719,0.6084351967884193,0.093299836,0.9944184,0.6453217663717492,0.5878743414608264,-0.3027015,0.999213,0.5276569235948275,0.5001869165950739,-0.5267197,0.9981891,0.3941805686213361,0.4866455854788191,-0.21693781,0.9976956,0.5744333061654432,0.7939886504900707,-0.05877915,0.9997627,0.4658556995766542,0.7912557028716739,0.059642725,0.99979174,0.5893272452006566,1.0697416807893247,-0.09053126,0.8921684,0.4625306033110207,1.056710608990772,-0.060706247,0.89624906,0.45426205396147945,1.2996139256530796,0.20313987,0.10463809,0.6049186115347899,1.2757896552942207,0.1930632,0.10548682,0.4573110908982847,1.3359485084725597,0.22263834,0.08225876,0.6155620516560084,1.3171402262091894,0.21664286,0.048930462,punch
0.48261311930368,0.33129968306853075,-0.10890976,0.99997383,0.4681373820939285,0.3205665256074355,-0.07761038,0.9999693,0.4995673975437269,0.30707715300673294,-0.1070743,0.9999806,0.4747731935219329,0.32317231101738747,0.104386464,0.99996614,0.5388011448482084,0.30599813887349275,-0.038499873,0.9999931,0.4941674790059789,0.3578299200755747,-0.03828629,0.99996614,0.5034916367174764,0.3552655002489733,-0.0796826,0.9999843,0.45437936131586953,0.45527270854128116,0.21142432,0.99984026,0.596722222403216,0.42922917629890556,-0.019390527,0.99993956,0.4160172385459806,0.6359056057597648,0.08014083,0.99476415,0.6377289373345516,0.5817122632965064,-0.27693513,0.999279,0.5331457786056559,0.5066741249165798,-0.4946472,0.99836576,0.4039432519507885,0.49577516941867544,-0.22037306,0.9978908,0.5673259431403308,0.7861370463743977,-0.056420397,0.99978,0.4739947683573208,0.7936075406918435,0.0572161,0.9998079,0.5818026874621306,1.064225737268764,-0.076048955,0.895759,0.454886820685115,1.0576593016780158,-0.063310646,0.9000803,0.4534243862474602,1.3075207365401134,0.18850312,0.09931072,0.6086867225742589,1.291920157417639,0.20124085,0.100532986,0.4612714425220936,1.340237502302632,0.20714657,0.07904762,0.6085785629461444,1.3176213325187778,0.22395308,0.04736005,punch
0.49201019960465786,0.3421369650998399,-0.10746844,0.99996847,0.4724639407295981,0.3215961629849551,-0.07752138,0.99996483,0.4958031463796734,0.3055086757857573,-0.10756402,0.99997693,0.4762782606163102,0.33479316664189496,0.1012582,0.99996126,0.5247892363641715,0.3128456777279051,-0.04296429,0.99999225,0.4786131335874232,0.35573961697798445,-0.03744264,0.9999582,0.5100105355157676,0.3502091170884023,-0.07950706,0.9999806,0.4614247634157317,0.46616414976520676,0.20812306,0.99983954,0.595830910827021,0.43566554518272943,-0.02517667,0.9999409,0.4316245943177439,0.6324442254902681,0.08267986,0.9946774,0.6342986517525435,0.5963998656095458,-0.2797786,0.99932784,0.5216632318082826,0.4978976610239046,-0.48512632,0.99851996,0.41522711068588836,0.5118291417618915,-0.20924094,0.9979992,0.5648061963213598,0.7901488952512981,-0.056018036,0.99979264,0.4616694184434115,0.7959470009881963,0.056763608,0.9998186,0.5807588395885132,1.076478748090288,-0.07401527,0.8994516,0.455982817679754,1.056963495184978,-0.06370056,0.90365154,0.45449213755471385,1.3084612881655078,0.18566443,0.09752912,0.6094542659978109,1.2797636920801043,0.20831847,0.09910998,0.4611150601764952,1.3313782091142665,0.20394401,0.07824133,0.606219446703413,1.3131560773879078,0.23115127,0.046897434,punch
0.4878393557945787,0.3326078830595429,-0.09514304,0.999954,0.47985803493640633,0.32109862881411455,-0.06495438,0.9999525,0.49086116330812624,0.29396558627341196,-0.093677804,0.9999667,0.4880079463107052,0.315363836603098,0.112307034,0.9999486,0.5155197293017115,0.3053015870857885,-0.025541902,0.9999896,0.48536372855787946,0.3496054613182563,-0.025808934,0.9999361,0.513122872083373,0.3492931086158088,-0.06591891,0.9999698,0.4542749391958688,0.4602422284690029,0.21171062,0.99982387,0.5948210747551486,0.42985875027255366,-0.009208302,0.99993795,0.4283106089551192,0.6292445653409044,0.078023545,0.9944411,0.6389797147151522,0.5837035637399455,-0.25989333,0.99936557,0.5306595975253314,0.5016362676004292,-0.44768625,0.99865216,0.4351553020863519,0.515752769656407,-0.20545986,0.99802107,0.5640116643070507,0.7976271614122687,-0.055326454,0.99980366,0.467311292163888,0.7879350213288504,0.056042034,0.9998281,0.574202553021527,1.0659629088312026,-0.07749049,0.902395,0.4614954471202013,1.0560589484473728,-0.067988835,0.9058832,0.44759761445270585,1.304515367405206,0.191062,0.09466641,0.6067466457500823,1.292650772156945,0.21275163,0.097314626,0.4548627128786168,1.3372551054981676,0.21022093,0.07641989,0.6060689184313968,1.312189073979497,0.23595934,0.046253826,punch
0.48307182611899346,0.33271131111383895,-0.10561804,0.9999363,0.4797551641808159,0.32038883433936216,-0.07466435,0.9999383,0.5024411211676385,0.29275556401176384,-0.104580626,0.99995565,0.48833154234426857,0.3230148557460081,0.10627774,0.9999333,0.5188892174289201,0.30029392817675726,-0.03568013,0.999987,0.4789241317307702,0.36073388159558706,-0.03490215,0.9999115,0.5051999342909002,0.34302704171473536,-0.07641122,0.9999578,0.45066770056628946,0.4626098805842578,0.20985222,0.9998011,0.5997648185475942,0.4288719584181045,-0.022063715,0.9999342,0.43201871189338714,0.6412679171552456,0.06587086,0.99413365,0.6402601650062087,0.5913910501358483,-0.2759019,0.9994,0.5253285507152732,0.49341866642097654,-0.46129212,0.9987705,0.43850856771943114,0.5197776004385043,-0.22926764,0.9979888,0.5644259953001549,0.791679397342823,-0.05597224,0.9998128,0.4718100695517621,0.782414290394352,0.05667142,0.99983597,0.588966697955055,1.064563621701883,-0.075680636,0.9040171,0.45375010312942166,1.0455176329585931,-0.06503069,0.9069263,0.4496620993519286,1.3127164865258234,0.19131,0.09136739,0.5958399335014248,1.2902464781825376,0.21078677,0.09407871,0.4621262528884369,1.325012019384008,0.20955408,0.074116156,0.6032545513476522,1.3175132142750317,0.23467103,0.044772115,punch
0.4912314390465714,0.33363784240772365,-0.1156255,0.9999132,0.4866947041089321,0.32289080136026427,-0.08406394,0.9999194,0.4993559635779362,0.2983347143456778,-0.11328099,0.9999407,0.48538117484422283,0.3175696785697871,0.10029316,0.99991226,0.5316068918136114,0.30355944912432026,-0.03877999,0.99998313,0.49098507275140313,0.3578827810769413,-0.043678813,0.999882,0.5098258446852726,0.3480264585676844,-0.08417149,0.99994284,0.4568338353839796,0.4576530433309836,0.20826432,0.99976933,0.601631943347782,0.4328585007616911,-0.022082297,0.9999278,0.43148064371519457,0.6292616068221423,0.060976356,0.99350035,0.6429356141468209,0.5882971324878539,-0.27377525,0.9994165,0.5230361933023414,0.5006635348720372,-0.46505904,0.9988655,0.4335112139705505,0.5185212961141487,-0.23570986,0.9978318,0.565706563249845,0.7937719567262661,-0.055987477,0.99981683,0.4735670734513653,0.7892020605754921,0.056681573,0.9998393,0.5859896256877519,1.0801952359960152,-0.07621378,0.9052554,0.463078960238929,1.062665440191789,-0.06501957,0.9076261,0.4502962661247034,1.3116003233634692,0.19002396,0.090299085,0.601681432933004,1.2852082361540482,0.20997682,0.093302906,0.4564333250472683,1.334683831338944,0.20785522,0.073276676,0.603924075122087,1.311971487660583,0.23330858,0.0443264,punch
0.49107162472540067,0.33219173902203136,-0.11414014,0.9998813,0.48734895380383225,0.3109665527213413,-0.083519205,0.9998908,0.5100733779596112,0.3029580265601674,-0.1132591,0.99992114,0.4810248890765376,0.3306262806576963,0.09831763,0.99988055,0.5359290900867419,0.30925356596806425,-0.042033367,0.999978,0.4909258632953083,0.3560832525670399,-0.043030877,0.9998459,0.5163811509688214,0.34648104255599116,-0.08413749,0.9999263,0.45349262308468374,0.4585590965515241,0.20709312,0.99972,0.6026264412966782,0.4281509680943452,-0.025951896,0.9999223,0.43571513224729297,0.6309426965700742,0.057775706,0.9922779,0.646537177635099,0.5858718319926698,-0.27518144,0.9994242,0.5221916620184341,0.4892626447100824,-0.46288833,0.99894595,0.4546900696876629,0.5154035052529302,-0.23934479,0.9974248,0.5688920817569845,0.7891800798323568,-0.05590891,0.9998112,0.46485501760801706,0.7868340668755796,0.056582846,0.9998317,0.5820150339085959,1.0723614855138197,-0.07386201,0.9057074,0.45903841136616297,1.0553047738396935,-0.064662606,0.9073775,0.4429699489331449,1.30681347706481,0.18311976,0.09150553,0.6018797891206662,1.2829561475503068,0.20570116,0.09576855,0.45943321709593854,1.337012307950978,0.19969204,0.074034415,0.6031960631221733,1.3174814667954635,0.22620516,0.045120005,punch
0.48532958978548313,0.33523777092089235,-0.11928705,0.99985445,0.4769881012592787,0.31707781920687056,-0.087205835,0.99986863,0.5017872430216217,0.2992190868801885,-0.116579875,0.99990475,0.48324662791655415,0.320772329323229,0.096165046,0.99985534,0.5225091712809866,0.30645411696787606,-0.043363295,0.99997354,0.4919476700087331,0.3513976584361772,-0.04789123,0.99981445,0.511758128077624,0.3590193935892987,-0.088650055,0.99991053,0.4536471319494815,0.45724715324232673,0.20659275,0.9996814,0.6091060661495982,0.4311814890773906,-0.028418815,0.9999167,0.4424030522124299,0.632789064645873,0.06061388,0.99139196,0.647408719329305,0.5960972324787993,-0.27564147,0.9994333,0.531864295408829,0.48779491775342754,-0.47169003,0.9990188,0.4406179913516488,0.5180111017954433,-0.24077602,0.99708605,0.5724525746066564,0.7923814864061516,-0.05587293,0.99980825,0.46298319002346855,0.7845318053491436,0.05654145,0.99982846,0.5837530993470444,1.069446590366816,-0.074827656,0.9063544,0.46179023261688656,1.0421794853867554,-0.06547578,0.9073867,0.45709583953819055,1.295537988697362,0.17818053,0.09168354,0.5956061550715362,1.2898031531664982,0.20409496,0.095972024,0.4622218086314549,1.3423509990773534,0.19456555,0.07445782,0.6071797119241116,1.314187393878225,0.22388127,0.04526184,punch
0.49911130165740825,0.335972427025688,-0.13081405,0.9998434,0.48153957610590226,0.31773234046193094,-0.100365065,0.99985975,0.5106418661788408,0.3004164603885096,-0.12839028,0.9998978,0.47604582141595286,0.32439396696776673,0.08366872,0.99984336,0.5362549257238829,0.30468219912208055,-0.049897514,0.9999717,0.48748413307200245,0.35764295728104867,-0.058825534,0.9997998,0.5024392458141075,0.3537515910303815,-0.09765579,0.99990284,0.45393801100762754,0.46819467916142044,0.198034,0.99965966,0.6076082523427266,0.429122465753629,-0.030197233,0.9999131,0.44335351708433335,0.6324230538134796,0.05300978,0.9911367,0.6414964061499178,0.5740551345538586,-0.27911988,0.9994534,0.5223999806644244,0.493698683250723,-0.48113555,0.9990937,0.4427549256063469,0.5229605355145409,-0.25254267,0.99704075,0.5556210939578148,0.7844512374098624,-0.05588015,0.99981123,0.4781319078152627,0.7846776526159828,0.056545038,0.9998306,0.5891251746050157,1.0711297749407922,-0.07575512,0.90898776,0.4691949561251688,1.0483972907342334,-0.062997,0.9093445,0.4468452345473469,1.3009934229126259,0.18090443,0.091930695,0.5976352665631051,1.2838518651904747,0.2048227,0.09519537,0.452384218349849,1.3461546418755876,0.19736733,0.074665084,0.598002066956665,1.3165719885603888,0.22494738,0.04501107,punch
0.49798294070917715,0.33187895493909975,-0.13131495,0.9998281,0.4834267079225687,0.3185556577965171,-0.1004892,0.9998484,0.5033779814658246,0.29816207913983866,-0.12884131,0.9998891,0.47596299633186556,0.3210905284797877,0.08109291,0.99982905,0.5317860399678034,0.31016436254417895,-0.05043883,0.9999696,0.4981791440700225,0.354546753572161,-0.059085183,0.99977475,0.5017050648626293,0.3529575980333369,-0.09832528,0.9998905,0.46232753120484416,0.4666217087293331,0.19353656,0.9996206,0.6014299452245262,0.42544892123149414,-0.031038081,0.9999072,0.42709344949447603,0.6288725179431001,0.046097986,0.9910106,0.6382136107501051,0.5764102719073162,-0.27543655,0.9994742,0.5237379905471299,0.5009430064592981,-0.46476245,0.9991603,0.4382076739082863,0.5292697652815586,-0.25018203,0.996972,0.5722590945901047,0.7872390220284213,-0.055835553,0.99981564,0.46959969560467685,0.7866825764587144,0.056497056,0.9998337,0.5801451581732737,1.0591487213091926,-0.07635538,0.9120756,0.4657603472543306,1.0428031447853157,-0.061718952,0.91171455,0.4521357565981,1.2994988836477555,0.17943929,0.09119562,0.6028670990619833,1.2843867148635404,0.20550027,0.09317346,0.4580629854991696,1.3256589915323223,0.19538033,0.07430561,0.5963411545807094,1.3122602728539745,0.2259777,0.044420604,punch
0.4897919670630624,0.3319446217352428,-0.13173006,0.9998146,0.4864263686059216,0.3119641069473728,-0.1007975,0.99983644,0.5028195301275564,0.3046750981697323,-0.12919354,0.9998816,0.48785341182374375,0.32138532213571047,0.080478325,0.99981457,0.5318579665856666,0.3020325697983655,-0.05088318,0.99996763,0.49690060961648186,0.3489879429263069,-0.05944871,0.9997523,0.5099630796545119,0.3520870432134952,-0.09879311,0.99988014,0.4598138676094462,0.4613532660807737,0.19177434,0.99957824,0.5984850566552649,0.4278265667127044,-0.03174287,0.99990296,0.43075119858864563,0.6319673557749605,0.046722148,0.9907699,0.6412630187677328,0.5959841680732605,-0.2759552,0.9994896,0.5184468782170388,0.5063462739447444,-0.46578446,0.99921846,0.43490340292073737,0.5230693075007794,-0.24864423,0.9968091,0.5651428809417318,0.7910734355956777,-0.05583471,0.99981576,0.47514651784577167,0.7807127497147597,0.056495685,0.99983233,0.584535646288816,1.0612959723286377,-0.075515896,0.9141766,0.4646147807080744,1.0474825181118845,-0.062429745,0.9135304,0.45457777590614634,1.2976507742843515,0.16803092,0.09082205,0.5992477979020379,1.2861531054869388,0.20790915,0.091700695,0.4501439726491787,1.3401787457849836,0.18292259,0.07473816,0.5960525720243514,1.309133196611741,0.22887513,0.04432869,punch
0.5031280248552281,0.3426671764855297,-0.13139263,0.9998165,0.48662113001397356,0.3088701112677452,-0.100722134,0.9998381,0.5003369827829325,0.30412809327287244,-0.128602,0.999883,0.47723977306885623,0.31862291624135725,0.08047102,0.99981624,0.5292493099217559,0.31705682386949413,-0.049619637,0.999968,0.48985026020535294,0.3557609574174279,-0.05963878,0.9997515,0.5042498868786278,0.3558857330432131,-0.09832533,0.9998793,0.44617833598466095,0.459218196318363,0.19166033,0.99957013,0.6070914685285915,0.4305599718998652,-0.02983455,0.9999027,0.4298576716428002,0.6300122882989334,0.04891964,0.99096555,0.6406963195296365,0.5921647896152339,-0.27237004,0.99950933,0.5214256761916644,0.5000011884415139,-0.46910352,0.9992777,0.43263722079593325,0.5239315631261782,-0.24625161,0.99687034,0.5678726885585801,0.7874143519907396,-0.055696916,0.9998208,0.4705331718740652,0.7749635607815126,0.05635361,0.99983644,0.5748069531553337,1.0691747201920863,-0.075489916,0.9167046,0.45352509599470714,1.0482286582586968,-0.06354072,0.9158679,0.4498786673839327,1.3017116691017134,0.16362599,0.08991502,0.5950835908344323,1.2828987738655397,0.21233737,0.089683585,0.45261219524033625,1.342272314384194,0.17858727,0.07481254,0.6093880647506955,1.3149825204692174,0.23435047,0.044037666,punch
0.48818395899270084,0.3328626404373927,-0.13133143,0.9998164,0.4848849936126316,0.31719509625662695,-0.10060487,0.9998387,0.5087967897199046,0.29185871565278787,-0.12816739,0.9998834,0.480435582554919,0.3281454505696775,0.08062912,0.99981695,0.5423337851246156,0.30894013580417995,-0.048092708,0.9999681,0.4978517197860477,0.3492453683481288,-0.05979728,0.9997486,0.5163135410923758,0.3550503799681384,-0.098095134,0.9998771,0.4491348732213367,0.45965964417955035,0.19189255,0.99956065,0.6054189552179123,0.42947088443783316,-0.028170854,0.9999016,0.43049621285217166,0.6237879649024657,0.05047957,0.99113005,0.6428813241596831,0.5959681846296055,-0.26965553,0.99952644,0.526953845855884,0.4978566262626335,-0.4671536,0.99933004,0.4275983780350959,0.5217540212207562,-0.24418065,0.9968983,0.5646184783643782,0.7844652004205923,-0.055411495,0.99982554,0.46315838382983077,0.7904004081080171,0.05606275,0.9998402,0.5929741007144331,1.0702103713140279,-0.076790996,0.9197911,0.4541112480402759,1.0524075264410515,-0.06350031,0.9186881,0.4492854084728449,1.3109193038844502,0.16790608,0.090100676,0.6029103936206179,1.2745918061674963,0.21487322,0.08835798,0.456415668939789,1.3400853466556057,0.18353184,0.07539685,0.5981874068189879,1.3101797560517086,0.23772709,0.044082895,punch
0.4843696843887316,0.32897371142329496,-0.12879024,0.9998206,0.47978022766649964,0.3080366610749705,-0.09809269,0.999842,0.5020985017146454,0.3067444596268669,-0.1242254,0.9998857,0.47756008298427033,0.3267843988723138,0.081921205,0.9998204,0.5298001268158773,0.3062363147154357,-0.041134648,0.9999685,0.48446976024409805,0.3604705049212361,-0.058339745,0.999751,0.5067696559224322,0.35992725012042787,-0.09481372,0.99987763,0.45641648018279346,0.4612091342256331,0.19177155,0.99956375,0.6025456219184558,0.4307579874029438,-0.019725844,0.99990183,0.4336001593876956,0.625236003682594,0.05036387,0.99139893,0.6327621862999209,0.5901024230314733,-0.2571785,0.99953973,0.5283615509547845,0.49643028759227403,-0.45391312,0.99937606,0.4330808407552664,0.5268059576308959,-0.24097109,0.9969774,0.5676053613131764,0.782649194418855,-0.054285407,0.9998296,0.47093488655091975,0.7904372060779365,0.054912627,0.9998437,0.5812193783971122,1.0661920906542395,-0.07688719,0.92237115,0.4636659891093219,1.0527432867340107,-0.06436595,0.92117876,0.45142920505414597,1.3060744765264687,0.16677597,0.09105874,0.5897332231654087,1.2833811974033407,0.21456642,0.08791959,0.45193454619829254,1.3385143666675363,0.18240827,0.076000914,0.5904971127359081,1.3162576381223454,0.23741691,0.044227496,punch
0.4952542187927683,0.33169487882916027,-0.13028878,0.9998286,0.48665852651867947,0.32027387145928415,-0.09972108,0.99984884,0.5148343869800834,0.3086133796453121,-0.1251283,0.9998903,0.485606428299478,0.32162590934323987,0.08035127,0.99982786,0.5368359418712937,0.31174729279814367,-0.042353425,0.9999696,0.4819482913247932,0.36766082638263486,-0.060183715,0.99975926,0.5047249538026917,0.3536005147493778,-0.09573701,0.99988097,0.45839763398291444,0.4552633476207769,0.19007836,0.99957764,0.6074882004240683,0.43099420515232334,-0.021115305,0.9999034,0.4241808226106619,0.6352174237091756,0.051210295,0.99176013,0.6425442713665803,0.5927514708728843,-0.2608002,0.99956125,0.525038799327942,0.49649636924038976,-0.46096516,0.9994259,0.42783941989572905,0.5225895291322887,-0.24397998,0.99712545,0.5610539598305156,0.7895349690198663,-0.05349608,0.9998349,0.4647102904626286,0.7843672800118514,0.05412648,0.9998486,0.584428603324875,1.0673836353777282,-0.07599,0.9245981,0.46732220659740387,1.0501562388819756,-0.06482095,0.9229756,0.43710268924823326,1.3051862998364219,0.16515961,0.089821085,0.5970945916917243,1.286524934900532,0.21449268,0.086253114,0.46240398137144667,1.3391158870636197,0.18053111,0.07556229,0.597824649786243,1.3147831427903418,0.23705742,0.043860655,punch
0.4976459212746943,0.3302989828173276,-0.13036026,0.99984425,0.4825611362356236,0.3133872667239118,-0.09984111,0.9998626,0.5030999960927931,0.3018936964151943,-0.12547328,0.9999002,0.4777017589320255,0.3247020606802336,0.081176095,0.99984354,0.5346671784293773,0.31413415678140993,-0.040962484,0.9999723,0.48814750951610075,0.3522028652947862,-0.06020371,0.9997808,0.511533731707182,0.34370598696529525,-0.09607957,0.99989146,0.44444403147989353,0.46160868896252555,0.19003525,0.99961364,0.5951192868943622,0.43233965015269005,-0.011674529,0.99990976,0.4277342305187759,0.633845151784371,0.052160256,0.99242884,0.6457251942673632,0.5871145009971298,-0.2628263,0.9995894,0.5303809680061937,0.5025433901888466,-0.5061586,0.99947804,0.418930085272482,0.5198140915462953,-0.2574473,0.99738544,0.5687005127621896,0.7868439698934321,-0.049374137,0.99984366,0.46406176888856676,0.7825582859418134,0.050045438,0.99985766,0.5870376456586288,1.0704025673698967,-0.07006212,0.92722756,0.4638822187173197,1.0477876295179287,-0.079973355,0.926582,0.4452297831646752,1.304700691630671,0.1542913,0.08946262,0.5933348786729948,1.294241525984156,0.21868506,0.08547203,0.44996997395260396,1.3401301727505406,0.17031042,0.07615887,0.601992162540408,1.313623510090092,0.24145961,0.04442262,punch
0.48966352644394806,0.33255347440781646,-0.1310663,0.9998578,0.4812744308678957,0.311601428607457,-0.10037303,0.99987453,0.5092334690452857,0.31153155220225226,-0.12619135,0.99990886,0.4793370096549262,0.32813528240746587,0.081208855,0.9998571,0.5262205279896133,0.3027999037163312,-0.04202884,0.9999746,0.4867946819908422,0.3590666422030512,-0.060531933,0.9997995,0.5088764257379561,0.34724924995757667,-0.09682,0.99990076,0.4459410905091624,0.4604938454338574,0.1900968,0.9996448,0.6002102769272633,0.4294317155050022,-0.013927801,0.9999153,0.4244742264492055,0.6330600469284057,0.05082462,0.9929774,0.6420797005620577,0.5923867580637294,-0.265281,0.99960995,0.5287334125528089,0.4962133752962643,-0.5234857,0.99952227,0.4045506725832322,0.5160583397743004,-0.27194315,0.9976052,0.5525179268357561,0.7932725696888502,-0.048275314,0.99984777,0.4687198799588569,0.7879022486471627,0.048915625,0.9998628,0.5790486226424407,1.0705365096258996,-0.07079068,0.9298175,0.4694373281306422,1.0468627675963285,-0.079719394,0.93059117,0.4504267792396789,1.3063700280521944,0.15385579,0.095246635,0.6066960902281262,1.2825609344299471,0.21626878,0.0889161,0.44433604035656227,1.3294912498622964,0.16965535,0.080443054,0.5977338467622711,1.3177080425568612,0.23867121,0.047223367,punch
0.49468446620686335,0.3281214206866083,-0.12748964,0.9998712,0.4918076097006141,0.3200211471931119,-0.09574178,0.9998864,0.5053650306945322,0.3088757942381329,-0.12289878,0.99991745,0.4782957518608466,0.3188880192362677,0.08853873,0.9998706,0.5342096064511234,0.3047519223864709,-0.042299237,0.999977,0.4827685700258554,0.3497344305705402,-0.05652065,0.9998179,0.5044974545129424,0.3560622335920826,-0.09481191,0.9999099,0.4516568569249274,0.46202915584151044,0.19352412,0.9996764,0.6016475809227972,0.4308519531082771,-0.014606997,0.9999211,0.4073052865339988,0.6150262154127591,0.054156613,0.993576,0.6372865293327216,0.5932867561187323,-0.2670935,0.9996376,0.5300027935252015,0.5066636183174071,-0.5278698,0.9995666,0.3863252134851104,0.49592799503600316,-0.26848957,0.9978293,0.5682559303990267,0.783184636188454,-0.048457894,0.9998574,0.465293354174122,0.7870947663749298,0.04909601,0.99987274,0.5866284626893272,1.0676805807727388,-0.07234867,0.93225753,0.4603275716810048,1.0541451106438189,-0.07922361,0.9337022,0.4481047565383829,1.3034449134660657,0.160194,0.09362542,0.6045864739664617,1.2844936942338416,0.19955337,0.087565854,0.4602206931785967,1.3377420264655555,0.17705455,0.080050275,0.6016668468109427,1.321194151441222,0.22057362,0.047239512,punch
0.4885225062205186,0.3292217419360006,-0.12572026,0.9998833,0.47334585860978307,0.3127730848359811,-0.09311117,0.9998971,0.5003993254638817,0.3092645744912243,-0.12102687,0.9999252,0.4721405018583533,0.321462201842039,0.09251459,0.9998828,0.5254879973801664,0.3114392110657897,-0.042222224,0.99997914,0.47834275570613005,0.3424308594139589,-0.05460623,0.99983454,0.507572038519845,0.3464405059842499,-0.09383753,0.99991804,0.439657091515105,0.4622448350594733,0.20001158,0.99970454,0.600398814377562,0.4237195376774628,-0.016473768,0.9999262,0.40183908588009454,0.6106930104666454,0.06269997,0.99411666,0.638612520195044,0.5869155169443055,-0.28065914,0.9996646,0.5307372826635667,0.5002313565909146,-0.54154336,0.9996075,0.38578338790373823,0.4814825692208775,-0.26319438,0.9980324,0.559771496518878,0.7832262576450909,-0.049202032,0.99986756,0.4553081518786858,0.7829429033319586,0.04983864,0.99988264,0.581028626609216,1.0637097985742006,-0.08125809,0.93432635,0.4527227481967382,1.0513345711323263,-0.06930173,0.936315,0.44440852187099433,1.3082084061947392,0.16959533,0.09075089,0.6060355491978748,1.283311132117159,0.1915765,0.08405546,0.4513155406655909,1.3388030389876062,0.18640842,0.07811483,0.6010259663688808,1.3097548220051785,0.21329364,0.04571804,punch
0.4869611325513644,0.32040510749779094,-0.1284736,0.99989456,0.48101055484728683,0.31427626524667407,-0.09383689,0.9999071,0.5095600419543276,0.30046490855303604,-0.122983314,0.99993247,0.47860542515322346,0.32852796666571105,0.092440724,0.9998942,0.5257446144530905,0.29430042482544105,-0.044176448,0.99998116,0.48613545593109764,0.36030466175185416,-0.05609254,0.9998502,0.4940600613627395,0.3515145225688186,-0.097073026,0.9999258,0.44907787897218643,0.44843866242367897,0.20711198,0.9997314,0.6064876697189283,0.43065302728664645,-0.027892387,0.99993175,0.4025439632083775,0.6027757625915469,0.088702604,0.9946477,0.6380395540558634,0.5963139208207898,-0.3052011,0.9996935,0.5171525885748072,0.5038174777806191,-0.580327,0.9996457,0.364244105050472,0.4846354725117907,-0.23081052,0.99822146,0.5650775783538027,0.7797310993607048,-0.05021891,0.99987835,0.4636719802956306,0.7807980172272634,0.050895244,0.9998928,0.5789493666752243,1.0761066618318416,-0.08377937,0.9362507,0.45694907493199455,1.043887366036547,-0.06358022,0.9382949,0.4470770702071024,1.3083671232024683,0.1821895,0.08531629,0.5992062914522165,1.2877403453331246,0.19390123,0.07875615,0.44630166222825285,1.3419088248177296,0.1997207,0.074133165,0.5980731613319981,1.327900260829395,0.21495788,0.043297246,punch
0.4789796978320111,0.3283737654217094,-0.180065,0.9999047,0.47467975428621234,0.31410113931277306,-0.14488022,0.99991596,0.501256889975495,0.3040810946883915,-0.16944465,0.99993896,0.4740738633684086,0.32084247460254917,0.051036853,0.9999043,0.5247151150918987,0.2975939470715157,-0.067880824,0.99998295,0.486702836314595,0.3453057157239423,-0.10535179,0.9998642,0.5042436931417351,0.34886117245008663,-0.14001729,0.9999327,0.44872986200936416,0.4560517231366504,0.19660255,0.9997544,0.5936849095252192,0.4300859924140519,-0.05157551,0.9999361,0.38010404199273484,0.5966572620317285,0.105801,0.9951118,0.6417440866110642,0.5994813194234935,-0.31759214,0.9997186,0.5248888833823137,0.5007433422452777,-0.59886336,0.99967945,0.33996520051567647,0.46241945236414794,-0.18242839,0.9983869,0.5561627814802017,0.7886233816618612,-0.05056731,0.99988586,0.46132334591312085,0.780415162333434,0.05126222,0.9999004,0.5919387882044664,1.0717974840085365,-0.09341609,0.93643785,0.4671886482423374,1.0449002676868915,-0.063837186,0.9374798,0.44151775381669756,1.3052554663099574,0.18187921,0.080334134,0.590020047430373,1.2986813490394735,0.18596812,0.07400962,0.45353702226119785,1.3395171990512669,0.19898461,0.07053702,0.6126598719472687,1.3103501207397978,0.20827207,0.04116056,punch
0.4938800883966863,0.32673765799192933,-0.22553198,0.99991375,0.4768082191006012,0.30861242581537207,-0.18896471,0.9999239,0.5024986714544986,0.2996524131255104,-0.21085438,0.99994475,0.47522353381001126,0.312778721957597,0.01588263,0.9999133,0.5259204240215449,0.3020982892981233,-0.088646784,0.99998456,0.48160828403260725,0.34838366242949864,-0.14767751,0.9998765,0.4998374004308477,0.3460199628541154,-0.17799318,0.9999387,0.43220626274215734,0.4579537919927446,0.18276653,0.9997723,0.5950353120509535,0.4328377781512426,-0.07082119,0.99993867,0.36894280875578334,0.5761717392280039,0.11056973,0.9955404,0.6348703971793186,0.5961866228776718,-0.333249,0.99974155,0.5314475613265947,0.4987139268036319,-0.62450975,0.99970955,0.30853090290964347,0.45894383172672876,-0.16328968,0.9985329,0.5603431201191171,0.7908150867762583,-0.050584175,0.9998894,0.4572451313811965,0.7930118309403792,0.051299036,0.99990475,0.5846385381391563,1.0754998769705786,-0.10173945,0.9358709,0.46098149624412765,1.0487971543618446,-0.06412302,0.93598,0.4608631582520605,1.3094809636204598,0.1817604,0.075609535,0.6012649855888434,1.2914600926387818,0.17384225,0.069255896,0.44326016706871374,1.3461421964480522,0.19757667,0.0670044,0.6028755355449339,1.307838887930518,0.19566324,0.039223608,punch
0.4896985259178226,0.3287591928264548,-0.26587015,0.99992186,0.4786456254416597,0.29752108955679096,-0.22447774,0.999931,0.5128097587400333,0.2962271841412343,-0.24486363,0.99995,0.46984803178658896,0.3228557039350866,-0.0033800832,0.9999213,0.5248664433959218,0.3080301749229175,-0.10000268,0.99998605,0.48121134297511414,0.34895042674429133,-0.18321478,0.99988735,0.49916706496512175,0.33911825964856496,-0.21110912,0.99994403,0.43546029143311615,0.45872333866941856,0.18074162,0.99978536,0.5962269266608993,0.43025098258251887,-0.08518803,0.99993896,0.3515180225217428,0.5614846286703986,0.16245404,0.9959242,0.6353365955080135,0.5958844788163192,-0.3590142,0.9997623,0.5212840233007789,0.4920341996976993,-0.66556793,0.9997363,0.283423619241604,0.4532817635930359,-0.05740261,0.9986632,0.5552479159784359,0.7875543979953693,-0.052326553,0.9998929,0.46613469679164665,0.7859542649307498,0.053154428,0.9999089,0.5770419990899308,1.0670673402211936,-0.106511176,0.93112445,0.4592424545100081,1.0704614823274428,-0.064266324,0.9303259,0.4464736963263102,1.2870108927692334,0.1864846,0.070243254,0.5989247773459734,1.293719957846076,0.17601167,0.06397714,0.4531352852752809,1.3353838952103565,0.20153745,0.06288038,0.5965858972158926,1.319052831375821,0.19788723,0.036655974,punch
0.4888157001074859,0.31464947710313623,-0.2654379,0.9999291,0.478552698126691,0.30458875010557834,-0.22405389,0.99993724,0.4985117105588559,0.31137142331270884,-0.24544725,0.99995464,0.4790264176754262,0.31870508438936623,-0.0033235564,0.9999284,0.5266078189191029,0.3066495879264089,-0.10406762,0.99998736,0.4830419473666645,0.34944783864105766,-0.1828603,0.99989706,0.5077280508308676,0.3480825345315413,-0.2121818,0.99994886,0.43784281603136443,0.4485797098687868,0.1797708,0.9997976,0.5900541238111003,0.4332157765294477,-0.090895906,0.99993914,0.36027175616943563,0.5552448944738448,0.15886953,0.9962434,0.6303235946990612,0.5905661492019139,-0.3693596,0.9997798,0.5274650751792955,0.5026181886154386,-0.6777199,0.99975985,0.29405213810940023,0.4515659025900081,-0.07263707,0.99877524,0.5580965860954215,0.7964522225769275,-0.053383786,0.9998948,0.45720707164431473,0.7855542827071018,0.054243438,0.99991196,0.5878500629690006,1.0743590424687468,-0.10925653,0.9248271,0.46371119192836907,1.0470502950724425,-0.06726124,0.923023,0.4485725185847709,1.3157362733690092,0.19397575,0.0656157,0.6032840794272252,1.2895930708112033,0.17441152,0.059628878,0.4482338850154812,1.3332259554168524,0.21011207,0.059359882,0.6020755462681842,1.316426137983438,0.19614697,0.034481432,punch
0.47533711604247286,0.32541954518603267,-0.26922876,0.99993575,0.4720043784082829,0.30882853936928417,-0.22603743,0.99994296,0.5102962163332324,0.3054057360524604,-0.24615046,0.9999589,0.4761412840584103,0.31825184713345034,-0.004223151,0.9999349,0.5216228684842108,0.303023330566633,-0.099869534,0.99998856,0.4828204611034932,0.3487739665647752,-0.18703242,0.9999059,0.497114253404511,0.34282703113265434,-0.21435535,0.99995315,0.43875933390990085,0.45413539663407265,0.18105005,0.99980795,0.5956048973658487,0.4312595847374507,-0.09763584,0.99993545,0.34199330534917294,0.5189188033418886,0.23585549,0.9965527,0.6409660042065068,0.5877864093446364,-0.39090925,0.9997933,0.525978123332538,0.5068596203756076,-0.7093667,0.999779,0.2379555276515546,0.43585651912646833,0.103535496,0.99888223,0.5678499371762769,0.7971852452606006,-0.05738204,0.999895,0.4584393505048262,0.7906024497745364,0.05818493,0.9999146,0.5801519279249172,1.0789873195027242,-0.113837264,0.918237,0.45147362230767074,1.056145041613143,-0.06672044,0.91699445,0.44186539401908986,1.3111285718595558,0.20675986,0.06287399,0.6014229203731181,1.2941693246250934,0.18855387,0.056649055,0.4445944595591693,1.3366050259858018,0.2230436,0.05831988,0.6072698274763486,1.3127934053553232,0.21331963,0.033237275,punch
0.48445991784909226,0.3270571901515409,-0.27018106,0.99994135,0.47162155159613905,0.30200204186662316,-0.22968343,0.9999474,0.4959157006393622,0.284887750740759,-0.24891081,0.9999625,0.47545301080657043,0.3157917096855704,-0.016024705,0.9999401,0.5285004837379483,0.2913973502293002,-0.10530522,0.99998957,0.4950690432930085,0.3432696690409568,-0.19016564,0.9999125,0.5095311218214265,0.3454172963865138,-0.21602702,0.9999564,0.43504282898546875,0.46462095479673576,0.1677849,0.99981,0.6029288806510138,0.43154364058332656,-0.11563291,0.99993175,0.3176185703402785,0.49189800348816126,0.22569308,0.99679947,0.6400117696236081,0.585096603266167,-0.4379724,0.9998054,0.52345969735508,0.5051068826699049,-0.77615726,0.9997959,0.22237634536687456,0.41842995726372617,0.113495454,0.99896795,0.564783540344476,0.7979608125364012,-0.05724188,0.9998905,0.4652373442795925,0.7845031513940054,0.058036696,0.99991286,0.5888163802451309,1.0711304497811347,-0.11362004,0.9118888,0.46555273852055223,1.056097557498704,-0.06729157,0.9109808,0.43986300145652024,1.3108314266416219,0.20469165,0.06143979,0.6090426089736916,1.2830164609269925,0.18559591,0.054882918,0.4572575245314675,1.344742057559956,0.22109833,0.05888031,0.6043328212644169,1.31933438301919,0.2097927,0.032917626,punch
0.49614352028432873,0.31679933658016896,-0.27884498,0.9999448,0.4671601407411964,0.2959313046685168,-0.23894234,0.9999488,0.5012457223660587,0.29812124617039215,-0.25830227,0.9999648,0.47848437036183045,0.31095087047767034,-0.028365761,0.99994165,0.5250245494819532,0.29291554060158664,-0.117623046,0.99999017,0.47837749818539965,0.3495892796607134,-0.19950494,0.99991465,0.5025605768958089,0.34063554507470006,-0.22538695,0.99995756,0.4285901104918123,0.4482215265986284,0.14238034,0.9997996,0.5909892362366587,0.43031839510935355,-0.14130189,0.99991924,0.3215922388060426,0.4659243623692487,0.19369611,0.9968894,0.6357996648492774,0.5825224817139625,-0.48741883,0.99980366,0.5260918819311475,0.49460264451566305,-0.8342784,0.999802,0.21837906754903724,0.41185518005074795,0.07750162,0.9990035,0.5529105945492139,0.791380061631995,-0.056954227,0.9998553,0.46703537566448494,0.7847436890010463,0.05768115,0.9998893,0.5742588480908031,1.0755781301361917,-0.11476506,0.89934367,0.4539891000643209,1.0594598996505347,-0.07194264,0.9010511,0.4513632686463843,1.2946505087600402,0.20128122,0.0634713,0.6045195767687359,1.2919553458360211,0.16514435,0.056253813,0.4518698026705187,1.326085209622097,0.21763353,0.062289737,0.6030840014871014,1.3143254205893375,0.18618685,0.03407348,punch
0.4887406471006157,0.31897576228662317,-0.29139665,0.9999474,0.4665500573058158,0.30014089891032747,-0.2532084,0.99994874,0.49656996123682495,0.29350746486016044,-0.27234426,0.9999663,0.47788233104221856,0.3184882074365375,-0.046169225,0.99994135,0.5268263292505702,0.30401327214798607,-0.13517186,0.99999046,0.4853502409379338,0.3448060262232101,-0.21266055,0.9999156,0.5064606975505994,0.3474964723309782,-0.23840268,0.9999581,0.42033173350525344,0.44925514953608753,0.12387407,0.9997918,0.5921354593364452,0.42167986081998043,-0.15526088,0.99990696,0.30945996990527835,0.45080585568677306,0.17987004,0.9969933,0.6438437433319164,0.5854876024313208,-0.49595755,0.99979335,0.5265461274820501,0.50725039780222,-0.8403508,0.9997979,0.21454830157309468,0.41009598952738296,0.062362976,0.9990327,0.5670484439082988,0.7908475643288538,-0.05625304,0.9997917,0.45883308822616775,0.7878149755178786,0.056867808,0.99984235,0.5820167069309856,1.0645635903253396,-0.11875433,0.892178,0.46016153438071405,1.0561496809898647,-0.068323866,0.8960732,0.45130736210018907,1.280190223068745,0.20246267,0.071892895,0.6028096373283212,1.2713093809225136,0.14999385,0.061962575,0.45195379418901094,1.3123551880336777,0.21858656,0.07144958,0.616859741268122,1.3017999645775824,0.17024358,0.037774365,punch
0.4803934318855194,0.3235891617128167,-0.2786257,0.99995077,0.4684890150326281,0.3046700509825106,-0.2402215,0.9999506,0.5035436922608634,0.29171133070109223,-0.26060358,0.99996847,0.47578674502499174,0.31905073832836894,-0.033638325,0.9999437,0.5236179986228511,0.3083053391900504,-0.12840956,0.999991,0.48001584495488603,0.3453276640567026,-0.20015517,0.9999181,0.51187274583857,0.3407471078445993,-0.2275962,0.99995935,0.4318188298561495,0.44297828574070086,0.13348857,0.999787,0.5937592020549284,0.4279249352109196,-0.14413472,0.9998985,0.31321803148738225,0.45430087294672467,0.18840916,0.99713516,0.6337063901345303,0.5851877019165264,-0.47699293,0.9997936,0.5207337557084435,0.5048913159165029,-0.8159262,0.99980414,0.21126915419492187,0.4029311210507914,0.08607228,0.9990782,0.5687320823048739,0.7915827685843562,-0.05358083,0.9997662,0.4681620274741395,0.794374559222568,0.054140788,0.99982595,0.5840116567022315,1.0678251367011475,-0.116380736,0.88423675,0.469511844791454,1.057818892473544,-0.075201675,0.89004,0.4434466896476955,1.2875224452491947,0.19864526,0.07325111,0.6129827292883512,1.2752215246394607,0.15275192,0.063607715,0.4424569380311624,1.3186943296649885,0.21496698,0.0743241,0.6091059395816611,1.2982093863556547,0.17282853,0.03971377,punch
0.4901016296970738,0.3206754942502308,-0.2702714,0.9999538,0.47471108870050893,0.3067807982184966,-0.23219211,0.9999525,0.5011586497629907,0.3015344876387397,-0.2528196,0.99997044,0.4797733892985063,0.31011620866369677,-0.02713347,0.99994606,0.5242454875681251,0.30394505290635315,-0.122798696,0.9999915,0.48492283483799037,0.3444995674885299,-0.19231978,0.99992007,0.5018551446450678,0.3414788755221706,-0.22005823,0.9999601,0.42464804062788664,0.4442430627169582,0.140268,0.99978644,0.5921509020677284,0.4339692721423487,-0.13890018,0.9998931,0.31265420382161657,0.4565674498405244,0.19897762,0.9973096,0.6329983970681238,0.5919621653921427,-0.46794564,0.9998011,0.5303336024859034,0.5052035693234859,-0.8012196,0.99981594,0.22591830530811774,0.40456363716514904,0.10197866,0.9991391,0.554741262789179,0.791513501927302,-0.05319783,0.9997661,0.46586710265666675,0.7871895973586368,0.053767104,0.9998271,0.5866509306936696,1.0786043227872466,-0.11533457,0.87740755,0.46666646150781854,1.0511410420744693,-0.07632111,0.88391095,0.44386446544252944,1.291371402757174,0.19776708,0.07058423,0.6191780845428279,1.276012338723764,0.15450877,0.061649445,0.4464105066303602,1.331934445315308,0.21404317,0.07300304,0.6180802546236128,1.3027085334169874,0.17488524,0.039144948,punch
0.4913217530782188,0.31802776748087863,-0.26530686,0.9999571,0.47159241470774205,0.3004238477623988,-0.22772443,0.9999551,0.5116628227247355,0.2920562791512247,-0.24839625,0.9999725,0.4710932476984231,0.3136798082153176,-0.02344851,0.9999494,0.5243081645783045,0.30817034424291273,-0.12042894,0.9999921,0.48326201965106297,0.3422480143603513,-0.18748215,0.999923,0.5035174866984474,0.34596485012137174,-0.21566328,0.99996156,0.43293503874517303,0.44116685427704255,0.14814964,0.99978936,0.585846686308994,0.42842037630617513,-0.12993649,0.9998915,0.3215859159218877,0.471120918015603,0.21944153,0.9974861,0.6429148254087604,0.5883684336659218,-0.4502441,0.99981046,0.5263813935497206,0.49458816418979035,-0.77475613,0.9998281,0.2224866577451695,0.4060066405225771,0.11925453,0.9991968,0.5542893060243119,0.787300338498914,-0.053119313,0.99976784,0.4651745131068128,0.7911714624428767,0.05370561,0.9998297,0.5792307833324464,1.0764719600014743,-0.10847958,0.8725445,0.45339855963026887,1.053412650212782,-0.08766839,0.8793782,0.44738386588228574,1.2971877571022312,0.18226562,0.06785944,0.6085802773030857,1.2761727332901887,0.15904883,0.060133025,0.44544951567705793,1.3231490608678254,0.19845566,0.071950026,0.6111323410335445,1.3035646530719462,0.18012309,0.039219465,punch
0.4863747550360604,0.32321017981824646,-0.26272064,0.9999601,0.4818278999824418,0.29742414093931413,-0.22420509,0.99995786,0.4927729794218857,0.287747578660519,-0.24646822,0.9999745,0.4791189334423468,0.31811695990265537,-0.020107891,0.9999527,0.5257720951780389,0.30659319044314715,-0.121847354,0.9999926,0.47387406452623293,0.3515029397859959,-0.18409768,0.99992645,0.5071381116621778,0.35304211678811337,-0.21442132,0.9999629,0.43626819092969327,0.44368004575099707,0.16154626,0.9997943,0.5937863757880171,0.431778121551931,-0.12663038,0.9998877,0.33070437068926295,0.5178219880111048,0.24081235,0.9976497,0.6368936105269862,0.591888745552064,-0.44715244,0.9998193,0.5296885126549468,0.5056858510276443,-0.7721438,0.9998405,0.24058007088252376,0.41786319253597304,0.13269415,0.9992546,0.5581780507488743,0.8009907137160203,-0.054337837,0.99977404,0.4626448422442365,0.7838897121094707,0.054995727,0.9998359,0.5811835688899774,1.0763647953253823,-0.1051628,0.869886,0.4600375601861151,1.0521490781644371,-0.09551036,0.8775266,0.45627501890274014,1.2878387534083091,0.17723367,0.06482308,0.6130607091204462,1.28559523983278,0.16785917,0.058073636,0.4483144310808047,1.3308844068379682,0.19382298,0.06993249,0.6294479384908878,1.310896945132833,0.18891728,0.038373046,punch
0.48800473831277447,0.3157771164990252,-0.23551957,0.99996316,0.4767746100646931,0.30797740417935937,-0.20083606,0.99996114,0.4939940415427493,0.297909310234687,-0.22716299,0.99997646,0.4725142222781201,0.3195700341311618,-0.007949775,0.99995637,0.5364374242302776,0.3104198581161352,-0.12071947,0.99999315,0.4866445244874006,0.34827267428297065,-0.16085091,0.99993193,0.4887710075006083,0.35223941113304164,-0.19717696,0.99996555,0.4421941588500712,0.4570160242469496,0.15988399,0.99980795,0.6015201429087089,0.4302731632649248,-0.12417632,0.9998921,0.35677144007298267,0.56646851596334,0.13353834,0.9977906,0.6419300691036895,0.5881719939297776,-0.41476566,0.9998292,0.5252331340893182,0.49582889848248624,-0.7007041,0.99985355,0.2986913574707736,0.44418945115772723,-0.09588395,0.9993139,0.5653747539741645,0.7927289795077369,-0.053700626,0.9997824,0.4604840765076701,0.7966458725993125,0.05440064,0.9998425,0.5823006607758913,1.0654776134042754,-0.09054925,0.870087,0.45312394978302095,1.0522814699575282,-0.09383647,0.8763911,0.4477750902135229,1.2944155777413757,0.16059981,0.06132409,0.611150447412639,1.2680037290433674,0.16575828,0.055836137,0.46143910789291787,1.319940989168184,0.17672949,0.06639778,0.6209053870470075,1.3150844306219014,0.18575677,0.036907367,punch
0.4860801362777838,0.3289624979489379,-0.14803688,0.99996597,0.47347610668892015,0.30775779700060946,-0.11704582,0.99996436,0.49725966986068226,0.2953139462353168,-0.14499809,0.99997824,0.4771482085085522,0.32466468446718705,0.06226196,0.99996,0.5289292734448563,0.30865852847662595,-0.07090088,0.9999937,0.48603148761909487,0.35083392429506033,-0.07882531,0.99993664,0.4922639003621623,0.3473248048246921,-0.11770842,0.9999678,0.44263408480057576,0.45595686708071625,0.17959683,0.9998221,0.5949362195606864,0.4248381929694544,-0.06977493,0.9998988,0.40029104948045835,0.5996642987671132,0.05885322,0.9979443,0.6367497745930176,0.5840376475226878,-0.35397217,0.99984026,0.5314360919256229,0.4903333761606264,-0.6121205,0.99986655,0.36763171270998396,0.4709825181420853,-0.26229277,0.9993726,0.5695015068913677,0.7978053307432728,-0.05355065,0.9997995,0.45745328681950737,0.7807415019806057,0.054277558,0.9998549,0.578922227966545,1.0617839259221369,-0.072184905,0.87619174,0.46166444258162376,1.0406903068957916,-0.08637583,0.8823024,0.44449745445162947,1.2936073062370614,0.15350921,0.057984173,0.6109366305804784,1.2850415296974915,0.17359833,0.05301428,0.4523860682445269,1.3337251514338382,0.16871496,0.06325631,0.6245569810772694,1.313386750827868,0.19266167,0.03536327,punch
0.48453084152151116,0.32843831559141506,-0.12233484,0.99996746,0.4670911342379478,0.3065777033261429,-0.09189706,0.99996656,0.5025187664868553,0.29335624484137945,-0.116438285,0.99997914,0.48360087827321263,0.32031964476638347,0.087835565,0.99996257,0.526024822359505,0.30526756713554404,-0.031442773,0.999994,0.47877162176762655,0.3458993741112472,-0.052675687,0.99993926,0.5073800368385233,0.35250002700236704,-0.08723913,0.99996895,0.44120854027909684,0.4612367357960418,0.19495726,0.99983233,0.5947935202589116,0.4270436933877726,-0.011934912,0.99990374,0.4156194433004001,0.6158883466004944,0.05245837,0.99803203,0.6337059177881634,0.5932588390938217,-0.2758989,0.9998458,0.5257865961574638,0.49599330845444783,-0.5123333,0.9998766,0.3930421382716739,0.4868066705991491,-0.26107997,0.9994148,0.5619281816895194,0.7922333548622609,-0.050525438,0.9998145,0.46582188057558715,0.7865441246228927,0.0512761,0.99986583,0.5771577356376182,1.0661506807359475,-0.06925853,0.8831886,0.4554563307089896,1.0412358889053497,-0.08066286,0.8886972,0.4442133430345937,1.3031276259641693,0.16365963,0.056233037,0.6071345849181246,1.281832523583508,0.2037535,0.05170774,0.451733736558106,1.3355776978272276,0.18263361,0.061168067,0.6138126553756248,1.3160609079027954,0.2259674,0.03464197,punch
0.48265167860514213,0.3280314862211216,-0.12090363,0.9999667,0.4721821251603582,0.3045181122895796,-0.091696486,0.9999667,0.5033037557900022,0.30038256281331305,-0.11957204,0.9999784,0.47322863471012067,0.32293236553398463,0.08578913,0.99996287,0.5317154059982045,0.30982579739398747,-0.046532433,0.99999374,0.47221025484061063,0.344105106881812,-0.051492065,0.99993926,0.5005544061641414,0.34478551878272595,-0.09045401,0.9999687,0.45163383347059116,0.464918579394239,0.19694093,0.99983656,0.6048082809168494,0.42852825818540813,-0.026215848,0.9999073,0.42471257312047095,0.6310069023748651,0.07590297,0.99784356,0.6411601747581077,0.5969377767042215,-0.28570455,0.99984336,0.5136633115605842,0.503558875580452,-0.51813835,0.9998835,0.399852720295804,0.5076021176580996,-0.22209685,0.9994148,0.5617416723828408,0.8018669303355563,-0.050358046,0.9998221,0.466834941321431,0.7749409348604919,0.051101726,0.9998703,0.5821086959038977,1.0684619654471852,-0.063177265,0.88883525,0.4584530046403631,1.0419809832120372,-0.07777741,0.89416474,0.4442077118621941,1.293923040906323,0.16624692,0.057202328,0.6119193423396614,1.2877748366167832,0.22145776,0.052834857,0.44642871818613317,1.3317368874490292,0.18443266,0.061271746,0.6191366179299114,1.3200882998119712,0.24469042,0.03491201,punch
0.4809754150911366,0.33537641156021125,-0.11659783,0.9999617,0.4852220229272779,0.30972681530571267,-0.08713665,0.9999637,0.5020274593513956,0.30162671330084595,-0.1135302,0.9999746,0.48114975710195784,0.3169861003738258,0.09321216,0.99995995,0.5209675626418035,0.29694089785213773,-0.03352352,0.99999267,0.4802367128769125,0.3434435147513096,-0.045815494,0.999934,0.5052364710474848,0.352652288331253,-0.08261001,0.99996537,0.44508368370857776,0.46226458380014135,0.20543404,0.9998342,0.5995655614660342,0.42666026028322873,-0.007971604,0.99990827,0.42894130658326923,0.6405103524930584,0.080448814,0.99733603,0.6420540865180577,0.5907785934234668,-0.25636253,0.99983156,0.5161672584521021,0.49266641108231596,-0.47500023,0.9998843,0.41719423256684385,0.5234021078539332,-0.21806249,0.9993359,0.5699855842497759,0.7890371831000152,-0.04985896,0.9998273,0.4661869874928716,0.7907066619900368,0.050583053,0.99987316,0.5793570527964245,1.0706667160951602,-0.067945465,0.8942784,0.46203104694092245,1.0437135474427592,-0.07682336,0.89876837,0.44848909789344127,1.3032872040842676,0.16963723,0.060045987,0.6045204644190751,1.2871366673134503,0.23211809,0.05516832,0.45395229265615233,1.3325736773032888,0.1887814,0.0622082,0.6087361854580167,1.3111807803843296,0.25693437,0.035536915,punch
0.47695357683920314,0.33048963503401996,-0.09413949,0.9999553,0.47412620588005405,0.31141752101586906,-0.06380727,0.9999596,0.4994093406260215,0.30413578743366027,-0.089173354,0.99997,0.47712679007159475,0.3224828741953553,0.114632234,0.9999558,0.5334256412969185,0.3010395636806601,-0.007536435,0.99999136,0.48526951100384774,0.3446659857660039,-0.024756184,0.999923,0.5098706501196437,0.353562319485386,-0.060260225,0.9999591,0.447880985979594,0.45907308580423345,0.214391,0.9998258,0.6024436709956373,0.42816960196851156,0.015487449,0.99990916,0.42675735089319544,0.6478064109130415,0.08485235,0.9970014,0.6411922117922727,0.5979163001669351,-0.22789423,0.99982405,0.5252095829408108,0.48904943818669805,-0.42578158,0.99988306,0.42679107953993833,0.5206265547245169,-0.19518399,0.99926335,0.5571302847222452,0.7938249701507187,-0.049150806,0.9998353,0.46617866480584336,0.7899008493333436,0.0498654,0.99987745,0.5887697498754609,1.0602045419845392,-0.07113281,0.90032077,0.46078499163145836,1.0414930176965749,-0.07166623,0.90386635,0.44108956603956584,1.3022069693669969,0.18021321,0.062378153,0.6087393595330741,1.2748472965347697,0.22711456,0.057491638,0.4473966829143553,1.3262299377896292,0.19990075,0.062856644,0.5992014006932566,1.3018898221938284,0.25150013,0.03627612,punch
0.48966469966314996,0.3276484817237478,-0.08501877,0.9999482,0.4778600064013748,0.3099476622464991,-0.055358462,0.99995476,0.5075971005439176,0.29762068561062993,-0.08176617,0.999965,0.4851625386662506,0.3147912534578216,0.11878227,0.99995077,0.5323181838290141,0.30587546524050735,-0.0076115457,0.99998987,0.4853662795830289,0.34529956046716526,-0.017349761,0.99991167,0.5056621537018154,0.3459859936236299,-0.054165263,0.99995273,0.4378674691591078,0.4632138139699271,0.21611047,0.9998165,0.5901000438279951,0.4236272366546831,0.010402376,0.9999101,0.43081958755641103,0.6357240315671334,0.08908722,0.99657434,0.6419255299171784,0.5911344654360392,-0.23620589,0.99981743,0.5250452713818758,0.4905570077608421,-0.43019572,0.9998826,0.4295053885172392,0.5173958365594572,-0.18552455,0.99918514,0.5677044204602736,0.7929709374757444,-0.048996024,0.9998424,0.45919288094334354,0.7882343183161256,0.04970724,0.9998809,0.5843670702847275,1.0743151438240135,-0.06949924,0.90518135,0.4538529537482737,1.0451243233881846,-0.06939666,0.9080438,0.4463548118500732,1.3006305667093345,0.1801478,0.06437911,0.5910140734237022,1.2809252332124421,0.23602429,0.059032753,0.4470018872864886,1.3234355853493593,0.1995866,0.063491516,0.5992203309744293,1.3106293902547586,0.2610873,0.036734667,punch
0.48927181943759,0.3372773448340228,-0.07936229,0.99993086,0.48542392263442435,0.310673272408661,-0.0501085,0.99994195,0.5056897943637528,0.31205651557331665,-0.07649585,0.99995536,0.4822614521464821,0.32841892120379207,0.11937485,0.9999372,0.5343075378727075,0.30496476047674825,-0.0062165726,0.9999873,0.4855023720156909,0.3474632794506614,-0.01365453,0.9998833,0.4953719271953493,0.34540242112959657,-0.050161403,0.9999392,0.44213977254062686,0.46126145783679134,0.21206176,0.99976945,0.5973023522476225,0.42743675231256917,0.0038871982,0.99990726,0.4407133311925029,0.6301998539430506,0.068857506,0.9959092,0.6411591262670303,0.5884057386059569,-0.24417607,0.9998064,0.5129575337373246,0.4983677610488427,-0.42010075,0.999876,0.4413847703800723,0.5188684654382548,-0.20316723,0.99895513,0.5544215472387319,0.7968881309354456,-0.04897926,0.99984777,0.4732492761030118,0.7900049252746428,0.049686622,0.9998823,0.5774454797881753,1.0692757002322888,-0.062458605,0.9089705,0.46551231574089524,1.048821863539024,-0.065210626,0.911148,0.4436338887950829,1.2975930815270698,0.17440152,0.06555762,0.5948039199233076,1.2890706579899682,0.24130258,0.05953244,0.45022847057407545,1.3249395918422862,0.19198261,0.06352758,0.6030602719139804,1.307930534869078,0.26608276,0.036610886,punch
0.4859382656643618,0.33371797118513125,-0.092727296,0.99990946,0.47795107189847874,0.30154145052975273,-0.06336144,0.9999269,0.5018589519089391,0.299634325086637,-0.08993019,0.99994284,0.4794703819626258,0.3274348838528245,0.10959275,0.9999223,0.5400018935548234,0.3186235117353295,-0.01617146,0.999984,0.4817435991352319,0.3557623944762698,-0.025418062,0.99985296,0.5071121611645293,0.33776044857231846,-0.062066913,0.99992275,0.4480401014032436,0.4595277176631583,0.208711,0.99972665,0.6055232380898861,0.42407488496674883,-0.005813047,0.9999032,0.4380319629217475,0.6358245439570788,0.06600596,0.99517906,0.6414796363433304,0.5856595217103946,-0.25760454,0.999795,0.5233670560348929,0.4988222435519889,-0.43912357,0.99986964,0.4378302378391522,0.5306442280336137,-0.20805986,0.9987203,0.5706466900848408,0.7928255369877278,-0.049015645,0.9998522,0.46891750463801163,0.7911632550844728,0.04972685,0.99988335,0.5752001970519884,1.0645881928274301,-0.057475418,0.91221917,0.4534733382597461,1.0414339884281756,-0.06326407,0.913315,0.4383208436957765,1.2960374735542912,0.16824736,0.06564431,0.6016235443767644,1.2897945758976939,0.24534468,0.059294738,0.44848785312971895,1.3287380087487963,0.18423715,0.06289672,0.6039101234852122,1.3136518174469816,0.26974562,0.036165845,punch
0.4837816452174921,0.3290765637360838,-0.106688455,0.99986875,0.4826801691325454,0.313684286094949,-0.07645185,0.99989575,0.5038843385904858,0.3007289292201852,-0.10233571,0.9999188,0.48197566008348436,0.31198474383707997,0.10112886,0.999888,0.5357602532682652,0.3032402483358546,-0.022673298,0.9999779,0.48993603596580604,0.3510473850805767,-0.037775714,0.9998017,0.5145226656913762,0.36056181604992876,-0.07407776,0.99989706,0.4538172034957505,0.45870446366222545,0.20664112,0.9996519,0.601305206238941,0.41870725777266143,-0.007617537,0.9998965,0.44572401927790173,0.6386302530898327,0.073507726,0.9936673,0.643126680076435,0.580075023353084,-0.26750788,0.9997767,0.5264362761198305,0.4810061475757047,-0.45044193,0.99985737,0.4429868183314596,0.5296119139410694,-0.19830665,0.998166,0.5566070564278439,0.7878227022108525,-0.051014334,0.9998491,0.4621069999560683,0.7947338264268672,0.05170991,0.9998767,0.5864340124694967,1.0649862681602738,-0.05916351,0.9142521,0.4594130434314255,1.0571352117846016,-0.060899276,0.91411954,0.43444321628908666,1.3014568538747155,0.16486979,0.06706447,0.5972766394896583,1.2898554215908722,0.2382869,0.06016712,0.4417600953499383,1.336276800257289,0.17959592,0.06319796,0.599250906657127,1.3157688472544602,0.261989,0.036138363,punch
0.4977810399279795,0.3329351681783609,-0.102460146,0.99984854,0.4754660802052779,0.3062882460029826,-0.07297239,0.9998804,0.5215931416817994,0.300419014911851,-0.09961532,0.99990684,0.4736598237094666,0.32136816502430054,0.10297056,0.99987245,0.5343568880106226,0.30747543348127526,-0.023307292,0.9999748,0.48563874582996003,0.35806068105789196,-0.033856332,0.99977565,0.5157518869325708,0.3465791584557519,-0.070788726,0.9998847,0.45024210627546557,0.4612327528861106,0.20633852,0.99961096,0.5965572698965118,0.4259386362890905,-0.00857763,0.9998942,0.44281425237534644,0.6397941677459387,0.070786975,0.99272686,0.6444679615076065,0.5888630292479397,-0.25764674,0.99976283,0.5287639728511295,0.4879616642055664,-0.43450364,0.9998473,0.44331255697758776,0.5265692677732756,-0.20189211,0.99784005,0.5649647053251752,0.7949322209263601,-0.05078427,0.9998487,0.46835010129638377,0.7867192093342221,0.05148521,0.9998733,0.5829319000586848,1.0619337459732061,-0.055684723,0.9161597,0.46276062638920423,1.0458280508316087,-0.06122917,0.9151099,0.4445778679496427,1.2971006497604132,0.15868708,0.06824367,0.59485266512629,1.2810795272226028,0.24436791,0.060801014,0.4523516419779554,1.3343473790775904,0.1730486,0.06349287,0.6014977819121761,1.3151394491427757,0.26853558,0.036130343,punch
0.48854132294326724,0.3288252038076405,-0.10443517,0.99985075,0.4840249180793119,0.31048880801037543,-0.075169854,0.9998823,0.5035218484552877,0.2999988011057316,-0.10137576,0.99990743,0.48016218791483645,0.31209343276313994,0.10210128,0.99987453,0.5346333350109789,0.3120958252170286,-0.023147047,0.9999748,0.4917043375726705,0.35396994313925945,-0.03514317,0.9997799,0.5017440517777729,0.35670096015518005,-0.07162884,0.9998866,0.4563400213817138,0.47477929381175,0.20727117,0.999621,0.60214712438506,0.4342681919122764,-0.0019053476,0.9998974,0.43964263137772985,0.6377932409512348,0.07424922,0.99238247,0.6454777149394637,0.5865470319611527,-0.24891141,0.999757,0.5162555549238323,0.48862581028070945,-0.44911152,0.99984795,0.4298109679263541,0.5201553779560673,-0.20137465,0.9978372,0.5613230494700523,0.8009375739919516,-0.049842097,0.99985266,0.4632890787380719,0.7913422373828403,0.050548516,0.9998758,0.5745475390047103,1.0617133346521992,-0.057121884,0.91841185,0.46918362097566824,1.0450863217526445,-0.06404107,0.9166875,0.4443089507877682,1.3007877481445436,0.15773942,0.06919893,0.5946081609402213,1.279474235855942,0.2502708,0.061378855,0.4536119593203045,1.3358233265546664,0.17304757,0.063880645,0.5998981576891029,1.3040233004556279,0.27581555,0.03625981,punch
0.48671151156683223,0.333346528554662,-0.120845,0.99985814,0.48046402290472556,0.30339315803172673,-0.09414162,0.9998878,0.5099544090831751,0.3016124606582164,-0.12108197,0.99991125,0.47950380849342067,0.3213881036672468,0.08720576,0.9998808,0.53878838524403,0.29649755195883565,-0.04257124,0.9999757,0.48582355352222906,0.35339939190216013,-0.04845148,0.9997927,0.5094500096164132,0.34562389705441116,-0.08638891,0.99989283,0.450501815843264,0.47270865926312294,0.20597963,0.99964184,0.6040032086464429,0.43231569418739146,-0.00609622,0.9999022,0.4352963176629532,0.6339410570462524,0.07737846,0.99234885,0.6439039283840222,0.5781318745018977,-0.25773,0.9997538,0.5283557907822858,0.4944336671349619,-0.489762,0.999852,0.42712097520891845,0.5283376129254809,-0.20930596,0.99790794,0.565597040269327,0.8016594385766953,-0.049090065,0.999854,0.46001774190161204,0.7862187691797081,0.049820337,0.9998767,0.5908045706435534,1.0678488266047543,-0.05502081,0.92013305,0.45372936311082024,1.051126305442607,-0.07200368,0.9184815,0.4459162920051829,1.3007601328825653,0.14942595,0.06994895,0.6014568762622738,1.2801032379149269,0.26136333,0.061606824,0.454386367760239,1.3330035935693167,0.1647836,0.06481289,0.5980306690416612,1.3088585318595098,0.28790647,0.036723983,punch
0.49171550666457353,0.32545827967817115,-0.13975993,0.99987006,0.48368401912071723,0.30848779559619977,-0.11166905,0.99989706,0.507131665811212,0.30585487109558984,-0.14028528,0.9999185,0.48248097815562907,0.318974844566754,0.07663125,0.9998906,0.5298937861843893,0.3025584359774233,-0.06195405,0.99997765,0.48432305830177336,0.34867553206001356,-0.06473635,0.9998102,0.5173967712116863,0.3500924230755972,-0.105289504,0.99990183,0.4489131320748002,0.45699268042178226,0.20570695,0.99967134,0.600646747769809,0.42260246893945524,-0.018291825,0.9999091,0.433274731548709,0.6363607308142846,0.08404279,0.9928417,0.6479926501114446,0.5810816681485095,-0.284308,0.9997634,0.5242393037245066,0.4905857786311345,-0.5660611,0.99986297,0.40265652082607173,0.5304000623754486,-0.23003721,0.9980804,0.5565654653035721,0.7901694575206439,-0.049291708,0.99986047,0.46421152619027495,0.7831948082011566,0.05002589,0.9998827,0.5829978717285327,1.059697226112177,-0.056331616,0.9221429,0.45807213390232815,1.0418598828590373,-0.07505821,0.92136276,0.4436762738072566,1.3053932235403065,0.15140632,0.069007985,0.5930308348393369,1.2887738767983752,0.25428554,0.06074993,0.45523169007110365,1.3403205174201647,0.16706306,0.064766966,0.5957460196167957,1.3137101461549465,0.27965483,0.03685546,punch
0.4994854252591423,0.33166389617145753,-0.14394969,0.99988216,0.4761675225818456,0.3151894881793977,-0.11316792,0.9999066,0.49922215507015255,0.29873913596811363,-0.14213827,0.9999261,0.47777194815259905,0.32092700375727296,0.07741694,0.99990076,0.5325396721083657,0.31635731449243887,-0.06160134,0.99997973,0.48982647183645234,0.35830025682874544,-0.06865789,0.99982744,0.5152722287088248,0.34602584181259133,-0.10969488,0.9999108,0.44587105517558145,0.46522072775563017,0.20552178,0.99970055,0.6106937614643908,0.43172039949081176,-0.030269682,0.9999164,0.40153201271908767,0.6283172582387209,0.08579075,0.99345917,0.6469976915235895,0.5844182672653632,-0.31017965,0.9997821,0.5358193998855703,0.49398146680538646,-0.5958053,0.9998756,0.38614744786781285,0.5251374105499634,-0.23997323,0.99826086,0.5622259567587327,0.7888878563528533,-0.0501857,0.9998712,0.4716445569732076,0.7831835058358065,0.05095619,0.999892,0.5825452902766715,1.0626908754714963,-0.056606703,0.92492163,0.4511819301925959,1.0417453500012352,-0.07092087,0.9245418,0.4490547146790216,1.3146782642288026,0.15694755,0.06538471,0.601755658474747,1.2775862563315243,0.25286967,0.05734865,0.4576669266563238,1.3351661637648944,0.17250513,0.062027212,0.5914539272531405,1.3152507546676007,0.2774833,0.035289973,punch
0.4911817312098631,0.33528575330070576,-0.25338793,0.99989295,0.4733765487257138,0.3161279755702144,-0.21219718,0.9999147,0.5075778743820947,0.3006798633600862,-0.23460767,0.99993294,0.49317346085760905,0.3162514045015385,0.008062963,0.9999092,0.5358567347452985,0.31236031563873523,-0.09866282,0.99998164,0.4913764556839284,0.35332903640779345,-0.17089036,0.9998421,0.5111140604313449,0.3497171831839249,-0.20164609,0.99991846,0.45620529528287934,0.4615251625697054,0.19099087,0.9997163,0.6054427916320231,0.4248745535592115,-0.085484274,0.9999192,0.36304956674205535,0.5617383000043801,0.19271623,0.993987,0.644349211077593,0.5795821719758276,-0.3719569,0.9997975,0.5321819720703747,0.49297723467308713,-0.68158185,0.9998842,0.28773244691795297,0.47257659482093467,0.0014942678,0.9983954,0.5672181791156619,0.7915081617081875,-0.052279335,0.9998701,0.46788577812761345,0.7851610413069823,0.053106718,0.9998919,0.5800109979611935,1.068430001203834,-0.08342269,0.92088675,0.45935940263894137,1.0451825238573336,-0.094480604,0.92031056,0.4551508987723466,1.3126407929513895,0.1394985,0.06302215,0.5991289435227873,1.2885298570453863,0.20953695,0.05521054,0.45419166384676435,1.3393122494369814,0.15207022,0.060442552,0.6127231034739096,1.3225057100790865,0.23167188,0.03458625,punch
0.48562986326754165,0.3292928249104692,-0.29527912,0.99990314,0.4827382291863327,0.30649879134443614,-0.25246206,0.99992245,0.5073320712682188,0.29438161286261433,-0.27217734,0.9999393,0.47647523631894795,0.321517115707328,-0.026069898,0.9999174,0.526059569346627,0.3051682913853758,-0.11890099,0.9999834,0.4845876054304942,0.3485034952182021,-0.21132877,0.9998562,0.5095738364651956,0.3432929094503389,-0.23826647,0.9999258,0.44428273232294124,0.4638003069971227,0.17708062,0.99973017,0.5922976621531938,0.424866853530496,-0.101925254,0.99992085,0.3444497703523399,0.5432451697878223,0.2464132,0.9945021,0.6398526835237595,0.5926316609281911,-0.37691158,0.99981,0.5321987555247456,0.4994577113554281,-0.6775987,0.9998887,0.247125231325104,0.45039791218618513,0.12057837,0.9985229,0.5631622430298291,0.795701432760073,-0.053023864,0.99986684,0.4707533119588879,0.7829961458354407,0.05386127,0.9998914,0.5766704589635685,1.0750265862655968,-0.088126615,0.9154126,0.46348805484850575,1.0453591278239507,-0.10658737,0.9158751,0.45220898169509294,1.3056085801788073,0.13470617,0.061051328,0.6067910911016822,1.2855902260451924,0.21488538,0.053503152,0.4567596502372768,1.3458992726970591,0.14712556,0.05980607,0.6115805179865053,1.321873553223868,0.2379361,0.034583166,punch
0.4896841220254319,0.33552966912243093,-0.25455168,0.9999119,0.4875540562975418,0.3073041776439384,-0.21460311,0.9999288,0.5084935669841468,0.31015683703375324,-0.23494127,0.9999448,0.4829053388518959,0.3205493744082639,-0.0028605617,0.9999243,0.5266488925558959,0.2987815872356852,-0.09993902,0.99998486,0.48024560504711,0.3470323354581998,-0.17540556,0.99986756,0.5122986827393361,0.3445289211164724,-0.20306766,0.9999318,0.44395163535525695,0.4566716746067406,0.17650929,0.99974287,0.6006373217021193,0.4211710996041762,-0.09455638,0.9999217,0.3257219842324983,0.509621781345591,0.24978197,0.9949479,0.640839247159962,0.5885429516486811,-0.3989887,0.99982005,0.5345622155619365,0.4926315902652431,-0.7214578,0.999892,0.23237129135915113,0.44093413840698353,0.14479873,0.9986301,0.5587782384968896,0.7903127483949057,-0.05288843,0.9998588,0.4666731588428672,0.7853869028163096,0.05371915,0.99988765,0.5805494906368521,1.0738598481230974,-0.09436233,0.9105458,0.45311440003857806,1.0548235444262821,-0.10647035,0.91152513,0.4490806785760656,1.3196238058916538,0.13499202,0.0613058,0.6089621767675093,1.2964670556911229,0.19211632,0.054009862,0.4508039527862018,1.3483222842424138,0.14770658,0.06189463,0.6053930254287035,1.3276756196343462,0.21346636,0.03614933,punch
0.49006895264644745,0.31821120360824084,-0.23778069,0.9999185,0.4769839257433409,0.3125599490927178,-0.19959305,0.999932,0.5032373117165994,0.29898922444944076,-0.22118366,0.99994904,0.47870642955263965,0.31873435446322906,0.003451915,0.999928,0.5374425148850033,0.2976561858345391,-0.09742581,0.99998593,0.4972179202433026,0.3523140763717607,-0.16119999,0.99987376,0.5052703718799709,0.34456730254032925,-0.19048274,0.9999356,0.4487229745859773,0.44837052933345,0.16767275,0.9997431,0.5968125526286594,0.4335044862800159,-0.106056035,0.99991894,0.32876397595889284,0.4803113544687057,0.2420133,0.9952641,0.6363005961621162,0.5820246655615474,-0.43090358,0.99982613,0.5396026745155902,0.5025585574503929,-0.76577723,0.99989474,0.2226527764336187,0.4257648601095711,0.15214542,0.99867946,0.5594170935780699,0.8015155167629681,-0.0515076,0.9998367,0.47395476444684503,0.7812367174097817,0.052241396,0.9998724,0.5720245903976455,1.0743870448372326,-0.11103366,0.9033522,0.45754169889511687,1.0501078303783649,-0.10250924,0.90416247,0.4498569975294272,1.3008188763895072,0.1690198,0.06198591,0.6139775202762476,1.2872087967608974,0.14691651,0.056210347,0.4496188971754379,1.3350153255262667,0.18477671,0.06355262,0.6130842753923117,1.3189044693310115,0.16592257,0.038267057,punch
0.48727449226634734,0.32819341246874584,-0.27162343,0.99992543,0.4731266421011834,0.3126130799371663,-0.23330948,0.9999365,0.5081797904940032,0.30272877709876517,-0.2520901,0.9999534,0.48102359269277006,0.3179946348430341,-0.02356321,0.99993277,0.5303770702731428,0.303694959670413,-0.111382626,0.9999871,0.49163171015687135,0.34367607425158064,-0.1920203,0.99988145,0.5088659425483391,0.34414845774654995,-0.21733606,0.99994,0.42326560513243705,0.4437258881372207,0.15643951,0.9997383,0.6064363360420945,0.4205259499704899,-0.11504422,0.99991626,0.3312272383686423,0.48305444746093484,0.24857068,0.9955234,0.6420798765619292,0.5736790527743206,-0.44078702,0.99983066,0.5374322567541079,0.5042589406057506,-0.792206,0.9998971,0.21555974235661945,0.4174145745839549,0.16704787,0.9987335,0.558621995555705,0.7945893877877864,-0.05059997,0.9998139,0.46975011894330654,0.7856464850622525,0.05130568,0.9998558,0.580770486822729,1.0812571410368546,-0.1108699,0.8919111,0.45952003551386367,1.0448456375323323,-0.10026523,0.8940204,0.4548425716825073,1.2868716026498386,0.16633675,0.060677655,0.6207226210014346,1.2896286186116832,0.14206561,0.05501716,0.4501075690843426,1.330582040628761,0.18177415,0.063408814,0.6181239276758368,1.3199491640476002,0.16092753,0.038317002,punch
0.4883996361572662,0.316899135989024,-0.29861248,0.99993205,0.489285635214464,0.3018243857105033,-0.25935048,0.9999416,0.4963258292503754,0.2973483844291971,-0.2785334,0.99995756,0.47631184913764935,0.3151887149579538,-0.044811495,0.9999382,0.5244357008952483,0.2982520475377593,-0.13281669,0.99998826,0.4907386797795099,0.35302543706548656,-0.21768662,0.9998895,0.5029300568623589,0.3551263268141144,-0.24326321,0.999944,0.4306204567561708,0.4356274791086832,0.14374429,0.99974316,0.6024075436208929,0.42350814161203276,-0.12957908,0.99991435,0.3226616387518044,0.49692902864638844,0.22588868,0.99592143,0.633421055442118,0.5836117384265092,-0.43559638,0.9998425,0.5368948612468528,0.4917467229065869,-0.77220273,0.9999046,0.2248962586824773,0.42947110694414115,0.109059155,0.99884415,0.5711188780259121,0.8025907380977398,-0.05020578,0.9998174,0.4717837264245983,0.7898968067749687,0.050966907,0.9998588,0.5867164303200594,1.0743445896091524,-0.10700162,0.88858515,0.4491522399629976,1.0509108740487472,-0.09013296,0.8897232,0.44909118396796854,1.3015055646555,0.18519823,0.056516897,0.6131128731208167,1.2917683679146266,0.14497633,0.05138541,0.44964761178350166,1.3369908195661726,0.20126684,0.059969183,0.6136633540918258,1.318680008473575,0.16577488,0.03668992,punch
0.48959052449754437,0.3316956492558608,-0.27763015,0.99993837,0.47554828936190663,0.3114242852531391,-0.23900315,0.99994683,0.5078325710410425,0.3036638966170783,-0.2586258,0.9999615,0.47557568411224904,0.3205496386067659,-0.029325807,0.99994385,0.5215477300207201,0.29927989014422274,-0.12059947,0.99998933,0.48504233185470735,0.3571664044652499,-0.19901632,0.9998991,0.5080265335403975,0.34128866993944523,-0.22538762,0.9999487,0.4408005432100538,0.4600884506149617,0.14960915,0.99976224,0.5947690773653032,0.4279447607256769,-0.11500685,0.9999162,0.3250441001344774,0.5166111193328236,0.21760741,0.9963045,0.64697114187434,0.583490595165815,-0.4097654,0.99985427,0.5280568493402182,0.5024636403758624,-0.72292864,0.99991196,0.23835662767375299,0.43585709742639617,0.088978335,0.99895215,0.5613323797902243,0.7946161922093097,-0.050082874,0.99982655,0.4709241321632971,0.7882682157978004,0.05089081,0.99986714,0.5842134402645727,1.0748748514335766,-0.1008778,0.88556546,0.46341540094664646,1.0445252130383622,-0.0830426,0.88488114,0.45041267782621697,1.2964651362062796,0.20403919,0.052257847,0.6124984508410554,1.2909184230918962,0.15767255,0.047814805,0.4497532536746297,1.3353853920578684,0.22139335,0.056034308,0.6158891367220616,1.3289796174281494,0.17721447,0.034604073,punch
0.5014827036257257,0.32708534342750434,-0.2859046,0.99994427,0.4835841188347516,0.29311031288689043,-0.2473028,0.9999518,0.5008023258793157,0.29380762158259927,-0.26582903,0.9999652,0.4670216024028073,0.3291404682882056,-0.035464965,0.9999491,0.5277444472633644,0.30935053251366873,-0.12238614,0.99999034,0.48569171925620025,0.3429171862359011,-0.20675883,0.99990845,0.5070627275442623,0.34632194448256803,-0.23191881,0.9999534,0.44083737809378953,0.4430000266841091,0.14879498,0.99978006,0.5973467537654567,0.42894561038577744,-0.113300756,0.99992007,0.33223969462810976,0.5365895206982957,0.2107627,0.99664277,0.6418241670399392,0.581869481750459,-0.39997274,0.99986476,0.5320106769237238,0.4987697411224083,-0.71464884,0.9999186,0.24847131281184953,0.43489468805128556,0.073532045,0.99904865,0.5675271612154724,0.7908448826763891,-0.050090354,0.999835,0.4681293788073152,0.7881111206304527,0.050918244,0.999874,0.5807723055550507,1.0807370166755756,-0.09018509,0.8815956,0.4673211696519858,1.0547496084889267,-0.07028297,0.8789873,0.44988477581443587,1.3093021651679722,0.20232017,0.048451915,0.6151312239618228,1.2908762229066333,0.15823993,0.044487245,0.4512429853690423,1.3355656076964424,0.21818967,0.052312113,0.6241695092018262,1.321797693083342,0.18118319,0.032442547,punch
0.49459363575996695,0.3272904096793545,-0.26227722,0.99994904,0.4830342606202688,0.3125847898792081,-0.22312155,0.9999556,0.5120546572454672,0.29367841524923344,-0.24397878,0.9999681,0.47758769077052277,0.31026793871706054,-0.015473689,0.99995315,0.5254123145153993,0.3025504800951644,-0.111625776,0.9999912,0.48454669857546884,0.3566917305065594,-0.18542142,0.9999155,0.5027530418530377,0.3466352076004124,-0.21375318,0.99995685,0.4340938579130287,0.4525868675900788,0.15957457,0.99979544,0.5964894959002525,0.43026968687054973,-0.10865925,0.99992317,0.35527218476713085,0.5538806341178766,0.2078431,0.9969286,0.6414794952758438,0.5874993042539589,-0.39545202,0.9998746,0.5307320311494303,0.5028395348924414,-0.700323,0.9999251,0.2634693784477311,0.4380160711968617,0.065145105,0.99913365,0.5654466417049859,0.7923832244794535,-0.050742418,0.99984324,0.47181294278600416,0.795120173376805,0.05167856,0.99988073,0.58023637207616,1.0731518203123505,-0.08364299,0.8755002,0.4687668198084375,1.0479274563001697,-0.07057935,0.86862385,0.4513081101755291,1.3172066337467305,0.19620739,0.04463514,0.6109662338440807,1.3035953739502713,0.17024975,0.041223705,0.4493861223890676,1.3390407202021368,0.21276323,0.048372872,0.6257886176329199,1.3253142039413421,0.19360659,0.030133389,punch
0.49531687805927205,0.3229477775043718,-0.22560053,0.9999535,0.4811872484131833,0.30748656139844366,-0.19043806,0.9999594,0.5110160401789222,0.29356886721387043,-0.21333602,0.9999709,0.4708377022202943,0.31788815338174936,0.010737825,0.99995714,0.5283879073402018,0.30303948330054054,-0.09721254,0.99999195,0.4810343172901064,0.35219823109460285,-0.1489513,0.99992275,0.5108474679095527,0.34212593037446554,-0.18068382,0.9999605,0.4373527599297252,0.4518214041301818,0.17522298,0.9998114,0.5843523363220013,0.4316006941900182,-0.085919224,0.9999278,0.36343477472787267,0.5739254003838273,0.15381941,0.9971521,0.6510800935405772,0.5878928593530093,-0.35826308,0.99988246,0.5271040845120853,0.49883121819150644,-0.6456134,0.99993104,0.2928646227858398,0.46355650562756806,-0.09797473,0.99920356,0.5653823013187923,0.8041593481779153,-0.050825726,0.9998522,0.4682117329464315,0.7958280696883081,0.051767934,0.99988794,0.5945821986832545,1.0765160537932403,-0.083773315,0.87670743,0.4606448380735947,1.0534448502441454,-0.07395786,0.8680873,0.44697888272346975,1.307587439020633,0.19256505,0.042171903,0.6108515106932775,1.2962344238990735,0.17650928,0.039366707,0.4456448324290523,1.343115913651025,0.21037476,0.045746535,0.6216802852030083,1.324189302160945,0.1985888,0.028737811,punch
0.4870734042781095,0.31535537277844844,-0.17415541,0.9999575,0.4788204922865755,0.3042788654170267,-0.14100786,0.99996287,0.49909877364449906,0.28955301969090497,-0.16771418,0.99997336,0.4817367097613402,0.3193981650488878,0.052105732,0.99996084,0.5279462632188421,0.30855954264449414,-0.07517032,0.99999267,0.4824385019808487,0.3528132890889257,-0.099591225,0.99992925,0.5061374525804192,0.3424490811139738,-0.13666223,0.9999637,0.44016808324088497,0.451081664544414,0.1919587,0.9998275,0.5973628673398164,0.42869002757487656,-0.06526064,0.9999328,0.3841399120162825,0.5863221264458796,0.11298857,0.9973758,0.6342087902778116,0.5806071799375824,-0.3388247,0.9998904,0.5229428932911717,0.498735278403831,-0.61279356,0.99993706,0.32206145577122347,0.48632629880655076,-0.19299787,0.9992748,0.5581898620665708,0.8019738979848224,-0.05093474,0.9998631,0.46621789526763213,0.8004189249667842,0.051887922,0.9998965,0.57397071240741,1.0784009362704474,-0.07941867,0.8797409,0.4585457395202863,1.0496533414856142,-0.07430487,0.8701668,0.45070803356266254,1.3056964535074895,0.1893439,0.03943088,0.6110163061587291,1.2984804986827778,0.18550204,0.037097726,0.4522234250596783,1.335674366144687,0.20674405,0.042986214,0.617112481067442,1.3249348603863575,0.20779133,0.027099451,punch
0.4886211539327382,0.3250240356495947,-0.15391716,0.9999609,0.47067413503147604,0.30478563292754696,-0.124509096,0.9999659,0.49703703663035725,0.29035117286613604,-0.15242776,0.99997544,0.4817342418524462,0.3194788587880056,0.05944817,0.999964,0.5382672350721676,0.2999569945420932,-0.07337712,0.99999326,0.4831910848494715,0.3447130491006777,-0.081940144,0.999935,0.506075617347026,0.3438495540059481,-0.12078788,0.9999665,0.44121496559729045,0.45247218005382095,0.1922005,0.9998414,0.5947577459817293,0.4256313047627056,-0.052686505,0.99993753,0.4065404377260624,0.6012994672728659,0.093774155,0.9975301,0.6375824920704491,0.5910392012622673,-0.31427485,0.99989635,0.5295247045652982,0.49624125617580206,-0.582135,0.9999423,0.3526186837058938,0.5038919764918515,-0.23246613,0.9993331,0.5632194675569651,0.8018515496769479,-0.050495435,0.99987215,0.46781716171516574,0.7959378460900217,0.051440366,0.99990326,0.5785104783421271,1.0722227942512588,-0.06063367,0.88618,0.4625235450872891,1.0457398345373348,-0.068740875,0.876731,0.4481259062767553,1.3128926939313046,0.1765346,0.038259722,0.5955939231514201,1.2903284745838843,0.21856642,0.035841104,0.4491684642669598,1.3401096752011517,0.19185627,0.041639544,0.6153272959713925,1.3350714072078538,0.24146831,0.026301233,punch
0.4884218995713955,0.3158840854216719,-0.16970548,0.9999625,0.4813923776032788,0.3115280766552466,-0.14002919,0.9999675,0.4981989715856888,0.29684644038931984,-0.16729057,0.9999763,0.47379907883473726,0.3110843566791835,0.048795354,0.99996585,0.5304998261401206,0.3043649264156098,-0.07487713,0.99999344,0.4949370872911989,0.34781430997599927,-0.09558995,0.999939,0.5063497595317902,0.3483233778262833,-0.13368872,0.99996823,0.4486323830824158,0.44767022951520874,0.18941014,0.99985147,0.5963893883807754,0.4305267532997126,-0.05315172,0.99993974,0.41022555588079246,0.608745950664741,0.08580256,0.99748176,0.6298997961208983,0.5800660239114045,-0.31400394,0.9998943,0.5250006045698477,0.5004760577612613,-0.58939743,0.99994504,0.39363941358659205,0.5291079277887446,-0.24592213,0.99935126,0.561189132901174,0.799762132839473,-0.049658217,0.9998735,0.4716123556108225,0.7952282642482101,0.050567098,0.9999043,0.5836983051918918,1.081389552100196,-0.057835937,0.8913202,0.46122765424637346,1.0535093234640978,-0.07884499,0.88273764,0.4546017775215815,1.31721862696403,0.17235246,0.0394802,0.6006504290322758,1.309073288294224,0.2311399,0.037162427,0.4440142253430317,1.3362455476886328,0.1886427,0.042224664,0.6071638624969318,1.325869505819202,0.2541519,0.026845684,punch
0.49251175667516445,0.32243178560983926,-0.16501519,0.9999552,0.48362890857794705,0.3104894858865724,-0.13753407,0.9999611,0.4957267025386728,0.31103252601852205,-0.16509281,0.9999715,0.4873804644271408,0.3130251148572585,0.045983545,0.9999591,0.5234184530193426,0.29946757885597036,-0.07724253,0.99999195,0.48909035628343545,0.34886172782136593,-0.092497356,0.9999354,0.5066697591563984,0.34402760723707054,-0.13058773,0.9999661,0.4453168550988581,0.459694689467666,0.18791136,0.9998363,0.593157270982591,0.41766515640917995,-0.05654906,0.9999381,0.42637175868485633,0.6214767126852825,0.08098536,0.996369,0.6410166646691977,0.5850409147050604,-0.30973238,0.99988127,0.5279280732166884,0.49815153678961277,-0.5554595,0.9999401,0.40816617603567373,0.5363035666694904,-0.23045905,0.9990672,0.559056507469252,0.7997950083659325,-0.0493914,0.99985754,0.46840573138514374,0.8078113887713304,0.050246,0.9998856,0.5839980586783409,1.063550625618671,-0.06121125,0.8948919,0.4628101916361126,1.0423393704127994,-0.087794915,0.8867624,0.441991068054321,1.2981838613324141,0.16319373,0.045408007,0.6006816118665865,1.295978651752533,0.22414172,0.043982394,0.4527782666875406,1.3401818662029183,0.17980832,0.046046086,0.6075111464668839,1.3190154989658631,0.24662843,0.029423969,punch
0.4887135640377739,0.3196550396435292,-0.14564152,0.99994165,0.4837183626364029,0.30667247781874196,-0.119305134,0.99994814,0.5057753834185279,0.2921012158857392,-0.14795141,0.99996316,0.4851188888430291,0.31962683904515643,0.05883197,0.99994487,0.5309968123315068,0.29956741107519463,-0.07415206,0.9999895,0.4810462014658886,0.3426775334723778,-0.07430045,0.99992436,0.5081337898515428,0.3441293916920931,-0.113768384,0.99996066,0.45300513207137405,0.45594798749424836,0.19104376,0.9998103,0.5960964895939985,0.4285940699256014,-0.048745845,0.9999374,0.4230410002002629,0.6200062893922663,0.08172853,0.99533415,0.6540041153441506,0.5856294164004583,-0.28568214,0.99986863,0.5287530414189003,0.49920429340013556,-0.5027239,0.999934,0.42639429162473474,0.5351058974609976,-0.22590654,0.9986254,0.5608306203763086,0.7921304136320871,-0.04977369,0.9998459,0.4611714087523878,0.7979936812279534,0.0505793,0.999869,0.5819369336754923,1.0656124862987237,-0.063185476,0.89863384,0.4646198192060077,1.0363430570900276,-0.08650414,0.8906869,0.4400925238650366,1.3071386004857095,0.16092584,0.04991852,0.5970126524488399,1.29352156826872,0.22209747,0.048683796,0.43933303983276517,1.3293802147580176,0.17703883,0.048678316,0.5981572793569199,1.3220219253095788,0.24470273,0.03091963,punch
0.49483442863876437,0.32992644927831055,-0.1366823,0.99990654,0.47825524664448793,0.2989626009678751,-0.11089226,0.9999136,0.5039687588980419,0.2985921931870606,-0.14184922,0.9999419,0.486223582409817,0.3099437353258933,0.06397909,0.9999053,0.5273585826778207,0.30056482871179996,-0.07620866,0.9999833,0.4891369993078538,0.3538107084499787,-0.066322885,0.99988943,0.5055716661824496,0.34788570549189746,-0.10876659,0.9999438,0.450589609789802,0.45768398130877846,0.18992043,0.9997648,0.6022229947870517,0.4243557126025438,-0.051994372,0.9999334,0.4305177538183369,0.624010411224883,0.06617108,0.9942006,0.6509098458502813,0.5800450427941879,-0.28827474,0.99985707,0.5412115798556907,0.5129707764111291,-0.4958027,0.99992925,0.43917946514833583,0.5460739333009244,-0.25683922,0.998081,0.5619914793845378,0.8039260878237687,-0.05117309,0.9998312,0.48296476259824317,0.7923227179316882,0.051880144,0.99984926,0.588291442625924,1.073122831460818,-0.06454562,0.9018991,0.46684473666699,1.0557877191258456,-0.06924673,0.89360404,0.4474891062246945,1.2961786030194016,0.16765405,0.052736055,0.5991537049116733,1.2952674502619035,0.20135002,0.05222202,0.45347149046265756,1.3299134484865123,0.18309963,0.049948797,0.6071759003540598,1.3207580561408259,0.22055516,0.031827338,punch
0.4931700009019899,0.332412125792628,-0.13815567,0.99989134,0.47989680087404196,0.3078264549829879,-0.11325504,0.9998992,0.5043596921407337,0.29318152541111847,-0.14722866,0.9999321,0.4834453812257128,0.3215159191986505,0.06154694,0.99988914,0.5318378449737953,0.3109128011379981,-0.09746477,0.99998033,0.4856797978003755,0.3553216236824157,-0.06720338,0.99987644,0.5123160055147993,0.34882269736105864,-0.11409082,0.9999365,0.4569623538681491,0.45911812919290595,0.19092207,0.999748,0.6036527891934337,0.417524402943203,-0.06754327,0.9999314,0.4336404382081004,0.6208506105623102,0.084836125,0.99325746,0.6537989436076956,0.5848193245377723,-0.30012152,0.99984145,0.5311357959276056,0.49865685035937285,-0.53080714,0.99992406,0.447161787453631,0.5513679314239017,-0.2261604,0.9978131,0.5686360792347736,0.7980781533196865,-0.05579385,0.9998225,0.46684186896527735,0.7870185325014741,0.056367993,0.99983853,0.5789032621168541,1.0630562147954705,-0.07064347,0.90600604,0.4701095006459246,1.0418980538440674,-0.060918473,0.89858675,0.45099208803515245,1.296692335511541,0.1753438,0.057209957,0.5972060311118649,1.2965360724521535,0.19823198,0.05666597,0.45743301159662997,1.3284984716934867,0.19132675,0.05232565,0.6014190498356681,1.3219429343753974,0.21837029,0.03302826,punch
0.48965788293817814,0.3294507079304485,-0.1493943,0.9998813,0.47717695842274754,0.3183299036165696,-0.12259153,0.9998901,0.5056425887121315,0.29933216029412074,-0.15326779,0.99992555,0.48058852675673647,0.3143216893855601,0.05731725,0.9998781,0.5239493753509485,0.3101296633141715,-0.10416994,0.99997836,0.4850225579917914,0.3556183902126453,-0.07699507,0.9998682,0.5055028876322591,0.35230292912193906,-0.120654024,0.9999319,0.45500323733173476,0.4485550546287014,0.1903624,0.99972665,0.5932511705869239,0.42385297712926984,-0.068547234,0.99992806,0.4255954697498415,0.6313490947488215,0.088856936,0.99233174,0.6531688368652913,0.5821548791485683,-0.30546266,0.99982375,0.5440643283724709,0.5050787569810636,-0.5428177,0.99991554,0.4433349688697862,0.5584561675362293,-0.22622809,0.9975723,0.5710201095206331,0.7928433307407136,-0.05722351,0.99981934,0.47721082506141743,0.7916544628286435,0.057801634,0.9998351,0.5856851904315724,1.0739494142398864,-0.0765748,0.9099689,0.45700060431373446,1.032496832946996,-0.063291356,0.9034201,0.44192317589598873,1.2987264353472707,0.17094624,0.061876647,0.6036996006633331,1.2888272075529044,0.20298533,0.059829164,0.44546562486777785,1.3372559848279362,0.18670323,0.054994345,0.5933400860738436,1.3123195924426314,0.2250977,0.033712983,punch
0.49308715697506855,0.33624669728392165,-0.13151188,0.99987525,0.4874255935485021,0.31016250427784814,-0.10611808,0.9998843,0.5111219989917337,0.31309685449124697,-0.13782546,0.9999208,0.4883814764557227,0.32112098703137565,0.06992991,0.9998707,0.5423785872761733,0.3032591275386895,-0.08762237,0.9999767,0.49806574875905274,0.35115972991495487,-0.060474873,0.9998583,0.5010542529694909,0.35354029351336563,-0.104722396,0.9999263,0.4725604528894152,0.4554255723809956,0.19267161,0.9997177,0.6048536678346074,0.42127413086726095,-0.049610987,0.99992734,0.43702934327650955,0.6220516601419327,0.07858617,0.9919672,0.6547303855677699,0.5824777972244004,-0.28141505,0.9998157,0.5335845029859829,0.4959937968541377,-0.5023414,0.9999126,0.44174397517067576,0.5498583015436604,-0.2514245,0.99744564,0.5679363654741638,0.7922566765840384,-0.05695214,0.99982125,0.4774760300924813,0.7892039473183823,0.05755199,0.9998356,0.5787463243745207,1.0668555818355985,-0.07662888,0.91390604,0.46565176239345185,1.047229004617737,-0.061802614,0.9072572,0.446722720151536,1.298442818834339,0.16584662,0.0629823,0.5930867891003775,1.2919701383985136,0.19994102,0.060466822,0.4438534003022576,1.3285150339898528,0.18074276,0.0552739,0.5980598425454324,1.3206867921392578,0.221537,0.03361971,punch
0.49266336047698567,0.33376429925850243,-0.14113128,0.9998701,0.4798555368719679,0.31667110555951505,-0.11420534,0.9998798,0.5074018353748151,0.2977460364489079,-0.14408189,0.9999177,0.4847242245797637,0.3197781873017721,0.06523286,0.99986625,0.539230682651187,0.3074418371170329,-0.08764078,0.9999758,0.48459473357929095,0.3544631366652378,-0.06977821,0.9998537,0.4990669338895285,0.3549478740442895,-0.11202995,0.9999239,0.4651510005777605,0.45702033032410944,0.19291034,0.9997113,0.6046059386300814,0.42405885605069565,-0.04594984,0.9999289,0.44859549481859595,0.6357746622934253,0.079878606,0.99167037,0.6537588521841846,0.5840421639440838,-0.28684875,0.9998106,0.5432794648040307,0.5054420101005608,-0.52621,0.9999111,0.44812894953520366,0.5571236222833085,-0.25612736,0.9973262,0.5674282419285268,0.7941588541599797,-0.056827724,0.99982524,0.47189026827447667,0.7861396626449401,0.057441257,0.9998377,0.5758918281715015,1.0673152997864057,-0.07683335,0.9179119,0.4609616045104541,1.0474212511979468,-0.06273394,0.9114655,0.45190750567708726,1.2991028107648999,0.15966427,0.06457407,0.6003775192947167,1.2891603333779926,0.2162435,0.06055286,0.4582447173683002,1.325609042576416,0.17386094,0.056381486,0.5961593513026058,1.3067413767344072,0.24006322,0.033819057,punch
0.4982512696866934,0.3409315356335512,-0.1128423,0.9998655,0.49062494830997394,0.31499659662154667,-0.08684361,0.9998754,0.5084939100143091,0.30779725955105314,-0.11874752,0.9999154,0.4817319954794689,0.3233161922737297,0.085357636,0.99985904,0.5366220839622203,0.3003483055038619,-0.06861113,0.999975,0.4994134480267606,0.3594239478678393,-0.0443045,0.9998388,0.5105557467690124,0.3481718733175165,-0.08853179,0.99991727,0.4741143200827973,0.45927809953133714,0.1983304,0.9996947,0.611141918264962,0.4144901882077896,-0.040461116,0.99993,0.44773695020977655,0.6300372505011392,0.06986546,0.99162924,0.6656208530951435,0.5887429050142149,-0.27941936,0.99981236,0.5402285522245065,0.507616281606497,-0.4922072,0.999912,0.4481705375159094,0.5598044026842567,-0.27136314,0.9972619,0.57480592048026,0.7805067107150732,-0.056992423,0.9998316,0.4773634071828571,0.7893651759182344,0.05764494,0.999842,0.5762362895203085,1.059118096912265,-0.06804261,0.92172724,0.4676732263033847,1.0442269239931727,-0.053211845,0.91525745,0.44967961564027625,1.3073340009926686,0.13590327,0.06329772,0.5973637332585408,1.284231577901938,0.226316,0.058212608,0.45808033179021157,1.332938223978593,0.14598492,0.055259712,0.6041808346686621,1.320516340231653,0.2500134,0.032973077,idle
0.5181817293631561,0.33297318560523653,-0.2308263,0.9998706,0.5080154792013785,0.3162321210722565,-0.1974872,0.99987924,0.5375876126323035,0.29866296489794353,-0.22494653,0.99991953,0.4965545111277866,0.314219688200597,0.020128604,0.9998622,0.5625338381975784,0.3081079044446152,-0.11120553,0.9999762,0.5099824228161731,0.35961820990228166,-0.14586549,0.9998433,0.53338265342564,0.3510142732767124,-0.18369289,0.9999202,0.4786801590112192,0.4595473488728342,0.1873225,0.99968344,0.6127679185717598,0.42942583555194974,-0.06641456,0.9999301,0.46497771005701816,0.6226871815612526,0.07775191,0.99106985,0.663942878834598,0.5874571483640876,-0.32198226,0.9998079,0.5446852697888085,0.5085218928846684,-0.58481145,0.9999079,0.4492552721278614,0.5722937360787376,-0.24755979,0.9968711,0.5741821948761568,0.7928641969316347,-0.05646641,0.9998265,0.4942388847347181,0.7905289832134782,0.05718102,0.99983495,0.5903653651918958,1.0598587982572432,-0.06852281,0.9242567,0.4673317548678131,1.0405727745495552,-0.06062845,0.91874623,0.4550885809271772,1.306057916581445,0.13183834,0.067803584,0.6016626211454797,1.2932816896876536,0.21959583,0.059269667,0.4554620442364191,1.3427297221886632,0.14237049,0.05891273,0.5946149889954504,1.3160603087073066,0.24125834,0.034141887,idle
0.5283528767975005,0.33095105131727953,-0.20663556,0.99986714,0.5092563602083452,0.314346801555438,-0.17617467,0.99987614,0.5367747190840815,0.30306634170500546,-0.20215794,0.99991804,0.5057731570408351,0.32591936480027733,0.028300619,0.9998591,0.5739613462722902,0.31053334717365244,-0.087208346,0.99997556,0.5170455017314646,0.35246757152715397,-0.12669703,0.9998383,0.5383396443282183,0.3529895151213595,-0.16388388,0.9999179,0.4872225858766466,0.45659107226484175,0.18622097,0.99967057,0.6214783302286262,0.4290872671150578,-0.03449143,0.9999291,0.44940840440993546,0.6160760043741691,0.08113074,0.99041766,0.6750584691410788,0.5825093459414636,-0.28822127,0.9997965,0.5509782414949531,0.49939488430760215,-0.58372754,0.99989945,0.4513698861184139,0.5675566289719763,-0.24400434,0.9962628,0.5911210308016737,0.7876344365482985,-0.051336426,0.99982226,0.4886361206762446,0.7917879645093414,0.05219827,0.9998307,0.5827061112309458,1.0603480205735376,-0.06836947,0.9276718,0.4692999943493905,1.0348658675568878,-0.1073627,0.9223671,0.4526512647780254,1.310690875248936,0.06272012,0.071831875,0.602618927558693,1.2956069217736583,0.22229974,0.06026395,0.4575427934479662,1.342695913889462,0.07047118,0.06219596,0.5878959285654441,1.3186714608274626,0.24476354,0.03546162,kick
0.5318967473675408,0.33276262465180106,-0.2505478,0.99987453,0.5184367177555897,0.31366611499792363,-0.21846029,0.99988335,0.5497039873072205,0.3031727589487461,-0.24526468,0.99992186,0.513784266497882,0.3224988107410781,0.0020131103,0.99986756,0.5784394234213052,0.31327164220701037,-0.12419768,0.99997634,0.528047161514842,0.35532506984117096,-0.16366014,0.9998481,0.5541328629514832,0.35084011059428044,-0.20118836,0.99992216,0.48830065639071085,0.45605674740797186,0.17176564,0.999691,0.6334183796573968,0.4239046754953774,-0.052947145,0.99992865,0.4421710318413986,0.6160915145641371,0.08288408,0.9904429,0.6757427580298592,0.585103151374959,-0.31711817,0.9997778,0.5674236624463784,0.5120983128583321,-0.6443363,0.9998924,0.44003518699279265,0.5702107871523786,-0.26971418,0.9963426,0.5984570832494043,0.785375632373236,-0.051382124,0.99981606,0.49192727314385987,0.7783633371853038,0.05223943,0.99982893,0.5975143304475534,1.0621051632332938,-0.07089067,0.9310945,0.466792261570661,1.0270181927146163,-0.10235529,0.92709494,0.4438144424759257,1.2970975451410107,0.1350466,0.08053953,0.6039677487737946,1.299723885058401,0.2378731,0.06681298,0.44716145764695914,1.3347315351476725,0.1532822,0.06959382,0.6037220425056316,1.3254169525113428,0.26255947,0.039039552,kick
0.5414779691896825,0.32633861705325534,-0.32204968,0.9998838,0.51688438474322,0.31444467379292673,-0.289869,0.9998913,0.5588556238079437,0.30566074824576794,-0.3110456,0.9999259,0.5292090687764104,0.3142153139228704,-0.053619545,0.99987704,0.5715540837102262,0.3020176001577489,-0.15680054,0.9999766,0.5251970139924167,0.34719663456244704,-0.2282798,0.99985844,0.5499009255469407,0.35595042430188495,-0.25843897,0.99992627,0.49033933586291045,0.46099261682049814,0.12713888,0.9997169,0.6353142300997656,0.4151264481269917,-0.064182565,0.99992967,0.4696855826315207,0.6080123233488564,0.059824,0.9905778,0.6791889876654708,0.5836034433817141,-0.3418789,0.99975187,0.5629232373005478,0.4965125846327592,-0.7153269,0.9998814,0.44403667652441536,0.5748657983916972,-0.31441563,0.99651015,0.5962432155978257,0.7870095388633291,-0.047859155,0.9997845,0.49933807056011525,0.7793545732475177,0.048766084,0.9998177,0.5852476245971623,1.0741096502009766,-0.05019478,0.9320324,0.4611983312464747,1.0033301612409578,-0.20930585,0.9310238,0.44626508479566507,1.2944411387377301,0.007856031,0.090912655,0.6017230243615486,1.3013318573343222,0.28512853,0.072527215,0.4611156702233383,1.3340069237324956,0.02134728,0.08295229,0.5971412854821224,1.316379090621302,0.31162864,0.043715388,kick
0.5390863559088656,0.3371856618666916,-0.27906156,0.9998871,0.5302694400609945,0.3162681944673839,-0.24383342,0.99989295,0.5608138001236448,0.30062689653613817,-0.26613188,0.9999221,0.5259579402347501,0.31505665045676823,-0.019724023,0.99988127,0.586133319547963,0.2960479930855256,-0.15453847,0.99997133,0.5368045255200178,0.3482238750725972,-0.19063516,0.9998664,0.5619394630476742,0.35108529343299605,-0.22199471,0.999929,0.4948328471640778,0.4512614182822016,0.1441864,0.9997355,0.6417510020868022,0.42693399002973037,-0.048636682,0.99992156,0.4700973150981057,0.6081580218326739,0.09871062,0.98563534,0.6817901936943316,0.5897512111097845,-0.32862276,0.99961746,0.5797521304648691,0.5007467119917356,-0.66407406,0.9997566,0.4433112345251703,0.5678107799682025,-0.24504146,0.99530935,0.5824684695857565,0.7879561842304094,-0.047281243,0.9995068,0.49332085548868687,0.7839002366468834,0.04819353,0.99973613,0.5902709693343853,1.0633212865245993,-0.06876032,0.931554,0.44252944805306893,0.9583537347531866,-0.4327403,0.9355954,0.4467039003577461,1.2439646279770167,-0.24127364,0.13867706,0.592165102884076,1.2706014694053802,0.22084174,0.10424079,0.44962142586117426,1.2718696503298088,-0.23019226,0.13067178,0.5834924249085398,1.2910999688536762,0.24017227,0.059792295,kick
0.5452138448519475,0.3237192257286538,-0.22941494,0.9998917,0.5404644220697651,0.30588339670455145,-0.18704686,0.99989635,0.5688229808100329,0.3040287132351378,-0.20418486,0.9999187,0.5366005852292306,0.30780323129130344,0.039125524,0.9998867,0.5948863335711618,0.3006252034265642,-0.055808466,0.9999652,0.5386634048153299,0.3467417496312036,-0.14176501,0.9998748,0.5641314038068994,0.35117804686171017,-0.1658679,0.999932,0.5027694933541729,0.4557647461974941,0.19861625,0.9997527,0.6539436727348726,0.4237960908313138,-0.002908284,0.9999062,0.46952399353104457,0.5999814520639808,0.20701504,0.9741956,0.6840795638115456,0.5776957020623444,-0.26062667,0.9994639,0.5722873649653926,0.4862993479418835,-0.57491934,0.99962026,0.443453479210125,0.5782589257278405,-0.056685038,0.99370885,0.5952959497709516,0.7841437909390254,-0.048339415,0.999307,0.4985619088723926,0.7526880839163985,0.04931996,0.99970824,0.5946371848801686,1.0656275307784804,-0.081806056,0.92905927,0.4378676051605025,0.8937034861673846,-0.54262745,0.94024503,0.46781966923485063,1.1905536352276713,-0.39430466,0.18760256,0.5877793017552868,1.2331713173538847,0.24215512,0.117466636,0.4915622184697338,1.2292837746882699,-0.3854465,0.177024,0.576375904740964,1.250602220492825,0.26862445,0.064169385,kick
0.5621857148130625,0.3197955944998657,-0.20802824,0.99989575,0.5395913194876361,0.2994445228359482,-0.16714254,0.99989825,0.5710077657180288,0.29095499067551134,-0.1827661,0.99991584,0.5432553655928609,0.30390011854862603,0.044927455,0.999891,0.6065206408312254,0.2965860139679342,-0.036025804,0.99995965,0.5461031353582,0.3402248753893259,-0.12783477,0.9998819,0.5692694660596698,0.3440336439381818,-0.14890581,0.99993485,0.5027014905898234,0.4410564209328182,0.19473234,0.99976265,0.6468505860046708,0.41948484359567845,-0.00688821,0.9999013,0.4735110538430304,0.5729583797441434,0.18657807,0.95962214,0.6826521733634991,0.5831967866015264,-0.24212496,0.9993545,0.5727627514784746,0.48789397849911065,-0.5082449,0.9995099,0.43928520789527203,0.5776098020319463,-0.07380809,0.98907405,0.5878458136124283,0.77736552812018,-0.049005523,0.9992231,0.4940726698456154,0.7564612634299921,0.049908735,0.9996779,0.584379092490725,1.052512871387827,-0.13275066,0.9305815,0.433306667504717,0.8577313936042634,-0.5544972,0.9450142,0.4811739083947413,1.089542872270969,-0.33438137,0.23839189,0.5804978557115852,1.2182209122476915,0.17859533,0.14781073,0.5127229705741896,1.1556432909251753,-0.3166674,0.22437343,0.5750157642928722,1.2416135096483238,0.20506239,0.07580619,kick
0.5605570904373436,0.31813539268006163,-0.20095193,0.9999029,0.5445304830338124,0.29911665962996775,-0.16239655,0.9999037,0.5732861176130537,0.27935278183767587,-0.17684844,0.9999188,0.5425747657458282,0.3070642123453785,0.040568832,0.99989843,0.5983625339601839,0.29954930212975583,-0.036939416,0.99995816,0.5456235252667327,0.3364188784278139,-0.1264533,0.9998901,0.566386784297493,0.33885410553033735,-0.14621359,0.9999387,0.5096607593745884,0.44330579793753283,0.1552118,0.9997728,0.6608180428206927,0.42618776726703245,-0.014319634,0.99990284,0.4734120527334972,0.5659237526417695,0.18242043,0.9528311,0.6908740368322457,0.5772989252555115,-0.249535,0.999309,0.5825179049443173,0.4787861729365931,-0.51636446,0.999431,0.4290654492143382,0.5958742727581192,-0.02827901,0.98631763,0.5832179810884249,0.7743002806834982,-0.046306927,0.99921936,0.49292937028089345,0.7418376765322888,0.04704839,0.9996574,0.5821139748110736,1.0424993690186148,-0.1561926,0.93496954,0.4258200699305721,0.8323652473387398,-0.55778086,0.9499647,0.4827995837551733,1.0345872203385236,-0.27990553,0.29762053,0.5729142352409167,1.1919689063439258,0.14060722,0.20869847,0.50571249634321,1.0476963178883099,-0.25457865,0.27867007,0.5676038002282962,1.2155298293811247,0.16598204,0.106872536,kick
0.5790502052124535,0.3125264301027561,-0.17753609,0.99990624,0.5493697239659867,0.29767736318793125,-0.14167495,0.9999054,0.5808157579097126,0.2872288574711709,-0.15481436,0.9999179,0.540162047936033,0.3100496627741621,0.04566065,0.9999017,0.5988591212735646,0.2985840584421897,-0.020859823,0.9999517,0.5474784054705396,0.3367630598711312,-0.10814808,0.99989194,0.578974482651587,0.334479428831326,-0.12603761,0.99993825,0.5117927793555752,0.43981626178445077,0.15787327,0.9997704,0.6581342084404038,0.41744188549928934,-0.0032858285,0.9998934,0.46065621628119,0.5463104426025732,0.21626225,0.94492847,0.6862041661755562,0.5764881732883426,-0.22248471,0.99919903,0.5773669605039096,0.4811308911552977,-0.47675675,0.99929124,0.41579093081733154,0.6008152747725524,0.0432886,0.98299813,0.5925911975327807,0.7763285362326124,-0.04615073,0.9990583,0.5010273547293612,0.7282915304411554,0.04683941,0.999597,0.5700926124180541,1.0417330673815866,-0.13631399,0.93674695,0.4217573382030655,0.7768249598096209,-0.5537926,0.9539359,0.4745154499093499,1.0314599302265706,-0.4562444,0.34958747,0.5485838555894799,1.161023104186293,0.14064099,0.23849104,0.5101104050083399,1.0600658689869944,-0.44759974,0.32696867,0.5328945112403345,1.1659765669167204,0.16302381,0.12106095,kick
0.5669045199449727,0.3127583232699524,-0.18618387,0.9999137,0.5552383039494356,0.2946987948427866,-0.15125181,0.99991167,0.5842664266380564,0.28954534460595693,-0.16791248,0.9999228,0.5445339585269804,0.3103797516963382,0.033095423,0.99990904,0.6111889675424316,0.29897913748809685,-0.038428377,0.99995285,0.5557209996038097,0.3376834589795777,-0.11209321,0.99990034,0.5788097450858549,0.3331630671752827,-0.13449459,0.9999427,0.5130189040970824,0.4312986796002703,0.12559941,0.9997851,0.6641064347317646,0.4210143586260367,-0.005100164,0.99990004,0.45947748142043787,0.549375721373957,0.20461449,0.9400925,0.6989032392114825,0.5809778715365154,-0.24266747,0.9991335,0.5890785348632477,0.4735342888517609,-0.5118352,0.9992241,0.4172913359875837,0.5890328594773696,0.05897067,0.9801882,0.5836913151429532,0.7592324235568018,-0.044217966,0.99908286,0.5065252357118133,0.7120604456136154,0.044801377,0.9995861,0.5776903687627698,1.0151702668161078,-0.14112875,0.94051665,0.4259731387904959,0.7547303503598757,-0.56020486,0.9579596,0.4765814830218862,0.9700401169777025,-0.3534053,0.3977989,0.5573958374328993,1.161891021932398,0.13596678,0.2904567,0.5040491647144507,1.0052047224994436,-0.3345894,0.3711067,0.5525347363782652,1.1874689149125655,0.1597281,0.14815979,kick
0.5734336043944438,0.32622608527398883,-0.22033384,0.9999216,0.5669222166545397,0.28951416086947385,-0.18173857,0.99991924,0.5835362843139433,0.28283844852975265,-0.19659796,0.99992937,0.5502900522526075,0.3043721383248187,0.009074697,0.99991727,0.6125542414723364,0.29481227853163905,-0.058840096,0.99995625,0.5617417394798347,0.34548284632352666,-0.14892976,0.9999094,0.5869389136823113,0.32961740590217325,-0.16954312,0.99994785,0.5200371446804251,0.4432755220900932,0.09652875,0.99980235,0.6706885690194484,0.4164500602418498,-0.035142735,0.9999081,0.4636738211809277,0.5364967784761129,0.20279682,0.94135934,0.6964032534961191,0.5786401292455178,-0.279187,0.9991058,0.5846340924697373,0.4676887412621616,-0.55619866,0.99918294,0.40922463534680287,0.6016064877783808,0.013116827,0.97944,0.5829227818098814,0.7622401357677595,-0.04214925,0.99915236,0.4951145157593744,0.6979027122173962,0.04261089,0.9996062,0.575951781219146,1.0239938234041506,-0.17450044,0.9451486,0.4160314179408968,0.719465640327148,-0.5207942,0.96171486,0.4815740063643221,0.9338585472099987,-0.32735318,0.44515333,0.5707127686431526,1.1654448033894327,0.14305961,0.3519938,0.5108112581118682,0.9614528229834097,-0.24152803,0.4159153,0.5515473285858562,1.1800594375917006,0.17030726,0.19324963,kick
0.5772667126062553,0.3126735079060386,-0.23432474,0.9999272,0.5558570533640239,0.29705014275272046,-0.19625309,0.9999237,0.5940741016387934,0.2874999373909375,-0.21123245,0.99993247,0.5594283646948168,0.29931846807771206,-0.004187478,0.9999229,0.6142750831458275,0.3012191311331127,-0.074476734,0.99995595,0.56327579248535,0.339011562928433,-0.16314597,0.9999161,0.5930199135213692,0.3300205511387725,-0.18412542,0.9999512,0.5114569519459404,0.43920042448795554,0.08171706,0.9998161,0.6723951396026008,0.42260702521182714,-0.045845363,0.99991477,0.4684745761150222,0.5442282345019457,0.15143414,0.9419292,0.6907384071749467,0.5731887388478271,-0.29586163,0.9990485,0.5855579975282947,0.4586800257692106,-0.5824672,0.99912685,0.41131367290802057,0.6181632944472346,-0.020474287,0.9786094,0.5781184414520106,0.7517833424816648,-0.037855465,0.99920464,0.4978054129564806,0.6902729001289771,0.03823475,0.9996198,0.5771030000720638,1.0208093826249593,-0.1520568,0.9475053,0.4205274206805435,0.691945172842175,-0.51854646,0.9647237,0.45165909708485896,0.9078616654134044,-0.26716316,0.4874553,0.5521455133678218,1.1491784528456594,0.15429805,0.40338892,0.45323929606971314,0.9542276017224842,-0.22978222,0.45652503,0.5446827623212543,1.1544208529739068,0.18022917,0.23131931,kick
0.5663215544938462,0.3089253421605864,-0.22980292,0.9999334,0.5670575454403357,0.2996459875451384,-0.19288363,0.9999295,0.5837698160298098,0.2884122938448507,-0.20890889,0.9999374,0.5539204576192063,0.32185254464113466,-0.0046623508,0.9999293,0.6213276529079899,0.2922247303195889,-0.07999002,0.99995846,0.571217860521644,0.3424228890762657,-0.15940526,0.99992347,0.5869603812924249,0.3368709495711425,-0.18168071,0.9999553,0.5172412089141043,0.4325688677140808,0.0831598,0.9998307,0.6806697580074406,0.4275156542123421,-0.06207823,0.9999222,0.4615131483644266,0.547115573361458,0.15181711,0.9427039,0.6968096444706842,0.5743746234696447,-0.3078055,0.99901015,0.5978144549458542,0.46188713808371357,-0.5766748,0.9991144,0.3891043273254279,0.614572022943244,0.019955095,0.9769236,0.5876568357420626,0.7378961075508716,-0.03860744,0.99925524,0.49391647068005495,0.6825895512749637,0.039031304,0.99963206,0.5698942848858556,1.0019081137434631,-0.12508936,0.950346,0.4178792718071458,0.6594653227879448,-0.4941342,0.9675505,0.4300035004298195,0.908379865386334,-0.30258018,0.52367747,0.5600527014065564,1.1561828566502477,0.157113,0.44800046,0.43401508067270245,0.9341762179636969,-0.28295636,0.4904319,0.5499813550474695,1.1695390265156327,0.18177737,0.26316053,kick
0.5758595139095444,0.3215505520232278,-0.24928066,0.99993974,0.5803847051175411,0.29938313741887657,-0.21146357,0.999936,0.5897474842307957,0.28088953793994414,-0.2272121,0.999943,0.5516269139828882,0.3033291441979248,-0.020824628,0.999936,0.6154648542429313,0.2965842962830162,-0.09727086,0.99996185,0.5772902145147278,0.3413020260110588,-0.17906743,0.9999309,0.5985861562768999,0.3329441848341028,-0.20158696,0.9999595,0.5311759259667774,0.43589363740098,0.06569039,0.99984616,0.6798154481902865,0.4194151948526104,-0.08066039,0.9999294,0.4622349243675987,0.5411120682744933,0.1208119,0.9449222,0.6939460964706126,0.5781013234723614,-0.33054787,0.9989124,0.5820129675010777,0.46623096915443335,-0.607954,0.9990739,0.38691811019837397,0.6253539730346658,-0.0059265867,0.97653884,0.5948096530459939,0.7356221060226225,-0.038716465,0.9993143,0.5063385786493972,0.6821556305204589,0.039230548,0.9996538,0.5680257783345148,1.0175302278355847,-0.16491988,0.9524942,0.415819356861565,0.6537123975312849,-0.48972744,0.9696311,0.37102898773373394,0.8583491840698716,-0.24979083,0.5498801,0.5517556047962618,1.1592555381299239,0.15493862,0.4844146,0.39260099819624883,0.8874692839165952,-0.2195609,0.5142827,0.5463732918340254,1.1743652228015615,0.18269208,0.2817828,kick
0.5826659081632688,0.3198021457652517,-0.24241748,0.99994427,0.559982192537658,0.29871010558000666,-0.20546451,0.99993986,0.5938974624006641,0.2932862308814507,-0.22498396,0.9999457,0.5597221867763384,0.3034150111534503,-0.012856019,0.9999396,0.6354329460674185,0.29178351392946833,-0.09333058,0.9999621,0.5832292220319335,0.3306075161103611,-0.16926871,0.9999368,0.596723664710543,0.3350833781012863,-0.19282456,0.99996245,0.537297286007655,0.43914679427453196,0.06632443,0.9998558,0.6895707700923998,0.4168048387944434,-0.069417745,0.9999357,0.45390119584603017,0.5572096821811896,0.10107287,0.9389737,0.7059648196238377,0.5854960610751528,-0.31684515,0.9986938,0.5914950506060985,0.45200004251868464,-0.5486059,0.9988887,0.38725362138624786,0.6303492231156731,-0.018402467,0.967299,0.5844155749492776,0.7450418965896122,-0.03867892,0.999356,0.495780178583883,0.6736978206889179,0.038997043,0.99965596,0.5777904859837718,1.0019526445724138,-0.15858747,0.9539503,0.4035930113574705,0.6540347546804652,-0.4812973,0.97139245,0.33617078703856274,0.8368014011673941,-0.27292842,0.577761,0.5555473641155438,1.1812514804845413,0.19138555,0.503869,0.3343016240430008,0.8853596324124131,-0.25189734,0.53775173,0.558124523991684,1.1868309641850265,0.22681805,0.28504896,kick
0.5949114409552763,0.312152432575764,-0.2125835,0.9999472,0.5704618272178472,0.30854501153312525,-0.1756208,0.9999414,0.6045361015809658,0.2768335945480022,-0.19394441,0.99994653,0.5654167903850353,0.29168627872513464,0.005943724,0.9999403,0.6326413117178061,0.29523657912815787,-0.07735564,0.9999605,0.5765003742003615,0.3369286140330298,-0.14507309,0.9999408,0.6035189769711131,0.3324280119320506,-0.16972712,0.99996364,0.52888714651475,0.43033971959578005,0.0823215,0.9998605,0.6948616691008255,0.42623760142395895,-0.06561328,0.99994123,0.465548653197848,0.5431070664851039,0.113470875,0.9202351,0.7107834251264316,0.5821489290537118,-0.29052132,0.9983818,0.5939808904412684,0.45256655531230155,-0.5023953,0.99857646,0.3933386817810247,0.6341215698896054,-0.0055638133,0.9418454,0.5870606154751618,0.7379474118089053,-0.038818482,0.99939793,0.4998452415815524,0.6665373283699568,0.039259456,0.9996595,0.5811059139760321,1.006704506200681,-0.15290157,0.95474476,0.4013768594091718,0.6530976586090644,-0.4886617,0.9728327,0.29057370043138053,0.8148316548193315,-0.37894928,0.60557985,0.5569012066555937,1.1707461077958603,0.16156892,0.5252015,0.28366599120809666,0.865106361846669,-0.36901367,0.56400293,0.5409992226320681,1.188556209835202,0.18944862,0.28801247,kick
0.5962145639238547,0.3148170901859643,-0.19882077,0.9999485,0.5736216974437702,0.28216198870090664,-0.15791748,0.9999404,0.6055586032089805,0.2857482495909683,-0.17715937,0.99994606,0.5784656346550537,0.2981521970207406,0.04189443,0.99993694,0.6312435960749052,0.2878798199491684,-0.051216893,0.9999576,0.5838886443622777,0.3372652341932099,-0.12595265,0.9999419,0.6022513834128371,0.33179270366333796,-0.15322503,0.99996257,0.5364559075758318,0.42931550042118305,0.1359177,0.999857,0.7001219628325892,0.4263442246905431,-0.028797993,0.99994636,0.46304306037166276,0.5490841650124624,0.1623438,0.8875786,0.7023891540036606,0.5813148618258032,-0.24820419,0.998088,0.5992930100796374,0.4466948544802482,-0.4666604,0.9982278,0.3952559224150869,0.6374776343208534,0.026361007,0.90414774,0.5780592192916459,0.7345438457183051,-0.039471153,0.9994413,0.5022193332771572,0.6527002422206176,0.039725117,0.99966973,0.5796993025661232,1.0086912618320465,-0.10736634,0.9548649,0.4135099092728296,0.6547054612500218,-0.56938666,0.97390556,0.24037877063552693,0.8036480405139623,-0.6371564,0.63270915,0.5614345972436832,1.1819416740404065,0.10084573,0.5414815,0.22764257536683308,0.8526032925925872,-0.64662725,0.5928492,0.5416074450938668,1.198593019621592,0.11542759,0.29021043,kick
0.5934061574111757,0.3108272833266755,-0.24160032,0.99994886,0.5855270861467947,0.2840702897058395,-0.20197837,0.9999362,0.6148756416220988,0.28316832426942007,-0.22207236,0.9999439,0.58112911060478,0.3034566691262768,0.0064134337,0.99992883,0.6356693290552224,0.29755729366955275,-0.09163028,0.999954,0.5858048516638205,0.3346251124766376,-0.16408388,0.99994075,0.5982181536467479,0.33611470662450865,-0.19271144,0.99996114,0.5344872958972693,0.4264935906015742,0.116767585,0.9998553,0.701509037373798,0.4228555927720246,-0.038047172,0.9999511,0.4618295823928027,0.550421681904464,0.14418092,0.8647299,0.7109348313085141,0.5754872351854721,-0.2563311,0.9975637,0.606819825322084,0.4470435044822574,-0.49156794,0.99764675,0.39659492369003924,0.6335913258192315,0.012840999,0.87256247,0.5832359681044504,0.7306043456889061,-0.04104305,0.9994792,0.49658616135179834,0.6553289342691115,0.041070547,0.9996668,0.5819997339233847,1.0117006060379516,-0.112590864,0.9562502,0.3826045268890803,0.6766665631239102,-0.44482988,0.975365,0.19785288982158822,0.7817511234102585,-0.45313495,0.66222084,0.5690304725881448,1.1917740945922137,0.10271703,0.56260365,0.17831564957840007,0.8275127635707372,-0.45526117,0.62011087,0.5421340135044679,1.2082502740376733,0.12068534,0.29588318,kick
0.601150053662733,0.3169539497021072,-0.31688005,0.99994975,0.5879967621470733,0.29079322843898514,-0.2804633,0.99993235,0.6161840734550175,0.28246294469259126,-0.29903495,0.9999414,0.5767352683157008,0.2963394370997365,-0.07475226,0.99991924,0.6479628738361671,0.2868197023073958,-0.16579698,0.99995,0.5995849464538401,0.33665037829054745,-0.23902264,0.99993974,0.6199130887727304,0.33119420319478093,-0.26582578,0.9999599,0.5420409947604543,0.4255387715498031,0.056460015,0.9998547,0.7041938729163695,0.4248726538228284,-0.10779941,0.9999554,0.4657142540397168,0.5440894747877336,0.09068895,0.8536099,0.708700224846152,0.5845297659135238,-0.30633056,0.9972546,0.6120604238869164,0.44789667262247823,-0.5298878,0.9972992,0.3962851629810117,0.639215001676483,-0.06394512,0.85166824,0.5906803965751479,0.7137304746763079,-0.04425477,0.9995154,0.5049565134608879,0.6615151602714572,0.044086207,0.99967307,0.5838757250532622,1.0173878028497405,-0.110865936,0.9577738,0.35879338415884343,0.6846356681199044,-0.39047992,0.9764724,0.1681397805382695,0.7886476071357593,-0.45690632,0.6898163,0.565570952436169,1.1970587498443985,0.07502984,0.5832562,0.15320423828868024,0.8180892142252902,-0.46719056,0.64614445,0.5465917072346935,1.221363922776648,0.08844979,0.30048645,kick
0.598064644910313,0.308499821950488,-0.3017916,0.99994797,0.5991954094680896,0.29757428599964975,-0.26611152,0.99992377,0.6316158483653779,0.27974863291761815,-0.28465354,0.99993306,0.5924461987024767,0.2972541378378939,-0.060967647,0.9999006,0.6383523232443925,0.29442508126991696,-0.15157527,0.99993616,0.6024316027305426,0.33351260845477654,-0.22377798,0.9999354,0.6099280769047455,0.3286985236313884,-0.25041878,0.9999544,0.5494840869265757,0.4207859507270592,0.06425225,0.9998606,0.7048277286684438,0.42499719996623486,-0.093949385,0.9999591,0.46601218065851335,0.5467943368745696,0.08404887,0.84558856,0.7049563902180215,0.5822904918186539,-0.30047733,0.99672973,0.6222807349666657,0.459727513158409,-0.52864873,0.99686486,0.38589081298867134,0.651453182372909,-0.08554643,0.8375059,0.5923518940527102,0.7306912623021157,-0.044073604,0.99954414,0.5037462825698344,0.6635225196095756,0.043881003,0.99968266,0.5827799193783308,1.0117588062112308,-0.08821583,0.9571825,0.3370919527988997,0.6912889911337017,-0.41731745,0.97656614,0.14329745097108426,0.7788561990850253,-0.6158224,0.71353775,0.5724159926371031,1.192700597109401,0.08522759,0.5793575,0.10416472827880041,0.8247863441165463,-0.64012235,0.66697216,0.5475192073255402,1.22021460789887,0.097914174,0.29242495,kick
0.609230304449635,0.3077282810119825,-0.3026617,0.9999466,0.5987874513101834,0.28863937545506774,-0.26863128,0.99991536,0.6336426508194474,0.28756348449180374,-0.28562093,0.9999259,0.5904874824680256,0.31210653830623936,-0.068555936,0.9998812,0.6548550546466948,0.30161534120392397,-0.15238598,0.9999249,0.5957606795284259,0.33830964253465384,-0.22631256,0.9999292,0.6280926581211841,0.33654117405051404,-0.25097984,0.999949,0.5413088547757223,0.4255164771357033,0.056435876,0.9998637,0.7102819493706657,0.4259915784801705,-0.09482821,0.9999625,0.4682219374476273,0.5448538020700531,0.07505609,0.83692956,0.7103477860703771,0.5911256030825994,-0.29862398,0.99623334,0.6152668905683206,0.44784168205691943,-0.5289042,0.99636513,0.3740496807690672,0.6558911668323577,-0.09786742,0.82150185,0.5829001838640293,0.7365304654092311,-0.044266302,0.9995714,0.48910071183683657,0.6629872547504857,0.04405097,0.99968654,0.5830915446557368,1.0135863727009922,-0.09720892,0.9572925,0.3402217452206232,0.7031139128418064,-0.38498503,0.97616714,0.1280916642588419,0.7653425281209113,-0.5534592,0.7344296,0.5822381444844864,1.2024436293307927,0.034183137,0.5860796,0.1070343930621801,0.8157245746148654,-0.5741406,0.68579376,0.5519552278825551,1.2175732975908524,0.042517785,0.28836396,kick
0.6046461190368171,0.3050437778834183,-0.2656101,0.99994725,0.60541687825275,0.2966402690208954,-0.22595027,0.9999133,0.6307280056434803,0.29669687198763944,-0.24641483,0.9999242,0.591991149051064,0.29642346526686225,-0.011925879,0.9998698,0.6518043383659673,0.3021859198535634,-0.11167427,0.9999186,0.5942458763454779,0.32778411378873634,-0.18433735,0.999927,0.6222649841675739,0.336750373256809,-0.2139982,0.99994403,0.54371570180118,0.4231396824998137,0.11975952,0.9998702,0.70036065903021,0.4320496193877914,-0.07599776,0.99996555,0.463137290853592,0.553313400939498,0.13096805,0.8211983,0.7058265076429373,0.5860976972919248,-0.2929095,0.9959108,0.6285291478595371,0.4529369509236334,-0.51993275,0.9960222,0.3774352403559096,0.6551179994646623,-0.04399971,0.805465,0.5816175834142201,0.732781087447216,-0.046466954,0.99960035,0.49798055070707503,0.6684946921739797,0.04624165,0.9997078,0.5797251375768413,1.0158606152808864,-0.03587294,0.95039195,0.3509180556896653,0.6965907564697146,-0.51053154,0.9739379,0.1476117296537518,0.7764314948709008,-0.8304822,0.7455714,0.5786427370594429,1.19774671962594,0.122164406,0.55423164,0.10770509569093645,0.8344228990972715,-0.86612654,0.6941664,0.5651381847059176,1.223245673479856,0.13144603,0.2694367,kick
0.6168958339238462,0.3094266481402637,-0.27162677,0.9999469,0.6011472403276263,0.28777262095843026,-0.23174317,0.9999101,0.6389324180935075,0.29001905937809386,-0.24982682,0.9999204,0.5921336892086326,0.30015557148116667,-0.015092129,0.99986047,0.6516224818112718,0.3109630912330077,-0.111172155,0.9999091,0.6116610503448928,0.33470905432010967,-0.19076256,0.99992347,0.6300465976622363,0.3332367036596321,-0.21722917,0.99993753,0.5451123834931777,0.4216782439097898,0.11316635,0.9998741,0.7182995775460175,0.43715332366579435,-0.07173948,0.9999679,0.46577882265957204,0.5384913046106219,0.13287516,0.8151736,0.7034614922460292,0.5827384841129187,-0.29222086,0.9956134,0.6291760654987247,0.44721643224857954,-0.5321203,0.9956853,0.37962138597591544,0.6399264377901651,-0.029518604,0.7981506,0.5798627718100582,0.7406787112204614,-0.046440393,0.9996223,0.4920654491119021,0.6712455696638905,0.046227556,0.99972284,0.5838780067096161,1.0188950532067014,-0.05645882,0.9491513,0.3486008232965565,0.6909799572445147,-0.49568835,0.9739495,0.14309396487231196,0.78796333627684,-0.7204564,0.761289,0.5832798057212052,1.2079254431574684,0.118945405,0.5413316,0.12572501720899654,0.8440647712821444,-0.746806,0.7058355,0.5628501586870478,1.2324365096869891,0.12882014,0.25730065,kick
0.6189472440901796,0.3153672732771871,-0.27917975,0.9999464,0.6022507593048212,0.285780827848924,-0.24051178,0.9999074,0.6346608823184916,0.29505566929650756,-0.25468606,0.9999166,0.5933225780489528,0.3061804015816296,-0.03219393,0.9998546,0.6591015628184778,0.30446937671579405,-0.11062112,0.9999014,0.617720622322254,0.336678223532365,-0.20174892,0.9999208,0.6334146802019813,0.3329945961457279,-0.22259185,0.9999331,0.5459933148460029,0.4174372916340693,0.09135444,0.99987364,0.7103394324179517,0.4361752006032094,-0.07059555,0.99996954,0.47265252136667724,0.5473239127805776,0.12065361,0.8147337,0.7172839154982233,0.5865321830612982,-0.2918715,0.9955216,0.6304825048027614,0.4548305697680161,-0.5358616,0.99551606,0.3807784214906911,0.6502504248622905,-0.03123476,0.7953084,0.5787534039288668,0.7561663388438934,-0.045235388,0.99962926,0.49465797552142954,0.6600422999239306,0.045001723,0.99972516,0.5796909914641142,1.0228539978249451,-0.066194154,0.9501135,0.3538358261247835,0.6995495716893744,-0.49332842,0.97454864,0.1730674489057521,0.8080805250136345,-0.6185293,0.77656955,0.5729664315714593,1.209659208794933,0.09909181,0.5435757,0.14727581222385844,0.8411826311837658,-0.6358736,0.7167759,0.5556635466380164,1.2425195953805035,0.109895945,0.252516,kick
0.6110673900087243,0.3249350155393074,-0.28490207,0.99994594,0.6078980756473942,0.30540136156026,-0.24892242,0.999905,0.6337383401956784,0.29356081902307807,-0.26326653,0.99991214,0.5952387449538719,0.29936651447170476,-0.052859694,0.9998504,0.6522267158141402,0.297301811628178,-0.12475804,0.999894,0.6011472503759556,0.3492760899660536,-0.21094903,0.99992007,0.6374649962233435,0.33459360033903446,-0.23186156,0.99993205,0.5441978715538004,0.4181094526676828,0.06129653,0.99987376,0.7050614182262409,0.45893774594976083,-0.084729016,0.9999699,0.45904144203607955,0.5465488721172477,0.09101641,0.8235733,0.7115360313336403,0.602243266517593,-0.29894313,0.9956045,0.6155048254392023,0.4504204473605805,-0.53694373,0.99561656,0.3783786969994689,0.6493551854215052,-0.055709265,0.80419064,0.5789344185351104,0.7448728779636636,-0.045238663,0.9996103,0.4979986198345394,0.6669514065108224,0.04501479,0.9997085,0.5851401575140662,1.0205268258516458,-0.07781498,0.9522728,0.35990463996125255,0.6924580401054922,-0.38849908,0.97576547,0.19042062616113498,0.8213126951150675,-0.41638288,0.7920514,0.5773469792138424,1.2136206002197691,0.09213031,0.5666755,0.15920353576905455,0.8965803302100336,-0.42320356,0.7268171,0.5660302986383736,1.2386152273858917,0.10545558,0.25596407,kick
0.620208601765992,0.31735298283562763,-0.28109688,0.9999476,0.6047970595660168,0.30362320356782435,-0.24407113,0.99990726,0.6343879376712698,0.2976753986891733,-0.2593807,0.99991304,0.5909495321777642,0.31214675445057727,-0.051371764,0.9998547,0.649514101657052,0.30794968483888097,-0.124333456,0.9998956,0.6020812572311274,0.3454664165972803,-0.20606129,0.9999232,0.6413167992549265,0.34347704815859553,-0.22801133,0.999935,0.5530803907038022,0.4207371194013447,0.051920414,0.9998741,0.7151113800310429,0.44208017274687594,-0.090020515,0.9999709,0.46682318391822686,0.5457352148461424,0.071127586,0.8340714,0.7154835606734258,0.609274161878441,-0.30339357,0.9957583,0.6240531269982686,0.4566718501295647,-0.54080296,0.99585223,0.3750429835084078,0.6455483804265417,-0.09421775,0.81594324,0.5760529870963509,0.7578079932154902,-0.045402706,0.99956834,0.4917383335416947,0.6660144753377424,0.045217805,0.9996579,0.5874284631577875,1.023080053568531,-0.1115156,0.9540302,0.36610632334334825,0.6935087807614503,-0.35750243,0.97627294,0.199508930990416,0.8435550636613046,-0.28924268,0.79962575,0.5610793198589696,1.2228525986260024,0.07917483,0.5865084,0.18685331101333258,0.9146219929161743,-0.2856353,0.73232067,0.5428327932991222,1.2393460609403695,0.09472562,0.25831628,kick
0.6185241256311924,0.32261135116168066,-0.27871934,0.9999497,0.5994209281164057,0.30176044607501523,-0.24379417,0.99991095,0.637749026817229,0.29408371826130625,-0.25615352,0.9999153,0.58797878280162,0.3171997716232727,-0.048109423,0.99986064,0.6542347591523836,0.3084897685367696,-0.122640625,0.9998985,0.6071727279414737,0.34781030503651844,-0.20356672,0.99992657,0.6319159767855016,0.3459072390964186,-0.2273897,0.99993825,0.5389929335124903,0.4219616265447261,0.045714978,0.99987537,0.705746740159156,0.44873445794124006,-0.089222685,0.9999715,0.4618635209246297,0.5389327170562337,0.050875016,0.8459571,0.7141731198303716,0.6039198941876669,-0.3052972,0.99593276,0.6195964834567771,0.4595250800011193,-0.5463833,0.99606544,0.3646222272129608,0.6515255706292168,-0.12944865,0.82998246,0.5843241965632484,0.7515633946907646,-0.045580342,0.99954253,0.4960584472591053,0.6700124475873251,0.04544864,0.99962026,0.580985610825423,1.0251992674672556,-0.15476087,0.95526373,0.3565483504537986,0.6904111152594786,-0.33233267,0.97595465,0.2356387220992766,0.8657513122977561,-0.16076547,0.8011966,0.5760866708555081,1.1934017742964564,0.07793364,0.60497206,0.23282940971005506,0.9247708688400845,-0.14641574,0.7333343,0.5469553316612001,1.2197064614210475,0.097022496,0.26044095,kick
0.6092371936430556,0.31962043455102596,-0.26912552,0.99994916,0.5970896411801581,0.3016725863226841,-0.23228225,0.99990934,0.6364663523274874,0.2933161775152953,-0.24836616,0.9999141,0.5986219098048138,0.30907324903060934,-0.042508762,0.99986106,0.6407570786647907,0.3107146899820158,-0.12144283,0.99989676,0.599821082141329,0.3388939288184691,-0.19809784,0.999927,0.6303600476174753,0.3414392674260232,-0.22476625,0.9999396,0.5338875063388215,0.4162830857185252,0.051266145,0.999864,0.7000275013473924,0.4517361349192307,-0.099684685,0.99996823,0.45879214455692985,0.5398775197099376,0.063989215,0.8549795,0.7106931779282093,0.6063726181638214,-0.32495537,0.9960967,0.6206657129160733,0.4710038260135208,-0.5614934,0.99620223,0.37392084924124436,0.6404310142989159,-0.08654733,0.8410953,0.5710190104404973,0.7628863865968848,-0.04738251,0.99953395,0.488191376304442,0.6832357225432945,0.047343887,0.9996214,0.5640403934228602,1.0280841431906096,-0.19136497,0.9567102,0.3724564930737708,0.7386713471887862,-0.36622012,0.9766379,0.3412038526518013,0.9040036017924714,-0.043652177,0.8008971,0.5354846342525428,1.168183402286976,0.1612874,0.6183267,0.3396504140037794,0.9538820783971768,-0.012014209,0.73401123,0.5249769660230708,1.178149829438783,0.19682333,0.26438135,kick
0.6053660141193302,0.30995898125901217,-0.27488133,0.9999408,0.6020368395701914,0.3006847922585936,-0.23715198,0.9998996,0.6233230378046342,0.2907125759138137,-0.2526709,0.99990696,0.5799564279302243,0.31647527416266313,-0.048935898,0.999851,0.6404353440359856,0.3039447959265951,-0.12509905,0.9998888,0.5902978759062423,0.34810438392333964,-0.20581591,0.99991953,0.6209108231562352,0.33510915963671284,-0.22930089,0.999935,0.5334426719442629,0.42619242978926347,0.042587347,0.9998081,0.6882638416869944,0.45920989648907123,-0.11749754,0.9999535,0.46208754421230713,0.5426533644714534,0.06664587,0.85257566,0.6939203112514005,0.6031044896096132,-0.35469922,0.99622947,0.6100847084208889,0.4653528284921221,-0.5905385,0.99616843,0.39469185393946427,0.6393672192868444,-0.024872089,0.8371589,0.5767370761998617,0.7626871409138347,-0.04702113,0.99953955,0.49245179387756555,0.6943632519015689,0.047065847,0.99964505,0.5721448214855559,1.0278322293566626,-0.18401173,0.9579734,0.37849753835843825,0.773855322833447,-0.42916688,0.9771565,0.3943778720260146,0.9509885238663527,-0.11420679,0.7973874,0.5411522987102144,1.084013524697188,0.3021385,0.6047859,0.41316757006411664,0.9784467874786671,-0.08250164,0.7304237,0.5291394730983102,1.0643523654509512,0.35291946,0.25974235,kick
0.6041460991126055,0.3151789666366768,-0.27195805,0.99994093,0.5842390618834845,0.2966115135099929,-0.23053911,0.999901,0.6206681492396571,0.30071185212491747,-0.24567786,0.9999083,0.573513896510804,0.3156935803962053,-0.03296403,0.99985546,0.6347421222636291,0.30849319469736336,-0.106450096,0.9998903,0.5898036620286551,0.34224137114327613,-0.20184037,0.9999204,0.6167652592696538,0.33970937109390303,-0.22372785,0.99993634,0.5311370172818738,0.42377147241061136,0.056461345,0.999793,0.6912513393033606,0.452857498644149,-0.10338382,0.99994594,0.4684199503046349,0.5404026853528997,0.1283525,0.8550594,0.6868640214135708,0.6000405423817025,-0.3516823,0.99640566,0.6024566409753233,0.4627572333442038,-0.5774378,0.9963097,0.3952440313684539,0.6347861355095344,0.029941672,0.8450068,0.5742006329684927,0.7696159085127305,-0.046608686,0.9995663,0.48355082528601656,0.7043170653786834,0.046719987,0.9996733,0.5698067725003152,1.0409148915461948,-0.18602563,0.96052873,0.38032126199831606,0.7909442188264754,-0.43642265,0.9787101,0.40745808139254447,0.973898182680381,-0.10092573,0.80416125,0.547353641631477,1.1112028654801611,0.30634755,0.610089,0.42654977825690643,1.0007938406062957,-0.06854994,0.73513234,0.5253713004616488,1.1161577055572023,0.3557515,0.26379794,kick
0.6093568396444884,0.31814400251820574,-0.26654515,0.99993825,0.5871414223525353,0.2908834579623904,-0.22523591,0.9998983,0.6218906746373332,0.2971800865844112,-0.23822756,0.9999078,0.5826222752807921,0.3155513425088672,-0.03193801,0.99985373,0.6338142530508777,0.30118540986237813,-0.0969343,0.99988884,0.5851239508945849,0.35357130568787565,-0.19860327,0.9999178,0.6066778406299327,0.3497739196340185,-0.21692133,0.99993503,0.5190491512301328,0.43357894939113495,0.06455312,0.99975187,0.6835493195113702,0.4527741103392896,-0.100481845,0.99992937,0.4626126587848286,0.5488351567906133,0.16434085,0.8529074,0.6792147877908192,0.6113053252068138,-0.34518388,0.99657965,0.603073109291853,0.46081197439503163,-0.58890754,0.9964925,0.3965474858773278,0.6162388421896674,0.10433565,0.84949183,0.580081522550603,0.7675494371129185,-0.049406942,0.9995811,0.48208639534450426,0.7194263953724397,0.049581166,0.99969965,0.5630101341602136,1.0277958953404687,-0.1780053,0.9621168,0.38172578716496364,0.8165076183380762,-0.49742833,0.98000205,0.41548062411906894,0.9964307967283227,-0.2059803,0.8063668,0.5386844095347744,1.0614885309084041,0.35784453,0.59690785,0.43996994941965195,1.028635153662364,-0.18358642,0.73592484,0.5276048498434531,1.0640879685148161,0.40954795,0.25940508,kick
0.6009458592570598,0.31948105718453956,-0.25928462,0.9999391,0.5763093390678139,0.29837538397527047,-0.21722698,0.9998988,0.6129143616952657,0.3057569328926076,-0.22847123,0.9999091,0.5704276120115332,0.30977628528619533,-0.017733594,0.9998574,0.6270386538257107,0.3072468149855607,-0.07411371,0.99989104,0.5872919446433251,0.3417756379979258,-0.18863988,0.99991894,0.609886446446984,0.3352608568045027,-0.2044386,0.9999369,0.5207110723946808,0.42877758434520313,0.08969653,0.99974155,0.6734119717229115,0.44869723060845174,-0.061430108,0.9999232,0.45823731466528095,0.541350875866673,0.1780852,0.8541088,0.6835108122851854,0.6055310009193297,-0.30488202,0.99671197,0.59889878624433,0.45358905637671476,-0.57982737,0.9966247,0.4014025305261366,0.6150995531389458,0.07415627,0.8565355,0.5756208655979975,0.7675552302487865,-0.04939295,0.9996002,0.48155515803349613,0.7163334534869521,0.049577493,0.99972147,0.5673498884633763,1.0262818694946425,-0.18774126,0.96439815,0.3813535890895575,0.8398103048680443,-0.47418627,0.98147196,0.4246192758418331,1.0226836474578733,-0.15326996,0.81273085,0.5385898572654699,1.0867291036595361,0.2754206,0.60523176,0.4488989476842118,1.0439604298144585,-0.12422593,0.7414416,0.5245378240100922,1.0988091156035031,0.3174153,0.2641543,kick
0.5969367994790171,0.32004880608746866,-0.20785865,0.9999381,0.5789531313779004,0.3002796415140412,-0.16499662,0.9999009,0.6126187671016845,0.29777828023713165,-0.17739658,0.9999097,0.5620405921152108,0.3179288053216238,0.037000034,0.99986297,0.6227852111088383,0.3043788640657782,-0.024820672,0.999893,0.5736534959759176,0.3441838262183491,-0.13586316,0.9999211,0.6035240742254744,0.3431586730231316,-0.15353243,0.99993867,0.5234196424191777,0.4334193922522046,0.12718098,0.999737,0.6802991162468827,0.45616548980685684,-0.015902668,0.999914,0.4660578339271313,0.5449190769297587,0.16172428,0.8514111,0.6834245394926346,0.6165732896081835,-0.26150516,0.9968139,0.5964663215438376,0.46341219568117337,-0.5335883,0.9967779,0.40761798696315743,0.6076200205909853,-0.050078552,0.8631227,0.5647649649350318,0.7672633369577633,-0.050396215,0.9996043,0.482681965706544,0.7229222103930611,0.050647836,0.9997401,0.5640555635943838,1.0335638981328488,-0.1745567,0.9654133,0.39818188510112085,0.8406233934421767,-0.5109029,0.98252946,0.43132788155617263,1.0371378712671946,-0.22108443,0.81078666,0.5339934246370572,1.1147780082013563,0.28655452,0.5864913,0.4459017070180913,1.0483319116617982,-0.17874303,0.74140793,0.5355213985331209,1.1172797256627036,0.3302813,0.25621495,kick
0.5914962909289191,0.3162766477613921,-0.16636425,0.9999407,0.5676142657570902,0.300975238062532,-0.123353705,0.9999062,0.5939193941094192,0.2883859068253823,-0.13662167,0.9999138,0.5571882835004729,0.31059727665571524,0.08020085,0.9998722,0.6319991830176049,0.3047996205833655,0.013700197,0.9998992,0.5801981055515841,0.34234871759433233,-0.093728594,0.99992615,0.5995107811013664,0.34248285975163273,-0.11286104,0.99994266,0.5089272301844722,0.4390844721127372,0.15993248,0.9997499,0.6703052474463591,0.45162931454639155,0.037483968,0.99991137,0.4656242580478581,0.551354605497161,0.14142923,0.85327554,0.674582055672895,0.5962102306384344,-0.20549217,0.99686074,0.5817046629556267,0.4642066797306366,-0.46467423,0.99689996,0.41621612388704576,0.5936661417864734,-0.11646269,0.87130195,0.5817084838121078,0.7743167996487086,-0.04610596,0.9995559,0.4890667612894928,0.7303325227359568,0.0464964,0.999742,0.5699500345598838,1.0297513859010141,-0.15930979,0.96362686,0.3828006702950487,0.8541389302226015,-0.5034144,0.9826511,0.4218560472504498,1.0690417477931038,-0.24541405,0.7963633,0.5455853791604994,1.179233679536388,0.24329948,0.56359535,0.4354302427322202,1.1420032513941494,-0.21100016,0.72782975,0.5528399480612785,1.2039634292305657,0.27461722,0.24591401,kick
0.5832034885144979,0.3160095449059833,-0.14104603,0.999941,0.5580133444189352,0.3075054001724048,-0.10193036,0.99990726,0.5983785173577439,0.3035469077480965,-0.11740862,0.9999144,0.5527020633041939,0.30700831963180875,0.09448787,0.99987483,0.6135332335245177,0.30118945739708336,0.018617835,0.99990267,0.5674628166624427,0.3511788384439545,-0.06956749,0.99992853,0.5955454110352816,0.33999527753718456,-0.09146374,0.99994457,0.5096847798694083,0.4401762410727903,0.18028978,0.9997555,0.6554659705928108,0.44564107672669145,0.03289241,0.9999108,0.46067687498987286,0.5622382391100702,0.13650602,0.8406597,0.6726717032479526,0.598402101640093,-0.20579684,0.9968672,0.5847520225700595,0.4641337279121299,-0.43468457,0.99699,0.42700354292789533,0.5744990380725082,-0.12421981,0.87669283,0.5713149798350576,0.7741566197137794,-0.046068132,0.9994732,0.47479211141050437,0.7361180512100849,0.046487983,0.9997343,0.5750597265790425,1.042848658132752,-0.07552295,0.9545513,0.40262073355645234,0.8806837997648055,-0.48415083,0.9789889,0.41033806046345533,1.1660699597761024,-0.3380531,0.75835794,0.5570693354485099,1.1948402209322693,0.28417724,0.51850665,0.4259445982627541,1.2070196586273498,-0.33035266,0.6924981,0.5522295885267432,1.2169914689712296,0.3157124,0.22718439,kick
0.5598420529815453,0.3197566923512992,-0.18193533,0.99993455,0.5458012943488816,0.2999156719885866,-0.1399135,0.99989784,0.5838235153079162,0.29853888776482707,-0.15450107,0.99990726,0.5398323656637671,0.3141993582579561,0.05428224,0.9998566,0.5913479840386537,0.3051026911680076,-0.018298384,0.99990237,0.5503559045875113,0.34439141415103913,-0.11048375,0.99992645,0.5679546684621783,0.3348048235357423,-0.1316574,0.9999447,0.49625682952026573,0.44336133563340246,0.1463483,0.999759,0.6592582436165533,0.4423204994140469,0.017497465,0.99990857,0.46132639997683933,0.567635862053677,-0.0009704006,0.85073274,0.6587557063775407,0.6038327378646355,-0.20373449,0.99679106,0.572019049831628,0.4657288503377088,-0.45487604,0.99700505,0.4470973252141247,0.5657556565802017,-0.34411052,0.88708156,0.5690856498674006,0.7780233092559834,-0.039626006,0.9992407,0.4771727289573853,0.7484448266997714,0.040053237,0.99960965,0.5734482610874163,1.0410602801361,-0.08442526,0.9507707,0.4191513066930874,0.9524084054071151,-0.18966934,0.9753016,0.3992844587680089,1.1968344469270187,0.0074623735,0.7407705,0.557113162154153,1.235028513802766,0.26882038,0.501499,0.4012444475606969,1.2293607468862373,0.020127557,0.66679174,0.5489925256428143,1.2522659697694194,0.3070316,0.21750937,kick
0.5448326652165403,0.3125109557763006,-0.16575103,0.9999334,0.5301329220341051,0.29956748316587795,-0.12856361,0.99989754,0.5705443218000701,0.29498746417541366,-0.14090791,0.9999062,0.5274881407200662,0.3111320532929788,0.071701035,0.99985635,0.5910076101953796,0.30743407944805395,0.010137026,0.9999054,0.5439377916869692,0.35050801455434644,-0.09079003,0.9999283,0.5617330534215119,0.3403659392786092,-0.10869777,0.9999465,0.49560252270585603,0.43939290036457457,0.15791751,0.9997726,0.6384337814465628,0.4440651271340626,0.061289065,0.9999097,0.46022579149941767,0.5929240977123502,0.007848002,0.86074954,0.6686961182458422,0.6123988202488655,-0.16536549,0.99670404,0.5571437745801656,0.4749595016091747,-0.4249898,0.996986,0.44748167964526664,0.5646261688497043,-0.3300841,0.89684224,0.5707416019555628,0.7841708866941611,-0.03126744,0.9991161,0.4756845527857164,0.7522737503586147,0.031712733,0.99955726,0.5735361128684753,1.055389429261325,-0.09053977,0.9481653,0.4125395827759899,0.953956158183728,-0.24335194,0.9736231,0.39277879643397795,1.2189088850726961,-0.05169087,0.7310171,0.5621344553302441,1.2319596421249746,0.2584807,0.48553896,0.40160343344549554,1.246183494197947,-0.03894233,0.6411343,0.5519314944364313,1.248417451499521,0.30290478,0.20857993,idle
0.5389921550017569,0.31928865951383645,-0.17648281,0.99992824,0.5227647686546226,0.3097508315086282,-0.14057389,0.99988866,0.5579790379283958,0.2979435414803662,-0.15473464,0.99990046,0.5236904695200385,0.32176709332067965,0.05911977,0.99984163,0.5716713817853807,0.3025735568878355,-0.01046355,0.9999075,0.5322338856520102,0.34765416648903497,-0.101085745,0.9999279,0.5467900039140654,0.3486080611343048,-0.12167327,0.9999477,0.47896406017529125,0.4475558030913739,0.15619685,0.9997739,0.6381489359338706,0.44210385099060606,0.0423714,0.9999127,0.4550159160259051,0.5969815190290256,0.011787845,0.8652726,0.654957612438698,0.6019346452971777,-0.17280847,0.99663657,0.5575270215199638,0.49178179644077746,-0.4173665,0.99693733,0.4459444513492955,0.5369099426852328,-0.31526884,0.90357774,0.5635436750315728,0.7700584951531839,-0.029147524,0.9989657,0.4739949833260957,0.7569722434487619,0.029573474,0.9994925,0.5892834859220347,1.070408462304746,-0.07521737,0.9433018,0.4286660130939277,0.9668501173453296,-0.25300425,0.9718465,0.3883807427325152,1.2110503019758632,-0.07214737,0.7198747,0.5615619795010021,1.20811950218779,0.2910761,0.46071294,0.39970823784250076,1.2458800670252375,-0.06079963,0.61010253,0.5558451696469073,1.2375087363775206,0.32533273,0.19842052,idle
0.5360826463377529,0.314815521012031,-0.18718196,0.9999279,0.5059975676916311,0.3059087961477707,-0.15739048,0.9998894,0.5397417701710174,0.30064158179433853,-0.17081515,0.9999014,0.5025358948436366,0.31748556485381535,0.03922258,0.9998404,0.5662088601726574,0.3112171610134087,-0.029316222,0.99991214,0.5243092052669169,0.34952866493094514,-0.10980419,0.9999294,0.544168402502264,0.34568099850362677,-0.12996905,0.9999501,0.48236135705131666,0.4476268397584343,0.15450865,0.9997795,0.6203977847716077,0.42775055762586045,0.026636,0.99991477,0.44168595692901835,0.6174412064086378,-0.011979448,0.87376595,0.6514216077166228,0.6045714569489088,-0.18553841,0.99646604,0.5439167222746225,0.4904881753003204,-0.4346208,0.99659324,0.4483878188828878,0.5350196172900429,-0.33051223,0.9113696,0.5633968812573618,0.7809721141147881,-0.028036067,0.99879545,0.4696133738938937,0.749814589927992,0.02842466,0.99936897,0.5743391635015045,1.0667065050522635,-0.075195625,0.9398381,0.4274050183245659,0.9834119857017976,-0.15611933,0.96863174,0.3872644656305244,1.216678875405013,0.055914193,0.7084305,0.5643500210382583,1.2380534773267238,0.275837,0.45444703,0.40719601695229635,1.247769527802903,0.06938048,0.5834913,0.56802644877991,1.2450666164663777,0.29616776,0.19508462,idle
0.5254769507970818,0.31903800684926364,-0.20387408,0.9999225,0.5064849969844516,0.30666933994512907,-0.17185822,0.99988395,0.5335714090912671,0.29320710639179015,-0.18575503,0.99989736,0.4996844357968614,0.30900594430080536,0.031233642,0.99982965,0.5474685261901633,0.31151914551118126,-0.038473662,0.99991375,0.5094037780059775,0.34277784458917454,-0.12418296,0.99992806,0.5408071441480355,0.3413298590306245,-0.14488083,0.9999505,0.47861512836607223,0.448963944271553,0.1539796,0.999779,0.6105993868423838,0.438773065790421,0.019294895,0.99991477,0.4349799857054826,0.6194224322466269,-0.018750189,0.8800092,0.6507617253364788,0.6005404138205034,-0.19738463,0.99635965,0.5320168687615929,0.49208956178218144,-0.4491898,0.9964152,0.4515039327934137,0.5445900288072251,-0.3420751,0.9178054,0.5620640178774214,0.7723260927886912,-0.026631197,0.9986495,0.4644844106856929,0.7529225966940397,0.027001057,0.9992602,0.5654123311236838,1.0594799625514986,-0.06797594,0.93523765,0.42076417350102224,0.986409059365359,-0.14338624,0.9642372,0.3811434904216934,1.2217405866745055,0.08599545,0.6900573,0.5644416872005222,1.2316329692138883,0.28026074,0.4414601,0.40560466017054353,1.2585149889781844,0.10079615,0.5511255,0.5585164656230175,1.2515747697538084,0.30733636,0.18776898,idle
0.5098134812478881,0.3150095461148137,-0.19231597,0.9999198,0.5062798067946612,0.2957089047708397,-0.16016516,0.99988216,0.5269118643152926,0.29088460568868274,-0.17302923,0.9998977,0.49228060668630846,0.31422588627684916,0.034515448,0.9998256,0.5501904611245821,0.3053506328174279,-0.032041695,0.99991786,0.500940464884521,0.3380783684319725,-0.11809573,0.9999263,0.5290466798914015,0.3436266917666889,-0.13768084,0.999951,0.47492141869032345,0.4621590513596498,0.14543071,0.9997759,0.607018913803075,0.440439889363784,0.02684187,0.99991703,0.43423738717518867,0.611209037461138,-0.015087122,0.88788694,0.6431848363170656,0.5919758756891709,-0.18570858,0.9965065,0.533891537060024,0.5068328261053622,-0.42204905,0.99659526,0.446309431194821,0.535084150524351,-0.32321486,0.92454195,0.5447545720711016,0.7774866067931173,-0.026600432,0.9986917,0.45988269221291744,0.7558020819865754,0.027003542,0.9992679,0.5735451979097379,1.0573270469870728,-0.04443813,0.92703354,0.4334775910277435,0.9911988591968857,-0.14653671,0.9523519,0.3816051345757018,1.227410967631109,0.05760175,0.64267206,0.5638891352322433,1.22486869151204,0.2722227,0.4149362,0.39593226195839626,1.2623116851163336,0.070238486,0.5081728,0.5518025618303042,1.263529684190054,0.3009165,0.17549697,idle
0.511811909142711,0.31469040882909466,-0.1947069,0.9999204,0.4928802288820032,0.29520728230695525,-0.16136718,0.99988556,0.5279362434160624,0.29363671249830353,-0.17428237,0.9998999,0.4913312573797809,0.3115113720064235,0.033899877,0.9998303,0.5478475127412767,0.3081635890107223,-0.028858285,0.99992245,0.49553929725199575,0.3463547341621502,-0.12057139,0.9999273,0.5297180619126095,0.3466760673589619,-0.13959427,0.999952,0.4583359039171505,0.46089252488251187,0.1422644,0.9997826,0.6008654036345578,0.42750763491380556,0.033004325,0.999918,0.4131290717564854,0.610975991260129,-0.024428498,0.8966965,0.6246585606015504,0.5859818577931971,-0.1733199,0.996616,0.5319051621041129,0.5023743205170218,-0.40906972,0.99673736,0.4398100244201196,0.5321248590567752,-0.33230907,0.93132794,0.548374331871142,0.7713357368849075,-0.02734454,0.99876076,0.4587799150019708,0.7644237549231351,0.02774179,0.9992996,0.5685285252573384,1.0605150044978795,-0.055512857,0.92142725,0.41891508838890645,1.0052661462815968,-0.12336566,0.9415097,0.3830407359633098,1.2401306829575258,0.10257272,0.5979244,0.5571126267284884,1.2347986913698574,0.26828697,0.39001355,0.3917815319432343,1.2700920563694034,0.11747477,0.46840236,0.5601834736515213,1.264718037501932,0.29946738,0.16310759,idle
0.4999860751677757,0.3232295837991541,-0.17075852,0.9999179,0.4978682604070148,0.30628060087857184,-0.13738075,0.99988526,0.5255238456457931,0.29059125965563715,-0.14895073,0.9998986,0.48347178831966875,0.30991538844388566,0.04730039,0.9998317,0.5462131749270775,0.3037310816171173,-0.0103264665,0.9999247,0.4964032395520359,0.35113492151348386,-0.10133473,0.99992615,0.5141317674790387,0.34460410028969723,-0.11850469,0.99995154,0.44890351453449273,0.45357067565739817,0.13951406,0.99978614,0.5877511287639468,0.43139863939166334,0.044026423,0.99991506,0.4092696787234552,0.6194356571137238,-0.031861957,0.90433973,0.6290283275011679,0.5889392784807217,-0.15782258,0.99659956,0.5156641513988958,0.49987495076144217,-0.37128708,0.99674517,0.42985634376620174,0.5165590518461672,-0.31726414,0.9371173,0.5429869301749171,0.778834942309677,-0.024825703,0.99879634,0.45820247209648346,0.7663942413915267,0.02518498,0.9993074,0.570545532857849,1.0552386334707793,-0.05387386,0.9200636,0.429754960599692,1.0126669595593782,-0.111789025,0.93873715,0.3772915201909435,1.2342171678468572,0.123219706,0.5739815,0.5680651071557081,1.239019443058167,0.2662339,0.37922245,0.3878675453156408,1.2620962865681058,0.13945857,0.4366885,0.5590686812805381,1.2451196140417295,0.2966961,0.15535593,idle
0.5047516803428929,0.3240126344613884,-0.17628154,0.9999148,0.47900645673751374,0.31803195669937107,-0.14276817,0.99988407,0.5126902957500783,0.3021289103035684,-0.1561253,0.999898,0.48356075653200725,0.32181870589033335,0.04476045,0.9998327,0.5368782609551948,0.3105129988609934,-0.01177778,0.9999272,0.48445579930744065,0.34598878345568,-0.105443284,0.9999264,0.5137499394710251,0.34620580159532877,-0.124959484,0.9999517,0.4490493992920547,0.45508598596766114,0.13791141,0.9997912,0.5970243484843866,0.43201027254282776,0.039873637,0.9999149,0.4085821512977331,0.6222637114676737,-0.028580004,0.9113396,0.6400522200122085,0.594505760619744,-0.16789415,0.9966779,0.5203165019507054,0.49256455545286887,-0.39309976,0.9968404,0.44262515513270184,0.5159069161048931,-0.3274662,0.9422207,0.5417400771907277,0.7753698186898434,-0.02534403,0.9988162,0.45820745520833506,0.7639528622891476,0.02569682,0.9993057,0.5648127744267628,1.0596324290486556,-0.053617906,0.9166561,0.4210658895802164,1.004767747570749,-0.13323897,0.93650335,0.3861554989697622,1.2351776799358793,0.079486385,0.5545931,0.5664312994151735,1.224200973348097,0.26486263,0.36699373,0.38787083651940746,1.2667418247355862,0.093412474,0.41060778,0.5535517082969038,1.2513268134366151,0.2960713,0.1482244,idle
0.48779191455366067,0.32712736292586986,-0.17127892,0.9999159,0.46815951483256923,0.30576066483625775,-0.13781726,0.99988747,0.5006073815888795,0.2909077971429572,-0.15040007,0.99990076,0.4766144172423722,0.3221922055736114,0.04798494,0.9998391,0.5208050416483319,0.2999963222523324,-0.010980892,0.999931,0.4819435106034481,0.3495231935868043,-0.101154245,0.99992746,0.5028033985536392,0.3545124254813557,-0.11953829,0.9999524,0.4481540524855083,0.46143026647510277,0.1370076,0.99979883,0.5911877157369039,0.43757074405273955,0.041019008,0.999915,0.40620720439875835,0.6186955757253108,-0.030250136,0.9186548,0.6169787221913081,0.5915472838129038,-0.16472504,0.9967954,0.5224825344448986,0.48981362351921637,-0.3880685,0.99699277,0.42863200354518105,0.5135491764091152,-0.31986937,0.9473031,0.5449856719379942,0.7838693766307084,-0.023383189,0.9988571,0.4516739823442478,0.7683943851914229,0.023738373,0.99931824,0.5682559844409547,1.0547026850933792,-0.046408467,0.91567475,0.42039204513961914,1.010763835960739,-0.11092285,0.9340403,0.39058892742515106,1.2418111065631219,0.10718995,0.5296482,0.556542761892836,1.2284616093015501,0.25943336,0.35608542,0.39150136151316905,1.2767437886358834,0.12167814,0.38307762,0.5529755283888365,1.2643788132599563,0.28543195,0.14116825,idle
0.4814723999005245,0.32653109261164487,-0.16992472,0.9999151,0.46644595618524265,0.3134292107877351,-0.13479535,0.9998898,0.4958017189108824,0.29103500293679996,-0.14821978,0.99990296,0.4672013311027796,0.31531489204071006,0.05706047,0.9998441,0.5200309589243896,0.31338775930372137,-0.0077884803,0.99993455,0.47236490701201084,0.34746985370346595,-0.098071456,0.99992514,0.49247955074432037,0.34348150490002743,-0.117495105,0.999951,0.4382133880148804,0.4498960856389227,0.14030762,0.9998,0.5826346204061057,0.42747484085817206,0.03977111,0.99991316,0.39453520596659886,0.6193249285559046,-0.04413031,0.9257731,0.6142891080577061,0.6020620922990925,-0.1725297,0.9969925,0.5102792271884513,0.4884113455700288,-0.39710835,0.99721014,0.4257176585379495,0.5109293823723873,-0.35906607,0.9521065,0.5383887392397513,0.7680815786466562,-0.023949241,0.9989281,0.4427627870821047,0.7813347865609754,0.024303224,0.9993531,0.5768932836305485,1.0558535210589193,-0.048354108,0.9164559,0.4097569201044179,1.0171595744559643,-0.095640324,0.9319774,0.3853992335142995,1.2604269822319865,0.15560378,0.4963496,0.5608486278571501,1.2428334867945061,0.26224652,0.33918354,0.39113168054122904,1.2828271590915314,0.17361166,0.3559455,0.5533872625497005,1.2620259161944385,0.2881284,0.1333743,idle
0.47894297051781287,0.3315263327390691,-0.1736188,0.9999172,0.4616970529541973,0.3083620986378036,-0.13854043,0.9998949,0.4870714253635531,0.30312063403011763,-0.15211919,0.99990755,0.45845082785502256,0.32094821948128743,0.053830914,0.9998523,0.5162443976405136,0.30972552251999014,-0.010297658,0.99993885,0.471308006983575,0.3394866354406856,-0.10147749,0.9999259,0.485683780790648,0.34898398855965174,-0.12111001,0.99995124,0.42594260430697606,0.46879095927974457,0.14012553,0.99980205,0.5800602666308141,0.4317425246566037,0.028451791,0.99991035,0.3887622486875084,0.6185482815893018,-0.046223022,0.93237543,0.6022817530120637,0.6087467369882391,-0.20146766,0.9971833,0.5117764934321718,0.49512495439766907,-0.4435677,0.99742615,0.41248762669470507,0.5099525090705085,-0.37369436,0.95654196,0.5247640739239354,0.7792052863586097,-0.024198938,0.9989926,0.44296995844985143,0.773990213611453,0.024564628,0.9993851,0.5617619972876755,1.061387144615793,-0.04913991,0.91922957,0.40715485087043535,1.0345479687103665,-0.09829738,0.93315786,0.38422620913601047,1.2635949510709823,0.15348688,0.4716368,0.5518862022669335,1.2522461889767456,0.2517852,0.32539052,0.3781858756665031,1.2917710259213435,0.17117146,0.33364543,0.5407558703480784,1.2843616673268783,0.2770418,0.12685223,idle
0.46597884547097135,0.3285619868395044,-0.15171233,0.99991596,0.4596997550277778,0.3083236603834872,-0.11563367,0.9998964,0.4833960916077956,0.3059496548904228,-0.12933333,0.9999099,0.4492962379090487,0.3188759782823691,0.07615398,0.99985635,0.5117887027635626,0.30474156089243576,0.010594399,0.99994236,0.4654913577591916,0.34577214019200553,-0.08016926,0.9999223,0.4828555103220671,0.3532754894226811,-0.099731416,0.9999484,0.4267120817210842,0.45872551540425505,0.1538809,0.999791,0.5719302178940134,0.441571171986029,0.043358378,0.9999069,0.3805604767811497,0.6232584988077925,-0.049988244,0.9382555,0.6054292086471909,0.6093295393244897,-0.1849218,0.99737054,0.5011062725681061,0.48866447826385806,-0.4049062,0.9976364,0.4082321801672322,0.5084125052937903,-0.37082854,0.96042496,0.5265469751299257,0.788928414002238,-0.024473839,0.9990726,0.4341849152870084,0.781400183287072,0.024872348,0.9994313,0.5657036357564389,1.0717095637916227,-0.05232805,0.92003894,0.4075497485613391,1.031963146243155,-0.096239455,0.9292608,0.38172075147844164,1.2937422467678175,0.1649513,0.43435636,0.5504752232672543,1.2612561137152445,0.25442228,0.30310628,0.3830974775486372,1.3217982553619034,0.18431984,0.3068278,0.5581294687625662,1.292206900029391,0.2805696,0.11791709,idle
0.4550947025308234,0.3376334949211127,-0.1289534,0.9999137,0.446875925996823,0.314514660824874,-0.09380592,0.9998959,0.47739961087164395,0.307923176436798,-0.107772864,0.9999098,0.4572311346201041,0.3237590693033854,0.09304442,0.9998576,0.5017900697646943,0.31105005628854415,0.025280427,0.9999442,0.44967157361184895,0.34765898444175397,-0.05907433,0.999915,0.48101276033916784,0.34588431338361375,-0.079098456,0.9999424,0.412360158039515,0.459824388362678,0.16222365,0.99978715,0.5631381607681685,0.4504011519702819,0.060533054,0.99990314,0.3806939276648069,0.6232684036158007,-0.04544965,0.9436676,0.5867679777803081,0.60734647815202,-0.15753748,0.9975349,0.491611755259195,0.4914933824420209,-0.36614272,0.99783117,0.3943446909725461,0.5084676349938967,-0.34911168,0.9640427,0.5154554239720432,0.7941635977249377,-0.024561053,0.9991445,0.42800760943545224,0.7876999420594146,0.025004346,0.9994715,0.5525376016104677,1.0763652089649396,-0.05782629,0.92113525,0.4078017196523215,1.0495236777083214,-0.09260805,0.926209,0.3757396342421113,1.2881401962856247,0.17117675,0.39996988,0.5586446268096685,1.2726129254728338,0.238615,0.28310135,0.3723953709922667,1.3180665884839815,0.19075891,0.28209788,0.5376442812758144,1.2916909154594889,0.26351115,0.109860495,idle
0.448436844273561,0.3310082359882632,-0.13482425,0.9999148,0.432983657467076,0.3068776582383784,-0.101381384,0.9998987,0.4724789916812274,0.31049086572485524,-0.11423584,0.9999128,0.4408823089687556,0.3260387323009967,0.081288554,0.99986154,0.4797958422246398,0.2971622549706775,0.016459266,0.99994725,0.4357329258575253,0.3487991778205012,-0.0671093,0.99990886,0.47285123984509747,0.35003907247179544,-0.08575218,0.99993813,0.40350899493160153,0.47106815830244986,0.15804026,0.9997757,0.5548235263988154,0.44717755188083985,0.05313185,0.9998982,0.36358928792481526,0.6195830832692516,-0.040962555,0.9488552,0.5809413902417928,0.6065143717344532,-0.15997647,0.99770784,0.4820815116878582,0.4916085828852015,-0.35927212,0.998011,0.3871845248026494,0.5122131617442565,-0.340868,0.967424,0.5034516030622692,0.7829847633082592,-0.025610369,0.9992123,0.41638911403450407,0.7850663118261428,0.026096229,0.99950993,0.545024343655012,1.0742670428784995,-0.059102826,0.92310864,0.40259346300175347,1.0445733164115094,-0.08348689,0.92428666,0.37477716327420807,1.287654805490821,0.15567045,0.36793888,0.5550257430935444,1.2731481205341746,0.20424636,0.2635002,0.37337653593403275,1.327305899891088,0.17255543,0.25992626,0.5571994456523369,1.3084825295146734,0.22491233,0.102523424,idle
0.44129783600066574,0.32504044860102266,-0.1398456,0.9999155,0.42336973212868756,0.3148086955960675,-0.10732831,0.99990064,0.4646081853167622,0.2917122594449435,-0.120430246,0.9999155,0.4301249577143319,0.3237132515088257,0.07673482,0.99986356,0.4787247724388971,0.30397025994679794,0.010552062,0.9999502,0.44141881899045843,0.3593561639758727,-0.07278307,0.999903,0.45749630264914676,0.3506593942264528,-0.09168871,0.9999345,0.386089724489584,0.4727187408693869,0.15767856,0.99976104,0.5401489036711171,0.43869826157079944,0.049410485,0.9998958,0.3502280973216937,0.6177181754912265,-0.03695976,0.95344186,0.5752809397284062,0.6065434484551271,-0.16408435,0.9978822,0.476548122621146,0.4931998618640294,-0.36126587,0.9981861,0.3846694662481457,0.5046662982105079,-0.33947846,0.9704318,0.50238516958115,0.8027417407975557,-0.027521437,0.9992757,0.4066807678079498,0.7778372408657387,0.027990874,0.9995457,0.5461846880918161,1.0824761078523604,-0.059488975,0.9261938,0.3997554774888067,1.0495841343233345,-0.07143851,0.9236987,0.3680960497252722,1.2957315250603825,0.16757199,0.3401975,0.5532927158751861,1.2809139869989328,0.18524334,0.24699841,0.38463715971837675,1.3303838282883838,0.18368445,0.23993048,0.5563053303959493,1.3069633525791053,0.20412807,0.09583187,idle
0.42395386300310556,0.3311403114809473,-0.12744841,0.9999136,0.41890600218893215,0.3135883835056872,-0.09591195,0.9998993,0.44715845692656875,0.30965130408440167,-0.1087895,0.9999158,0.4185127829952272,0.32857919804159913,0.080836974,0.999861,0.4702206349688981,0.3078143068724821,0.01645593,0.999952,0.42797708780098753,0.3454404690088139,-0.061210424,0.99989086,0.45031606155439585,0.349086653075774,-0.07984518,0.9999279,0.3851567543767561,0.4679222764150944,0.15721057,0.99974144,0.5332959794408278,0.44284630739936237,0.050049704,0.99989194,0.35204027148222494,0.6180994061008318,-0.03440726,0.9572427,0.5680778266412314,0.6198806508047882,-0.16238554,0.9980206,0.46247777203507334,0.48044035750300523,-0.3545542,0.99832845,0.3754551340826414,0.5022673077801297,-0.31794766,0.97297686,0.488008039378968,0.7988885179157682,-0.028244238,0.9993301,0.4100812958326501,0.7867395262726391,0.02872023,0.9995749,0.5332108646621693,1.0681514231274312,-0.059840214,0.92867905,0.38772741014393575,1.0463399367004165,-0.07368435,0.92309755,0.375767204879926,1.3096297818472107,0.15965605,0.3189969,0.541409199000177,1.2898054272234245,0.16518414,0.23750946,0.3816832465408221,1.3417612108215962,0.17509419,0.22404669,0.5615938661105688,1.309961387708097,0.1816864,0.09108591,idle
0.43005744640594645,0.3292979785197242,-0.13204448,0.99991214,0.4224584941632822,0.30119389085017656,-0.10119595,0.9998988,0.4592903888747314,0.3075649077141553,-0.114227675,0.9999164,0.41856298402375613,0.3320061174960384,0.07832761,0.99986035,0.47249886271677766,0.306828790785911,0.012643887,0.9999538,0.42944193442670264,0.3506757946165773,-0.06572162,0.999881,0.44241648530557154,0.3387903247946847,-0.08445935,0.9999218,0.37958167599611425,0.46423345708481695,0.15521319,0.99971074,0.5365183472926383,0.4433286309734989,0.042830452,0.99988693,0.3437803094121492,0.6239944241462908,-0.021231722,0.960814,0.5669696835953386,0.6087774251052641,-0.16631122,0.99814314,0.4751512848428784,0.48651861060147455,-0.3649881,0.9984414,0.3751469820684611,0.5058451410589963,-0.28078848,0.97527736,0.485265380927167,0.7866992182373292,-0.029512072,0.99938154,0.4034362543133492,0.781127851075052,0.030023247,0.99960345,0.5357980097597653,1.0647260697660856,-0.070387736,0.93135387,0.39250134802399683,1.0510086953906745,-0.070846006,0.92364246,0.3713542779952541,1.3080276826929687,0.17269601,0.2999597,0.5559803789464147,1.2932667471201225,0.15158755,0.22791526,0.3780727965493297,1.3208812617885504,0.18923344,0.20999107,0.5606096524699864,1.3223403433704461,0.16794041,0.08685671,idle
0.4425389837118915,0.31671888256949743,-0.13641588,0.9999072,0.41105961088921694,0.31696530429695835,-0.104946494,0.9998946,0.43155504953135404,0.302665758987144,-0.118015885,0.9999129,0.4233445952587731,0.3175273800566797,0.07466899,0.99985677,0.46632379233263643,0.311461744409434,0.010101005,0.99995345,0.4196183562711093,0.35202407803927505,-0.06932743,0.9998697,0.4496606006472279,0.34960077415658747,-0.087710954,0.9999119,0.37679870792013026,0.47207718551873257,0.15426934,0.9996794,0.5227213861788689,0.42893590285568206,0.042604305,0.999875,0.34748591899506365,0.622580600791141,-0.021761242,0.9640777,0.5560023367659264,0.608040799710921,-0.16713843,0.99821484,0.47047554998694485,0.4860109267266534,-0.3703358,0.9985163,0.3728916110636378,0.5102219181393423,-0.28465408,0.97733295,0.4892163289837591,0.789125653404695,-0.029416978,0.9994188,0.3961379081902663,0.7785174822841109,0.029931303,0.9996211,0.53011455775877,1.0763544174863726,-0.07818799,0.9334783,0.3913853815884667,1.0415480957876124,-0.073821746,0.923494,0.36929718499101727,1.308373081678734,0.18136539,0.28450543,0.5541683787128368,1.2957232107889143,0.1507186,0.22238944,0.3854420266511296,1.3313351546136374,0.19921413,0.19859567,0.5626387593332421,1.3184390805056148,0.16748878,0.08433415,idle
0.4164909473331809,0.3255024647039139,-0.13226214,0.99990857,0.39589425651847254,0.30896086498665887,-0.100877926,0.9998956,0.4248281502645578,0.30817768808024365,-0.10861292,0.99991494,0.3904685717734174,0.32908262031851926,0.07438511,0.9998583,0.44479281523459335,0.3005182093780939,0.035125997,0.9999556,0.3945363547926469,0.34984184812304775,-0.067143604,0.99986875,0.42285655287516255,0.34938132310439635,-0.078951895,0.99991244,0.3545112179382349,0.4579685106949968,0.15205881,0.9996611,0.5086132956690157,0.4351663689499171,0.06731724,0.9998758,0.3197388227768073,0.6122209653558925,-0.039552845,0.9671191,0.5457778729043452,0.6136915148051254,-0.13320965,0.9983159,0.4623136158746176,0.4867217478100964,-0.31448346,0.9985988,0.34307541574511935,0.5041486768762662,-0.29262447,0.9792187,0.47722008724179554,0.7946376748400845,-0.027198955,0.999456,0.38300980006492125,0.7916066864119146,0.027677879,0.9996385,0.5089730357085445,1.0692563953539893,-0.06115107,0.9346743,0.38887658575543005,1.0595586586131756,-0.07928092,0.9217263,0.3684612287055532,1.2988765349676694,0.16690098,0.26967257,0.5369246117305385,1.2875466013016124,0.15250745,0.21509069,0.37715216531171036,1.328295530156994,0.1847004,0.18655649,0.5431526718686042,1.318262985785181,0.17472425,0.08125985,idle
0.4086435311972093,0.3221792329549904,-0.1324822,0.9999121,0.3968545631342417,0.30745568981356497,-0.10100913,0.99990034,0.4184164608651145,0.29680703876679493,-0.110909745,0.999919,0.3829113386715609,0.3222254328983319,0.07318808,0.99986595,0.4345597859472695,0.3013505921768423,0.026697004,0.9999586,0.39971108717733206,0.34708143877819925,-0.068031125,0.99987423,0.4219385564337045,0.34542986376502455,-0.081401855,0.99991614,0.3491417837096119,0.46931725656079304,0.15313432,0.9996653,0.5078451896425016,0.42539763475936937,0.06098061,0.99987847,0.3135248045704171,0.6096624304795101,-0.027448822,0.9697905,0.5408108357253245,0.6069040919904588,-0.14482255,0.99842316,0.44463497809568064,0.48425179551803166,-0.3386489,0.9986915,0.34115105114918,0.494381782478239,-0.29098576,0.9809295,0.47479357936913213,0.784547298931049,-0.02725253,0.9994895,0.3812824605224632,0.7816300868302831,0.027720511,0.99965376,0.5027016742913686,1.0712241707968577,-0.06041325,0.9358059,0.3879514217550445,1.054691468626264,-0.075223066,0.92067045,0.37506064791512206,1.2940082482079622,0.16511625,0.25563255,0.5252639767596945,1.2825117437307996,0.16503708,0.20679629,0.3853392785940528,1.332325958597644,0.18104346,0.1748957,0.529237108752264,1.3102976865762452,0.18444322,0.078596294,idle
0.4074184104115447,0.3208976166623893,-0.13435093,0.9999157,0.3844072290194569,0.30354941992805146,-0.10245739,0.999905,0.4186420201287586,0.2944740189902385,-0.11377852,0.9999227,0.38588202505382485,0.31455760591446846,0.07231232,0.9998731,0.44428605002550947,0.30262183467811227,0.027470473,0.9999612,0.39826333398972236,0.3506096985571914,-0.06965892,0.99987966,0.41487617358630857,0.3285336373053922,-0.08379213,0.99991965,0.3533356256879753,0.4605879134753006,0.1624991,0.9996722,0.4938404691685163,0.42733667619470256,0.06734869,0.9998819,0.30409240251472414,0.6113374467541385,-0.006084717,0.9719314,0.540147108386206,0.6009248511306807,-0.13053054,0.9984868,0.44700400235518256,0.4877457168973884,-0.34488985,0.99876523,0.3458438330000929,0.5082542617673107,-0.28989187,0.98226106,0.47215724608765874,0.779720171777554,-0.02732485,0.9995192,0.38292562033937594,0.778564730479239,0.027792778,0.9996682,0.49605117361104933,1.0667149224466859,-0.06246286,0.93684626,0.3794070245820971,1.0493616142751554,-0.075731084,0.9199744,0.3721299898367405,1.300777693849403,0.16070966,0.24394645,0.5195971118997718,1.2809643941742859,0.18922856,0.19991076,0.39079681135502,1.3237740219157645,0.1766758,0.16452496,0.5237099609136462,1.305599573825495,0.21129374,0.07663177,idle
0.3936928547183369,0.32126678164331535,-0.13118489,0.9999178,0.3842220573837881,0.30823612839331493,-0.10005611,0.9999083,0.41143523762062106,0.28866597148853435,-0.111435555,0.9999252,0.3687721922038455,0.32137322924364653,0.07684465,0.99987954,0.4327074918279932,0.30479058523861147,0.026508588,0.9999633,0.3792512586080524,0.34852147749036255,-0.06416399,0.9998841,0.40502534299667425,0.3432435527897638,-0.07935199,0.9999222,0.34048053202228445,0.45244665487846714,0.17523924,0.99968034,0.4953456246215364,0.42284919507931,0.06456925,0.9998835,0.30706947041137556,0.6174264021370259,0.021405764,0.9740581,0.5300502932860411,0.5985104097062011,-0.13454258,0.9985443,0.4252013709194111,0.4822882675196819,-0.34744048,0.9988268,0.3353945691300315,0.5039572726011928,-0.24459259,0.9835556,0.46952790273896006,0.774934790645302,-0.02785856,0.9995457,0.3739391966293324,0.7746214108003855,0.028351668,0.99968123,0.49320019775585144,1.0466332645293666,-0.072092995,0.9374468,0.3752423176913705,1.0404833150780999,-0.06963292,0.9201206,0.37643147181904757,1.2889325487167633,0.1946064,0.23520404,0.5225523564229648,1.2713317925467944,0.1876044,0.19450487,0.3799540088051774,1.3101075778746085,0.21281019,0.15579714,0.5197832127793092,1.2953554775751162,0.20874171,0.07454065,idle
0.40786262507924154,0.3010866323996129,-0.13438222,0.9999236,0.3797994050540606,0.2842936944479594,-0.10189674,0.9999155,0.4081793505386011,0.28231925042237516,-0.112863995,0.9999309,0.38094869739699133,0.29711544715375826,0.076257564,0.99988973,0.43828872014135667,0.29760242298103223,0.025503237,0.99996644,0.39520629099183224,0.33751484487752487,-0.064421445,0.9998929,0.40979398524247046,0.3448550396903938,-0.080481544,0.9999279,0.34976382151129526,0.4477811283101082,0.18240118,0.99969727,0.4986263005881032,0.40902285948022027,0.06747184,0.9998879,0.2970283500012797,0.6074706219125952,0.027382333,0.97634983,0.533846817599428,0.5797364606573617,-0.12381591,0.99861574,0.44171797386967515,0.48479542175705836,-0.3499121,0.9988906,0.33474082873471334,0.4916857435187597,-0.24991956,0.9848928,0.4717010536499784,0.7673926891789254,-0.028397117,0.9995779,0.37163162530321414,0.7818489198871453,0.028968927,0.99970216,0.48670311858511683,1.0459870820916182,-0.07442118,0.93901145,0.3752072598364481,1.0198047523234754,-0.073280305,0.92228377,0.3680416905117492,1.2758675166824325,0.18125245,0.22462234,0.5053338650739183,1.2503337487071027,0.2275693,0.18508947,0.3794112335017742,1.29952288110232,0.1985229,0.14772208,0.4998767528362301,1.2737532948443528,0.25358725,0.07263585,idle
0.40197235019911604,0.293117284037783,-0.13512728,0.9999287,0.3865018020113724,0.27842371446968456,-0.10319109,0.99992186,0.4195587062990578,0.269195242893495,-0.11402185,0.999936,0.37394420993623945,0.29985374339378534,0.07523967,0.99989885,0.4356168122431724,0.29120865684235225,0.029388119,0.99996924,0.4013309850942084,0.32827666828184804,-0.06527762,0.9999005,0.4215758940884773,0.34000202393108714,-0.082073405,0.99993265,0.33608810532251976,0.4304748287830889,0.17779282,0.99971235,0.4866099569199174,0.40317782464647317,0.072717324,0.9998925,0.28793655280001895,0.6037240244323123,0.020933526,0.97842026,0.5288721279653137,0.5867723312681181,-0.11437619,0.9986837,0.4347389819622699,0.48208780673523466,-0.34044284,0.9989569,0.3304561527285944,0.49522193207795606,-0.24874413,0.98610485,0.47062954099101983,0.7579177989430592,-0.027901713,0.99960905,0.3698432301135669,0.7662506802240626,0.028512847,0.9997224,0.4833223107187071,1.036365199525075,-0.07110748,0.94001216,0.3744362387294028,1.0250032541911465,-0.08031807,0.9229133,0.36935998489860167,1.2788287907041904,0.17319146,0.2121281,0.5055997780529892,1.2376112789070361,0.24055219,0.17511551,0.38457388191522557,1.2996549321186694,0.18983732,0.13892166,0.5095086221556357,1.2653600431307723,0.26681224,0.070247374,idle
0.4072187821794977,0.3001781723728452,-0.13532606,0.9999336,0.3801138669357359,0.27893601436131926,-0.103670344,0.9999276,0.4167003301747044,0.27618531781955125,-0.11583116,0.99994063,0.3735122258699387,0.29261114614592154,0.07516708,0.9999073,0.43993591224620776,0.28563179132549665,0.028165245,0.9999718,0.3969701889656023,0.3330733275779097,-0.066765934,0.9999078,0.40752439236203497,0.33086428974478066,-0.08292205,0.99993724,0.34275601320942295,0.4342359376392123,0.1871052,0.9997301,0.49532968500877994,0.4113470049216586,0.07018984,0.9998981,0.2973379924879279,0.6040813126666315,0.03820629,0.98036736,0.5308295913369241,0.5805553319272455,-0.123153225,0.99876595,0.4352731442364143,0.48975659230590024,-0.35112798,0.99903446,0.33412678209016644,0.5044257208320702,-0.23119462,0.9872896,0.4551926311526081,0.7620746010434448,-0.03042749,0.99963886,0.38064575127522315,0.7625355046167536,0.031112185,0.9997421,0.4879251088256541,1.0327865312957172,-0.07111403,0.9407986,0.37293003958448634,1.0236244619605839,-0.08161571,0.92425466,0.3601545394634271,1.2724969922821956,0.18658702,0.19936523,0.4920641103205191,1.2352567956604483,0.23449425,0.1667319,0.38182235038193324,1.300218051578802,0.20521894,0.13042746,0.504684872973871,1.2657448748934066,0.25907603,0.06831064,idle
0.40240997915461596,0.30451224658420495,-0.15181582,0.99993426,0.3772621671857126,0.2867293312512856,-0.11952038,0.99992925,0.4278291915222685,0.28003896964139185,-0.13451496,0.9999425,0.36273035078160576,0.30374810020602994,0.070414886,0.999912,0.44290884935732866,0.2815470115597955,0.0059738406,0.9999735,0.3996595020920123,0.33625496837541397,-0.07799505,0.99991035,0.42144952869538477,0.32813415824471376,-0.09791504,0.9999387,0.35107780016555645,0.43323388045132205,0.18415686,0.999732,0.49400020496001984,0.4144263723028315,0.047720674,0.9999001,0.29831309192138755,0.6080818021173582,0.034504294,0.98209167,0.5332954871629629,0.5895714688758847,-0.16396557,0.99882627,0.4405232034766624,0.48801162933159614,-0.40513048,0.9990858,0.32895442757496507,0.48877544836192255,-0.26340723,0.98827314,0.4613661326762024,0.7609178700693175,-0.03598916,0.99966425,0.375450854262694,0.7593274133352655,0.03666651,0.9997578,0.48165398178998153,1.0427616246976492,-0.08329789,0.9421663,0.35454457461832234,1.0185449111164562,-0.07725943,0.9272461,0.36468514571635025,1.2754217369647083,0.21854441,0.19117661,0.5013784666612173,1.255495419162233,0.24877425,0.1600844,0.36116130456251205,1.3007324858117266,0.2400384,0.12558568,0.5023623487712354,1.2690131526644606,0.27638978,0.06763751,idle
0.39772801987082906,0.30740688419651135,-0.1794253,0.9999367,0.3800247892777999,0.2936179505356147,-0.14590332,0.99993247,0.41538872219450296,0.28024437308070843,-0.15906385,0.99994504,0.37334630518322964,0.29390522629436283,0.055597097,0.9999178,0.43897953338937756,0.28212591966044764,-0.005617283,0.9999751,0.39549400724445216,0.33162955471507854,-0.101776525,0.9999151,0.42042672413370086,0.3411648723480048,-0.11982222,0.9999416,0.34275264393451077,0.4262424695477809,0.18156649,0.99974084,0.49913247096157065,0.40417433571123595,0.04007514,0.9999009,0.3042166074942172,0.6057526319906518,-0.0013773865,0.9836818,0.5453008270842197,0.5841015288942666,-0.1890737,0.998852,0.4501914958883173,0.485136721984385,-0.45602575,0.99911165,0.3469983929244279,0.49131666746371194,-0.30951872,0.98922485,0.45834395220751123,0.7623488555355985,-0.03684609,0.99968064,0.371808628101129,0.7613296554103519,0.037549127,0.9997683,0.4809749853315569,1.0360419881576173,-0.08168692,0.9418416,0.34791554823251014,1.0240469795422202,-0.086290814,0.9292589,0.3690119386334413,1.2650205093353577,0.20156991,0.18472773,0.5067639591490657,1.24884696631629,0.26992053,0.15458111,0.3626034841146145,1.3030062120112802,0.22120912,0.12338071,0.49915112356175406,1.2711585157317242,0.29879254,0.06773502,idle
0.39814802464206467,0.31918437430391067,-0.17844021,0.9999385,0.38788935240384903,0.28765976419027584,-0.14477846,0.99993485,0.4122698393911547,0.28123697328633085,-0.15897284,0.9999471,0.3842937906540035,0.30408849314105,0.052409954,0.9999223,0.44234648179545266,0.29370543287454665,-0.0151722925,0.99997634,0.4006076122893316,0.34115581967100933,-0.1033297,0.9999193,0.4129838389144205,0.33132894535046903,-0.12285377,0.99994415,0.3408599880019073,0.4436637491699157,0.16796461,0.9997451,0.5103078984661436,0.40867317621959354,0.024768107,0.999901,0.3060285342393616,0.6039394419970446,-0.02555767,0.98497456,0.5330430102973933,0.59263652776692,-0.20904696,0.9988467,0.4458841621443168,0.47680915213441327,-0.46820393,0.99911875,0.3389602114504585,0.4779757403747303,-0.334518,0.9899667,0.46372935648766345,0.7731025329389216,-0.036761206,0.9996804,0.37168543518193864,0.765550864492678,0.037450075,0.9997656,0.4754977647194202,1.0434164735017624,-0.06424232,0.94026136,0.3425408096584496,1.0259688780513314,-0.105548754,0.9312709,0.36419579427984283,1.2667824953797695,0.14141199,0.18598445,0.4940810467640534,1.2456922361441796,0.29392803,0.15204518,0.3716469736637902,1.2965535060182252,0.15682875,0.12620653,0.502546891660149,1.2709865713088389,0.3233955,0.069866754,idle
0.40615309727156834,0.3142106188103015,-0.18451218,0.9999416,0.38739428242028084,0.2996853044224813,-0.14971483,0.9999383,0.407418075896705,0.29246355900942805,-0.16456333,0.9999497,0.38134889448843956,0.31070241965793133,0.048775434,0.999927,0.43623597046900087,0.2951053548798364,-0.02177808,0.9999775,0.39746780870429044,0.34227770789310097,-0.10937854,0.9999243,0.4131122641339521,0.34420275595838756,-0.129793,0.99994737,0.3434108720236101,0.44741536358422057,0.16239157,0.9997558,0.5060366674941467,0.42254007065978233,0.011198813,0.9999019,0.3026595577014376,0.5972706279584221,-0.03324657,0.9860305,0.5466103892535086,0.588226491810697,-0.23416293,0.9988107,0.4508939017824677,0.4790097543240836,-0.5062715,0.9990957,0.33792105648672677,0.4935440883213549,-0.36359614,0.9906245,0.4597396036689727,0.7642767144809735,-0.03906113,0.9996668,0.36725010081027487,0.7593455279402023,0.03969592,0.99975455,0.4815158917818235,1.0517339818603308,-0.06493394,0.9381514,0.34366912483983003,1.028185836760568,-0.12495078,0.93305176,0.3467761123955979,1.2730857019510653,0.11739061,0.19337262,0.4988778153402532,1.2382125303293148,0.27767596,0.15425245,0.3637435960605434,1.2993698468745096,0.13266984,0.13386019,0.5026513438759548,1.255791837696661,0.305578,0.073750265,idle
0.40734369894753264,0.3203450793703815,-0.17456734,0.9999412,0.3858023344378022,0.30366038546271473,-0.13831867,0.99993813,0.4071373721120637,0.27801648486682484,-0.15878806,0.9999497,0.3703331041533986,0.31558488055886996,0.0613465,0.9999279,0.4430295214676371,0.3016862734111708,-0.015724428,0.9999779,0.39355342161567364,0.3432142509348818,-0.09813593,0.999924,0.4204872685896913,0.3387330631506275,-0.12571226,0.99994713,0.3433607268981099,0.459258560931127,0.17110884,0.9997564,0.5000011462922538,0.4304140140559749,0.017693141,0.99990207,0.29564641058470387,0.6082866129571491,-0.025419181,0.9869318,0.5357907405159655,0.5965158632088936,-0.21693213,0.9988257,0.4518735444904467,0.48131284756635845,-0.46400815,0.9991082,0.32458713169482856,0.49432564613733093,-0.34211332,0.9910809,0.45277554495349837,0.7774429755326765,-0.041647527,0.99966836,0.3722700222711599,0.7603749079716581,0.04227423,0.99975014,0.4905112375192917,1.039481651089153,-0.06720232,0.9368731,0.3275544598898621,1.033365160662215,-0.12069789,0.93456864,0.3406409265206608,1.270864152353424,0.1255161,0.19282335,0.5009165512858049,1.2332150794187384,0.26833302,0.1526975,0.3598447661514186,1.2973910281507322,0.14131694,0.13410504,0.5143492646172363,1.2703122126747508,0.29536718,0.07452049,idle
0.4053536983303848,0.3254109607816916,-0.16968158,0.9999435,0.3924189856300164,0.30155971253555136,-0.13187233,0.99994075,0.4255427191772837,0.2920666280998595,-0.1515275,0.999952,0.3823118969792383,0.3107353929408401,0.06933753,0.99993163,0.43496702527004294,0.3130737548295208,-0.0078571085,0.9999791,0.3995451164308329,0.3568137192818684,-0.09277758,0.9999267,0.42631501008944617,0.3396198414632787,-0.11986269,0.999949,0.3555938994132344,0.45455053204779167,0.1750975,0.9997634,0.49977657094657657,0.43038371933594105,0.02705492,0.99990475,0.3048401437373104,0.6147067790737345,-0.022406315,0.9879574,0.5378646090156104,0.6037726785203782,-0.20627555,0.998876,0.45196783423905895,0.48461899710296963,-0.4526237,0.99914944,0.33393640031830507,0.5007275438852282,-0.3295397,0.99170107,0.4692869325962912,0.770657374026942,-0.0412559,0.9996776,0.3766742532783546,0.7775998977537975,0.04187504,0.9997532,0.47203575728553904,1.046912793590025,-0.06742734,0.93746626,0.3384942536985046,1.0224602616106466,-0.1160418,0.9366741,0.3375540967462074,1.2716724809862963,0.13137612,0.18956748,0.509164479173581,1.2461052101439234,0.26400235,0.15062225,0.35416914876212624,1.2999351861726207,0.1474038,0.1317928,0.49298343678826495,1.280786168085689,0.2906116,0.07521209,idle
0.40660001472938,0.32025660014956286,-0.19909345,0.99994516,0.39035707706962897,0.30778118390358444,-0.16273482,0.9999426,0.4139571788758891,0.2946942480496562,-0.17503332,0.99995285,0.3826876635330946,0.317384649488634,0.03745093,0.9999344,0.4330205739545241,0.3026018522561415,-0.01904566,0.999979,0.3982935324290038,0.3508548363469137,-0.12429152,0.9999313,0.4126277275971717,0.34202529994707515,-0.14142944,0.9999517,0.3422067973368623,0.45071133922642037,0.13654637,0.999777,0.5089711303019466,0.42045305944359324,0.02983142,0.9999016,0.2989724225280539,0.6182656764121871,-0.045100857,0.9884701,0.544148688546168,0.6012156101428642,-0.20186973,0.9986969,0.46799568275942705,0.49414606624250057,-0.49263468,0.99903303,0.33115178098182474,0.49884123144689596,-0.3601461,0.99197966,0.46600366268845395,0.7670293521947815,-0.02666438,0.9996154,0.37060075239934365,0.7658106786882466,0.027252778,0.99972254,0.4724568324434967,1.044548563373486,-0.030014107,0.93416893,0.32740095601453156,1.0280762537028107,-0.13147295,0.93845963,0.3195280348443762,1.2536952938593084,0.1328692,0.2064931,0.4916300754323112,1.2245525734783373,0.33587652,0.15736201,0.32113828588968485,1.275069237554939,0.14998457,0.1352763,0.4964386347591986,1.2557204702827947,0.36673328,0.07987924,idle
0.39719535728626054,0.33023832021064936,-0.22035427,0.9999469,0.3847451415757682,0.3041959415666506,-0.184962,0.9999445,0.4197494061886503,0.28337450801554015,-0.19391742,0.99995357,0.3741383289228756,0.3194864453223111,0.014391767,0.9999372,0.43837023806773634,0.30814950340823866,-0.028396929,0.9999787,0.39972651339482745,0.3521141971654277,-0.14583446,0.9999365,0.41918240113486227,0.33958027454725853,-0.15835553,0.99995494,0.3363247012486478,0.4471480515325758,0.11161824,0.99979115,0.5038535102866695,0.4240273075654233,0.030585,0.99990004,0.29862405073489373,0.612882832182289,-0.08216089,0.98844016,0.5321738245211308,0.6036407515357114,-0.1994962,0.9983562,0.4513371099923007,0.49498429824450924,-0.5249271,0.9987844,0.34045145173909597,0.5197709081665838,-0.4183801,0.9917869,0.4522569118371088,0.776915199661296,-0.013332332,0.9995002,0.3454853817743335,0.7675568757996852,0.013893345,0.9996726,0.47421685070898567,1.0312871786330189,0.0030873965,0.92849654,0.3227491519621306,1.0314537792145542,-0.15184334,0.9394489,0.303289088597851,1.2404562375050272,0.11547109,0.23676416,0.49562488270607297,1.2087424736295567,0.40261087,0.16942784,0.31357956028362477,1.2601668987705454,0.13255882,0.14738114,0.4857224692712594,1.2247309955607792,0.43746647,0.08990013,idle
0.3945526558509347,0.3227514418487072,-0.2100933,0.99994695,0.3870963404188027,0.30763279173721714,-0.17450616,0.999945,0.41707735227520704,0.2890310465779805,-0.18436442,0.99995226,0.37569748080988785,0.3262985776555425,0.023113457,0.99993855,0.4384498933324008,0.3120864648349822,-0.023829611,0.9999769,0.39874927914367153,0.3492157361288698,-0.13622141,0.99993986,0.4128429758723593,0.344935397800506,-0.14988692,0.99995613,0.3335027223914456,0.4500379311388668,0.11642726,0.9998012,0.49115094703901285,0.42276689527649775,0.040369928,0.9998895,0.3024509784663414,0.6235753881292307,-0.082197174,0.988697,0.530089348201397,0.6047308804978969,-0.1782458,0.9978832,0.45691323088454305,0.4895004005119215,-0.49365383,0.99854434,0.35018322648946987,0.513657468941264,-0.41333738,0.9918208,0.448996389981294,0.7718658560351316,-0.013671376,0.99941987,0.35097047646583635,0.7740882896737334,0.014191096,0.9996344,0.46501724229973596,1.029077550369013,-0.010132099,0.92348033,0.3216444991015234,1.0287486259375482,-0.14139506,0.9392834,0.28503569554499797,1.2376101876236267,0.11975751,0.25477335,0.48605334962497926,1.2032307136052125,0.3589333,0.17875485,0.299458674403868,1.2539148206911517,0.13710855,0.15286809,0.49565927430574286,1.2234635498051947,0.38991472,0.09434459,idle
0.39061176464691894,0.3245620879887281,-0.20574431,0.9999457,0.3768908268355665,0.30472296577174257,-0.17336497,0.9999441,0.4094242659996853,0.297903307477074,-0.18236972,0.9999502,0.37982716202945455,0.3186572819449482,0.023803469,0.9999387,0.44646483541555404,0.30535110308608615,-0.01692956,0.99997467,0.396066412190347,0.351274254210357,-0.1313056,0.999942,0.4086702777333805,0.343533901119444,-0.14742859,0.9999563,0.3479483499285362,0.4523740193525935,0.12394869,0.9998061,0.48527497992114,0.4364663213248875,0.0498719,0.99987775,0.28593410611621406,0.6068455850443829,-0.078504235,0.98834914,0.5105849243075619,0.6026701444853068,-0.17342417,0.9973648,0.4548963536083773,0.4826829113504627,-0.48226303,0.9983444,0.32686805204184355,0.5071526343776052,-0.3984544,0.9912868,0.44589249334496417,0.7756382131061081,-0.011223307,0.99935186,0.3566955201792663,0.774241272837215,0.011684065,0.9995992,0.476613418389805,1.0353376496775155,0.00014831705,0.91867274,0.3090659824683619,1.0307439000998804,-0.13646649,0.93809056,0.2945347310989407,1.2336616257840949,0.1217062,0.26985496,0.4925184295115942,1.2174120941416362,0.33698663,0.19568521,0.292464183933978,1.2686247297485573,0.1388512,0.15675384,0.4771109629499777,1.2351895975220724,0.36537644,0.100020684,idle
0.3932064046759647,0.31669067524734307,-0.1641021,0.9999404,0.3770738357822484,0.29812253186330584,-0.12764665,0.9999404,0.4109853913192023,0.28796214869836106,-0.13663565,0.9999449,0.37232318117747565,0.3158359626390738,0.06435071,0.99993616,0.435400204094995,0.2961780750506728,0.022487877,0.9999713,0.3868412967996363,0.34576859691966066,-0.09288254,0.9999384,0.4057443478975977,0.34395805052344197,-0.10620099,0.9999513,0.3256794556641516,0.4511528603819046,0.136124,0.9998043,0.4833278638396873,0.43079651766419974,0.07531832,0.9998619,0.28737179422936576,0.6035207528567712,-0.066986926,0.98859,0.516858905466525,0.6088733498367064,-0.13947295,0.99709874,0.46272478477808243,0.4887754650655717,-0.4183731,0.99829155,0.3368302498707436,0.5049218246529437,-0.3892178,0.99141467,0.44102013410304464,0.7699957468000569,-0.013682855,0.99936247,0.3415629622461014,0.7707811889500409,0.014187662,0.99960005,0.47199402941384117,1.035795335110885,-0.014850365,0.916925,0.293975302252524,1.0383201165782994,-0.097302586,0.9361088,0.27591534475713553,1.2385919740046507,0.19122943,0.26679173,0.4847529509404793,1.2087154274516692,0.28657052,0.19999932,0.2763012351802795,1.2702069368235689,0.21208903,0.15144987,0.49063184006154215,1.2386393121150328,0.311553,0.09772289,idle
0.39264036104753575,0.3208405736630141,-0.18000288,0.99992794,0.38169225847844057,0.2925704597969294,-0.14304453,0.99992913,0.40887593617560625,0.2776488707781525,-0.1507383,0.9999313,0.3639914503477669,0.30617015082423943,0.051610358,0.9999253,0.4313097058649852,0.29688101013798646,0.02067681,0.99996203,0.38080690965179187,0.3390329291228203,-0.10768765,0.99993366,0.39539433450985273,0.3398569279570335,-0.1188833,0.99994546,0.3203800713051187,0.4444850271102987,0.12991598,0.99979395,0.4704409658327138,0.43687357606004473,0.06720133,0.9998378,0.27489605443612,0.6032632932918806,-0.087659754,0.9879973,0.5088392806392781,0.6106085737056943,-0.15031037,0.9962984,0.45357388405229193,0.5048824875630583,-0.42244387,0.99788517,0.3414373675487723,0.4916509756964927,-0.41350013,0.99093664,0.43571166609537426,0.7708990553075245,-0.015046129,0.9992973,0.3403233559781731,0.7697530321556126,0.01560151,0.99954426,0.4728005055647966,1.0345114424466915,-0.017624184,0.9121825,0.298512051435067,1.0307305099804465,-0.07761083,0.9328418,0.2667898175546918,1.235237307769184,0.22704157,0.27820465,0.4829773490491308,1.218906900833313,0.288649,0.21434513,0.26504508064935994,1.2666375688131106,0.24932809,0.15316655,0.48007483131586126,1.2578383878962767,0.31454676,0.09898014,idle
0.3729763201789188,0.3186945634338027,-0.18300974,0.99991345,0.3692743648875292,0.29731272063467323,-0.14680025,0.9999162,0.39513699664738733,0.2995134772368817,-0.15462193,0.99991524,0.35085112582053457,0.31731299827465737,0.045060493,0.999914,0.4251033625290678,0.3011344998202152,0.017284336,0.99995184,0.3716386316355812,0.34448435786401066,-0.111258805,0.99992776,0.39419776928884154,0.3371787394505896,-0.12231666,0.9999387,0.3156275305275089,0.43671045145067927,0.124340355,0.999788,0.4690461204895032,0.4449586741777769,0.06468089,0.99981725,0.26987657830430467,0.6042444980368855,-0.08555451,0.9872652,0.49508195494793017,0.6125222982668568,-0.15158124,0.9957096,0.44939272457233426,0.4982630854944541,-0.4287792,0.99755836,0.32957961474457864,0.49542760287959825,-0.40106645,0.9904262,0.4265032042844221,0.771645728570207,-0.016097518,0.9992479,0.3366754415567549,0.7624862255234685,0.01665035,0.99949646,0.4670245400553441,1.0450314328257821,-0.025815818,0.91155976,0.27957960965103945,1.0381642561493893,-0.062345166,0.93219453,0.2505986672229463,1.2145539562290502,0.26896274,0.29499316,0.4770585483753814,1.2147001409153741,0.29041848,0.23259225,0.253761509370402,1.2500022977294574,0.29437408,0.15550357,0.4758233512413096,1.2435432685466927,0.3163311,0.10161718,idle
0.3693704296011736,0.32142435758217575,-0.1793558,0.99990296,0.36627399901483904,0.29276337708821076,-0.14325036,0.99990857,0.3876302482380688,0.2944859120922124,-0.14861757,0.9999062,0.35399569770131756,0.303763921031365,0.045211762,0.9999049,0.4165757426698189,0.3064233698370729,0.019747479,0.9999466,0.36152345556445253,0.34088505051125173,-0.11017442,0.99991554,0.3782996352890188,0.34849109128633493,-0.11818912,0.99992514,0.3040067093298976,0.441369305715002,0.118793465,0.9997722,0.4598749190503134,0.4456716600327257,0.06844826,0.99979806,0.2642706523861942,0.6020172716598677,-0.09375797,0.9877713,0.4908953869304774,0.6229696521855926,-0.13278279,0.9955948,0.446312722589279,0.5024519088158438,-0.3876237,0.9975157,0.3307749227230532,0.49560329581717494,-0.39291367,0.9908368,0.4234932922775223,0.7753909447470879,-0.016752338,0.99928886,0.32677156128947904,0.7729501302097149,0.017309397,0.9995171,0.46648468651545105,1.0377969829473046,-0.033392202,0.91239357,0.27906219400677124,1.0353844634024694,-0.04211314,0.9275517,0.2503381221312202,1.2239797054887749,0.27730045,0.2840923,0.4811545412691599,1.2220132373205415,0.27536577,0.23161368,0.2465852570469279,1.2541733972404403,0.30170637,0.14965463,0.4786658154964252,1.2555898605642555,0.30129546,0.09799327,idle
0.3699728550233319,0.3160535629288989,-0.20424697,0.9999004,0.35364185462532904,0.2940985584629844,-0.16693842,0.99990815,0.38829092044626534,0.27939532353925184,-0.17052457,0.9999046,0.3410317010015502,0.3068283283830404,0.027941098,0.999905,0.41446683552258445,0.3001132655988762,0.018174255,0.9999455,0.3523842502933804,0.3436359719623374,-0.13250378,0.9999117,0.37038996940762636,0.3336209074370586,-0.13800238,0.99991894,0.3028178113389758,0.4447228530764373,0.10216681,0.9997678,0.4378948142422947,0.44608739837164846,0.06584649,0.99977887,0.2486767382997671,0.6110613869353405,-0.12595198,0.9886333,0.4881051871203682,0.6294334517578454,-0.1409686,0.9956376,0.4303380945787799,0.49961799371899773,-0.40542126,0.9975726,0.32444027939895836,0.49828159048477405,-0.44750017,0.99147934,0.4148454318060181,0.7773831297078272,-0.016600858,0.9993277,0.3035105310282501,0.7772354053461663,0.017087223,0.9995382,0.45822671209048493,1.0561736898864271,-0.04152637,0.916487,0.25951047297889784,1.0404193029854134,-0.042710703,0.9280629,0.24137179807277787,1.2454448322134701,0.30009443,0.2771138,0.46435786891544606,1.2493813539628247,0.2680009,0.23657231,0.24370314581059427,1.2747495690769306,0.3264968,0.14470136,0.4614179843615449,1.2797537370171608,0.2934842,0.09633353,idle
0.35845014819762566,0.3189612709911378,-0.19969675,0.99989927,0.3492738325281266,0.29851526656657923,-0.16289112,0.9999079,0.38110666943062166,0.2891943673993656,-0.17007034,0.9999029,0.3361107031634125,0.30230103311878675,0.030874867,0.9999054,0.39159884390644395,0.3050966641916216,0.024794858,0.9999439,0.34909150105317865,0.34406860563208097,-0.12818952,0.99990827,0.36148875386495194,0.33286001763197975,-0.13750991,0.999913,0.27492275275265865,0.44037499231053356,0.10027246,0.999765,0.44455628686497317,0.45731603098105233,0.07968161,0.99975806,0.2281992262729653,0.6014486826838756,-0.13050339,0.98941964,0.4711058610375931,0.6272185422620268,-0.1265855,0.9956226,0.42324888391356297,0.49493893649511134,-0.39619607,0.9975649,0.3046284776071535,0.493975916313247,-0.43590155,0.9920604,0.4029019979814811,0.7782179238145895,-0.014046416,0.9993587,0.3026685272419055,0.7863341801364953,0.014470594,0.99955446,0.44014254640244466,1.0659316525142923,-0.041730765,0.91967356,0.26345701139278177,1.0472930352887702,-0.049373854,0.9273585,0.22631725360961996,1.2582256361959754,0.30652124,0.2703274,0.46145573441657206,1.2666207956455673,0.24999556,0.24816987,0.2349514868412912,1.2837664341747286,0.33449358,0.140641,0.4619016785679456,1.288370518023172,0.2728728,0.0970427,idle
0.3257163770325624,0.30611682992168265,-0.23928246,0.9998825,0.30168638583055163,0.2949107585347963,-0.20434847,0.9998889,0.3474095570211361,0.2929576028467321,-0.20391688,0.9998872,0.30336901661121085,0.3044345113395964,-0.015472716,0.99988496,0.3602544337353524,0.30952742879944234,-0.0040537775,0.9999289,0.3187362685574252,0.33729417671659545,-0.16925575,0.9998931,0.33659770398030064,0.34253161537227605,-0.1684682,0.9998964,0.24193386675303474,0.4384574139393206,0.05673487,0.9997181,0.3977480914236653,0.44925871072497736,0.07087786,0.9997044,0.20355008013992193,0.5991259908719555,-0.16318741,0.9899456,0.43267609806605534,0.6272023874850717,-0.13409327,0.9951506,0.39608255123868086,0.49659775159200625,-0.41973972,0.99726325,0.279889051692489,0.5002101545996457,-0.45032486,0.9920884,0.36049067691313585,0.7843767969502087,-0.00875365,0.9992294,0.2670824296469181,0.783067595369596,0.009116199,0.9994621,0.4132219174017505,1.059854406897472,-0.04193004,0.91569555,0.2461024056411204,1.050070837728936,-0.057506096,0.9183315,0.22148881204364101,1.2479629317440282,0.30391592,0.26493084,0.4384142676500008,1.2582274667711728,0.24407208,0.26092133,0.22545090434688098,1.2783893488923768,0.33302277,0.13769631,0.4301911981618409,1.2836414731100003,0.2659704,0.09858565,idle
0.3191227265939248,0.31556458049991515,-0.22660255,0.9998456,0.30728338805015265,0.2996079156692632,-0.18791598,0.99985474,0.33039030621237264,0.2861634116458257,-0.19638787,0.9998581,0.28783601152987803,0.30291296531970424,-0.016036522,0.99984306,0.355242216192614,0.3025411356218542,0.0015088618,0.9999065,0.3178233123364639,0.3372602840606306,-0.15286407,0.999834,0.33536676412937294,0.34160032062745915,-0.16529134,0.9998348,0.23230939002037698,0.4381952099542616,0.056520253,0.9996474,0.37606844493909986,0.4500973260332009,0.069257446,0.9996593,0.1836932136693169,0.6073110104031566,-0.15573978,0.99066705,0.42194360640240325,0.6458194406168651,-0.12044457,0.99526304,0.376622300635839,0.49434455717270287,-0.38600886,0.99735856,0.28060784536409555,0.4904213860876944,-0.43302757,0.99257374,0.35268782286499123,0.7793256541166298,-0.008567085,0.99922085,0.2614403961599293,0.7784176737899144,0.0089288205,0.999442,0.3907526234181009,1.0405674792562838,-0.044492666,0.9096438,0.23261553992898942,1.0474940543762608,-0.060172785,0.90258473,0.22136951435563423,1.2521196563809243,0.29408115,0.2451509,0.4104816915806364,1.258219305401735,0.19660923,0.24685496,0.2251469225920808,1.2727734549999727,0.31994802,0.12844102,0.4103281246847681,1.2879475763807764,0.21486565,0.09301325,idle
0.31925567401499577,0.3189421011837636,-0.23043457,0.99983484,0.2999950835654508,0.29670673862223873,-0.20482123,0.99984396,0.327774146232229,0.2962095188593541,-0.20049241,0.9998475,0.27987825207077055,0.3021800471216318,-0.047730308,0.9998352,0.3427290692767573,0.30767195784429424,-0.011399392,0.99989897,0.30281743936850136,0.34295820711992075,-0.16739109,0.99982554,0.31382988968683523,0.3409760829384904,-0.16258237,0.99982226,0.21176492136317238,0.4320205541678438,0.031227374,0.9996249,0.38518176552650896,0.4551220573699974,0.056408178,0.99964964,0.18143518426879757,0.601016322761892,-0.18069877,0.9913732,0.3978605956044178,0.6299093872816627,-0.12716612,0.9953424,0.39089421781658706,0.5079577605400344,-0.38822445,0.9974553,0.2649454309850182,0.4936532494787963,-0.45616508,0.99308854,0.35388305222560623,0.7816518222210289,-0.008828917,0.99922043,0.2503013479078492,0.7812816211810047,0.009163892,0.9994234,0.3907427614142389,1.0350312968992184,-0.045110054,0.9050301,0.23364982381634725,1.0359976483813207,-0.068513334,0.89112705,0.22140336103688762,1.2479356300276654,0.27534717,0.22906569,0.40125926655987865,1.2469359828434128,0.2152087,0.23908126,0.23438312763113356,1.2758185539056905,0.30171177,0.12184884,0.4046302167938499,1.2787602995217409,0.23616996,0.08947863,idle
0.3065897520830475,0.31933479453105273,-0.23113146,0.99981445,0.2912776982958173,0.2946317499152978,-0.2079461,0.99982303,0.31305112196691387,0.297441736315438,-0.20154,0.9998304,0.2586770142406488,0.305162919656399,-0.05304891,0.9998174,0.33488533291866984,0.3111913525610794,-0.015896965,0.9998877,0.2881836758165268,0.3418559932511692,-0.17038482,0.9998095,0.3118463717590225,0.3341279553163862,-0.16190718,0.99980336,0.20675925068305268,0.4335328717299358,0.02418461,0.99957246,0.37259563146342056,0.451725089811599,0.042136937,0.9996302,0.16494469644713605,0.5979166936000576,-0.19561507,0.9918743,0.402704745904619,0.6244767467635122,-0.14688347,0.99538136,0.36754627372240944,0.4890517509494687,-0.41731626,0.9975424,0.2580532213789982,0.479970143698264,-0.46731812,0.99336404,0.3504803767208531,0.7802397321431853,-0.009336234,0.99918973,0.24106240553885183,0.7867664307259435,0.009668728,0.9993827,0.38999840362213845,1.032255762128943,-0.04654705,0.8967739,0.2230834986001179,1.0525907206378373,-0.076761976,0.8733906,0.22472308338094804,1.2527761396511092,0.25579864,0.21271025,0.3994123071145653,1.2445924527986008,0.20257434,0.22950871,0.2185838451311567,1.2755350077662064,0.2827725,0.11446117,0.3915621937619713,1.2802452023293909,0.22223464,0.08500388,idle
0.2987979589940649,0.3245948525481912,-0.22784905,0.9997947,0.282732720300346,0.29292802779512306,-0.20699398,0.9998024,0.3092598306216289,0.29840548947159246,-0.19863966,0.99981016,0.2593073737749806,0.30234387024602644,-0.05885486,0.9998028,0.33606556733054105,0.3027875786785797,-0.014197168,0.99987286,0.29724737671964396,0.3434344053212508,-0.16868262,0.99979293,0.31157532484187556,0.3419030690977214,-0.1581635,0.9997785,0.19650202694319396,0.4324043363697832,0.01978269,0.99953735,0.3611655400958189,0.4512579007067562,0.04247704,0.9996138,0.15599283729991997,0.5943497033451806,-0.18137309,0.9923303,0.3923734274176014,0.6282755369741257,-0.13256726,0.99521184,0.3622127444835943,0.4947412275596937,-0.41295266,0.99756205,0.2562220231157317,0.47137388327904156,-0.4411121,0.993631,0.3461307112272216,0.7646250703052211,-0.008607258,0.99919915,0.24046396186905816,0.7838495776622988,0.00895936,0.9993767,0.37566323371456545,1.0355508501335347,-0.04587055,0.8885668,0.21369616369692324,1.037967536508939,-0.07693702,0.8524661,0.21066438670949172,1.2657089921107965,0.24241312,0.196116,0.384849612787001,1.2515891310842748,0.19592574,0.21894972,0.2271348903020055,1.2786167433778146,0.26781473,0.10693604,0.3805666028328084,1.2782748241062698,0.21418074,0.08050671,idle
0.29934072820714996,0.32026325798601346,-0.2385445,0.9997943,0.27360450648939016,0.30151479283667254,-0.21903245,0.99980056,0.29969503548399656,0.295243956563027,-0.20969692,0.9998061,0.2568869876813502,0.31073084823247016,-0.065781906,0.99980617,0.32493346130139333,0.3087252545695509,-0.02064598,0.9998693,0.28081244043053655,0.3428646368464613,-0.17815791,0.9997933,0.3058233642156455,0.3324677936168326,-0.16591698,0.99977297,0.19430361497260806,0.428128843514628,0.015885059,0.9995415,0.3588829758842509,0.4527677518554289,0.046012014,0.9996054,0.1649597218131168,0.5974776905362716,-0.17907234,0.99285096,0.3877070351715217,0.6359036395334203,-0.13092169,0.99506336,0.35885091899227606,0.4995462114228155,-0.43045133,0.9975726,0.24291676362600634,0.47594271953544165,-0.4327181,0.9939941,0.33292312396122636,0.7642355184385875,-0.0061906585,0.99922234,0.23317129380112833,0.7799761801860089,0.006617849,0.9993908,0.3769006235941401,1.0339150012368716,-0.034011975,0.88015383,0.2218153323825819,1.0399930451626804,-0.07652916,0.8330098,0.21212947367797352,1.257270863479799,0.22842157,0.18015249,0.3814981186749308,1.2434020417114238,0.20896146,0.20689517,0.20602983415062415,1.2819608040942296,0.25183243,0.09966057,0.3805143759716849,1.274620255561983,0.22817805,0.076217905,idle
0.29442752676397677,0.3124624404023429,-0.27071992,0.99979055,0.2732815491835878,0.2990142023466476,-0.25293487,0.99979454,0.30777388087361723,0.2922118854296366,-0.24183545,0.9998006,0.24738821645596065,0.29764854674831226,-0.10286657,0.99980605,0.32400159501619763,0.3112828356631977,-0.0491957,0.99986416,0.27208060328780626,0.3426781284418373,-0.21159486,0.99979097,0.30313800203763197,0.34690959692787243,-0.19665372,0.9997648,0.19168663250675966,0.43618988954658655,-0.020770308,0.99952215,0.3501837026303063,0.45311475187012873,0.03674662,0.9995932,0.15912421535595744,0.586493331358823,-0.21802469,0.9933945,0.39785450418979673,0.628083117546907,-0.14698304,0.99511707,0.3466831251334628,0.5008031999636747,-0.47446632,0.99767,0.2433752791645284,0.48148448624181317,-0.47022003,0.9943509,0.332949470247734,0.7659136011346618,-0.0028340975,0.99924916,0.22731013980987413,0.7889534222359692,0.003317427,0.9994046,0.36117839712845723,1.0304300224065814,-0.017559985,0.8735538,0.21496391594704445,1.0564195322264565,-0.07547743,0.81614023,0.2036641287795169,1.2503070506065024,0.22780177,0.1643933,0.3674227675988164,1.2529823365071955,0.21284422,0.19237094,0.20928410593466085,1.2870846925585981,0.25129628,0.092096604,0.3698777137698023,1.2811488901777155,0.23502922,0.07130251,idle
0.28458613595728355,0.31392450728268867,-0.2686895,0.9997825,0.2625852890197067,0.28817790689051825,-0.25247556,0.9997843,0.30954331273666735,0.29865904074581934,-0.24162166,0.9997869,0.24648239594232213,0.30728669777126866,-0.108299,0.99980295,0.31462904791146595,0.3104236157648504,-0.05571441,0.9998516,0.27176809969183136,0.3498326512017498,-0.21108249,0.99978584,0.28992148416886776,0.3438956486884429,-0.19659653,0.9997515,0.1892129364839279,0.43284261650330424,-0.025069604,0.9995154,0.3622634546980551,0.44933322265191006,0.036101144,0.99957454,0.1456945775808094,0.5815179471533065,-0.20918743,0.9938286,0.3809149698506188,0.6206333075554696,-0.14689985,0.99480295,0.35222538616036914,0.4999156234291316,-0.4738337,0.99762857,0.247088143418553,0.47673639054739386,-0.4574213,0.99461615,0.3251463859192154,0.7717943338468942,-0.0026200335,0.99924916,0.2298705949044968,0.7859080764931536,0.0030854351,0.999396,0.35507726959638675,1.0314735284299001,-0.021471718,0.870404,0.21132924920459095,1.0505801410102769,-0.07428202,0.80589586,0.21737009358060344,1.2661039562790544,0.21680522,0.15252693,0.3695657058530232,1.2495426541932648,0.19219998,0.18448552,0.21448917176457372,1.2748944314541513,0.23869148,0.08721876,0.37152465440816596,1.2779338738675194,0.20926675,0.06895282,idle
0.27875678253541325,0.3102938532846553,-0.24821782,0.99978805,0.2702432527753519,0.2907025728349105,-0.24532285,0.9997897,0.30104226867561357,0.3046234939942947,-0.22216609,0.99978936,0.24528266326195236,0.3007383924275902,-0.081521995,0.9998118,0.3095861276008752,0.3106190651608099,-0.033738304,0.99985224,0.2667760256138769,0.3440132858685192,-0.20123367,0.9997895,0.28935113476955276,0.3440626069304484,-0.17460068,0.99974793,0.17817105861482818,0.4332246503061119,-0.0042945035,0.9995464,0.34638779607434345,0.44918218871381743,0.06337635,0.9995869,0.16062770617240574,0.5959513805480329,-0.19653349,0.9943735,0.3796861107453152,0.6297029822440242,-0.11987792,0.9950072,0.3393319799013188,0.4928997262781087,-0.44892693,0.9977695,0.24696019906660627,0.4826123019539669,-0.40306163,0.9950654,0.31997973829719506,0.7745550625496761,-0.0027888576,0.9993077,0.22554761631151665,0.78443399861649,0.0033414313,0.99944454,0.3551453378560112,1.020934234822272,-0.023890348,0.8546562,0.20203170798268577,1.0513001453977366,-0.074218534,0.7766634,0.20412035297864473,1.2665700742440271,0.2178353,0.13799305,0.35781978063202646,1.2425144495590328,0.19574985,0.16800925,0.20666554261349324,1.2956798844557356,0.24068907,0.07948098,0.3483159892973624,1.27396988133639,0.21283646,0.06315268,idle
0.2836326731510721,0.32503245074811427,-0.24492279,0.9997942,0.2633816578870325,0.28929426660319635,-0.23286565,0.999795,0.3027461961221498,0.2993720395580965,-0.21791866,0.99979335,0.2460606542279551,0.30480331156588286,-0.077788144,0.99981964,0.3044798275242684,0.30055511604959473,-0.03217447,0.99985445,0.26421334182163836,0.3358101796854656,-0.19155857,0.9997945,0.2892491873042725,0.3417624730879515,-0.17293136,0.99974906,0.18942762750625808,0.42843776503922487,-0.0057559204,0.99957484,0.3507417025275905,0.4489523255540848,0.06201443,0.9996025,0.15353701226490846,0.5850508598161387,-0.18977608,0.9948632,0.3707675870294256,0.6320464272311768,-0.12286315,0.9952913,0.3366581911524801,0.5005941061117727,-0.45514804,0.99793345,0.25045810439153326,0.48481406490638235,-0.41011244,0.9954733,0.31828758057269635,0.7631802993201434,-0.0031767457,0.99936146,0.2235785510368795,0.7774875967141209,0.003702483,0.99948865,0.35321100433746055,1.0291764022111576,-0.021248784,0.83955944,0.19582928679062028,1.0494623674384564,-0.06906349,0.74707115,0.2006939413542358,1.2630524408822217,0.22020844,0.12469041,0.3412718346047128,1.2558251337552548,0.20212607,0.15263593,0.20685750396761426,1.301919281385034,0.24378912,0.07225133,0.3490026449333705,1.2876707404623515,0.21996196,0.057609953,idle
0.25268023091082215,0.3163919523889659,-0.20188864,0.99980175,0.2497214145023935,0.2885450290478982,-0.18716967,0.9998022,0.2823065029362206,0.29890747614056734,-0.17385654,0.99980044,0.23602810424391096,0.30585374180460556,-0.05367843,0.99982655,0.30771315530914556,0.3010569085706835,0.0050613144,0.9998595,0.24592396074532585,0.34361694328224046,-0.14996777,0.9997943,0.28302303562775055,0.3457830205067004,-0.13275185,0.9997457,0.17211280419366337,0.4246272239578972,0.0022557317,0.9995968,0.3354331948512794,0.45171242056348354,0.079478115,0.99962103,0.14616855043369203,0.5916552507348666,-0.18626177,0.99532014,0.3753471383580258,0.6292050898038551,-0.10207055,0.99559844,0.33200375246716407,0.495870577286616,-0.39080983,0.9980945,0.23766355293387653,0.4853738269492007,-0.39860517,0.9958679,0.3146376259322803,0.7676514246129603,-0.003446063,0.99941534,0.22807064987559222,0.7899667325717749,0.0039830967,0.9995324,0.355582696022387,1.0356402902774806,-0.029931504,0.8329512,0.20859455228623502,1.0543526176598361,-0.07966598,0.7296894,0.20573264570211647,1.2862262516405802,0.21254435,0.11284793,0.3587988810065963,1.2536948018672267,0.18457709,0.13901074,0.2101686285704487,1.3083079563563722,0.23670132,0.06586272,0.36181089621766893,1.28008749716998,0.20170617,0.052777678,idle
0.2561364276718443,0.33598933636172373,-0.17186399,0.9998054,0.24336933262487204,0.2962042895697482,-0.15575531,0.9998051,0.28505669227238084,0.2968871536341504,-0.1422361,0.9998019,0.22251351150200427,0.30571462042697173,-0.029033389,0.99983,0.2936507272844431,0.30567965571963973,0.034542937,0.99985844,0.2577383116976817,0.34496983900339256,-0.122061096,0.99978316,0.27196493967496094,0.34174169842913144,-0.10439621,0.99972117,0.17288763611096092,0.4267346959679575,0.006131302,0.99961495,0.3433640982919036,0.44445072632428406,0.09676548,0.9996292,0.14070685687057782,0.5987729680279854,-0.18450147,0.9957422,0.35684446435095263,0.6300649877541227,-0.09272181,0.9958362,0.3508512787989778,0.503054578575104,-0.3766894,0.9982297,0.2433302642865135,0.4757065922299696,-0.38677734,0.996233,0.31912377728039,0.7637100943732037,-0.0035759858,0.9994666,0.22372660237834863,0.7800855009642231,0.00414398,0.99957436,0.3554923048334736,1.0333156672030983,-0.031168858,0.8245095,0.1998014949402066,1.0573389558677802,-0.08842312,0.71089727,0.19945231134562258,1.2826464988097785,0.20507057,0.10200287,0.3673700186653278,1.248228978871551,0.18920854,0.12626423,0.21549258996991105,1.3119627827377671,0.22964117,0.059920125,0.35589337356465855,1.2863162963326022,0.2071091,0.048235197,idle
0.2670333172387658,0.3172909872384607,-0.17320646,0.9998111,0.24448917915837343,0.2961767500577292,-0.15683497,0.9998098,0.2801409593154176,0.30186748375606315,-0.14352311,0.9998065,0.22967976303975435,0.3072294454938959,-0.02917539,0.99983484,0.28941840664484075,0.30618477074204103,0.032759063,0.9998606,0.24936912751816054,0.3372934831178888,-0.12340965,0.9997787,0.2687057039422259,0.34946640431858955,-0.106086716,0.99971044,0.17050858357242427,0.4261929087335829,0.008888902,0.99963325,0.3332097718876734,0.4485271677070267,0.09900856,0.9996401,0.14125294292510682,0.587353232929241,-0.18382946,0.9961273,0.3521053787094547,0.6254627171920271,-0.0898927,0.99608773,0.34105779772207123,0.5029732360840788,-0.38205618,0.9983649,0.245507510960985,0.47464005016019395,-0.37843198,0.99656683,0.3214198597949983,0.7698993395888905,-0.0035438992,0.9995132,0.21587690937209258,0.7926882037830375,0.0041441415,0.9996124,0.3618332068063682,1.0319558244706448,-0.032409534,0.8210816,0.21069146035947062,1.051427487841994,-0.09118321,0.70055294,0.20846060466388827,1.2896533684277167,0.20827487,0.09233249,0.3597480377424992,1.252538221176081,0.19267581,0.115001634,0.20622283740945724,1.3230112756728907,0.23307124,0.054681093,0.37044101259595474,1.288585013185883,0.21102193,0.044269912,idle
0.26683673236148897,0.3112074792794634,-0.15274796,0.99981326,0.24325123597000486,0.2937031761641076,-0.13715154,0.9998109,0.2798612706405641,0.29661140228662786,-0.122934476,0.9998053,0.23044532041432642,0.30707554510889395,-0.016813617,0.99983615,0.2847599089098467,0.3151482858053144,0.04945098,0.99985594,0.2511053411569877,0.3406958191807177,-0.10592456,0.99976224,0.2725324789948119,0.3419424467817505,-0.087419406,0.9996732,0.1675130899891245,0.42900578758959573,0.010363436,0.999647,0.3309252595528319,0.45165073559683744,0.11013345,0.9996396,0.14567031813273768,0.5889488005136541,-0.17495899,0.99646354,0.3602940079721094,0.6266979832673162,-0.07787207,0.9962394,0.3384630158421087,0.48665925358183054,-0.35877866,0.99846923,0.2437232292760202,0.4786285900368382,-0.34877545,0.9968605,0.31596394908735115,0.7587976342460566,-0.0031017498,0.99955446,0.21525571533603782,0.7861142031436898,0.0037409808,0.99964625,0.34363633579486486,1.0269271179238324,-0.031383593,0.81672204,0.20778170384337225,1.0545865074237257,-0.09030558,0.6878787,0.20455791565511017,1.2797162827655009,0.18874374,0.0836359,0.3678135645776175,1.2645502077674748,0.18851292,0.104894824,0.22276090842028806,1.3180382672026778,0.21154232,0.049911126,0.3577666022228192,1.2854128083855534,0.20603922,0.040654205,idle
0.254030073040597,0.3268979691630414,-0.16701898,0.9998202,0.2446387706583224,0.2936280651490264,-0.15076202,0.99981564,0.28569609420284814,0.29906749282105327,-0.13732806,0.9998102,0.23015129001360535,0.30149493133274746,-0.022519927,0.9998408,0.2925629303459064,0.3035347589214508,0.037983127,0.99985707,0.23263267210746663,0.34612368917523473,-0.11758351,0.999761,0.2643484708646241,0.3395294171356625,-0.1002839,0.9996681,0.17058700533918225,0.42956072434174314,0.010832641,0.9996596,0.33351471310200387,0.4408231212805624,0.11393005,0.99964553,0.1394419941039199,0.5902534143648336,-0.1722875,0.996767,0.3657966436467285,0.6312422128167645,-0.067388594,0.9963117,0.336556711677653,0.4887744886817785,-0.3725793,0.99854296,0.2426156639346445,0.47125099673554455,-0.3562203,0.99711585,0.3191842682410442,0.764467984781556,0.00067958434,0.999584,0.21403683828682663,0.7783493695793605,-0.000100595134,0.99967074,0.3488139448268893,1.0251530724371083,-0.03549467,0.8215679,0.20293536942545454,1.0501571770807117,-0.09292264,0.6922676,0.2010968369335303,1.291735971908349,0.182715,0.076871336,0.36058240258805807,1.2648206038422447,0.17437851,0.09893055,0.21385262224162394,1.3155817797503784,0.20541199,0.046720788,0.3662709851120026,1.289981718834636,0.19088082,0.039020143,idle
0.25975385140144414,0.3110038828050771,-0.1750557,0.9998244,0.24071431018954537,0.29470052625917814,-0.15695868,0.99981713,0.27403291302946087,0.301356925204943,-0.14566723,0.999813,0.22260448143935352,0.2978936616127135,-0.03153086,0.9998417,0.29298319828089847,0.3094954781584932,0.031294562,0.9998574,0.24816971126693754,0.3402084324317153,-0.12199917,0.99975604,0.2758292849939459,0.34565536483535636,-0.107707515,0.99966174,0.17849001956955057,0.4270143775548468,0.004028301,0.999662,0.3337334488943713,0.4406107072027757,0.108046986,0.9996492,0.14239628819858552,0.5904085603476099,-0.1747869,0.9970303,0.354744202588944,0.6246257733862816,-0.07111254,0.9963696,0.34424541831009026,0.4825773252980241,-0.37986213,0.9986132,0.247123204665035,0.469437749799682,-0.366101,0.9973377,0.32589634027078995,0.7588344427218311,0.0020660218,0.9996084,0.22589335433812263,0.7770292467572641,-0.0015531403,0.99969107,0.3571229705769847,1.0345498898228582,-0.0385013,0.8253125,0.20387847580829976,1.0553217699044068,-0.09296571,0.695736,0.21360605689947543,1.2796584996112799,0.18922505,0.07090009,0.3653130047134777,1.2640525540706768,0.17104766,0.093746744,0.2013973306778356,1.314644683703997,0.2126172,0.04394062,0.36681178638201994,1.2933326474534996,0.18766758,0.03758307,idle
0.25460516320960824,0.3236828283009341,-0.17590109,0.99982226,0.22844058904173248,0.3017900016580903,-0.16225415,0.99981,0.2822001446651975,0.29692240659590147,-0.14634296,0.9998072,0.22846566900749754,0.30415082148419137,-0.04843228,0.99983275,0.297417516770882,0.3114692589191496,0.022134868,0.9998499,0.24625720444290067,0.3424901317760332,-0.12945466,0.9997362,0.28216554752593415,0.3423470614323067,-0.11005465,0.99963695,0.16887152292745633,0.4220476669749949,-0.008388226,0.99965954,0.32647917649022573,0.45109028354886044,0.10313078,0.99964666,0.13268969614022907,0.5854688694426702,-0.18513893,0.99726254,0.3577287319933513,0.6360769664689323,-0.07748842,0.99642676,0.3472253790860911,0.4909470043535563,-0.3911897,0.99868655,0.24296290516379704,0.4709436927858532,-0.37876838,0.9975455,0.31765995322406104,0.7758645887196235,0.0030807464,0.99962735,0.21759197084379456,0.7802457892854839,-0.0026605222,0.9997056,0.34371057065200206,1.0276056400410396,-0.04364301,0.8308171,0.20729169600828212,1.0499749481918392,-0.08749804,0.7019036,0.2060289866075794,1.2900656036308562,0.19206172,0.06608261,0.3726611996423135,1.2559702679907077,0.155043,0.09049614,0.20773947743773213,1.3027959212839089,0.21577291,0.041948557,0.36343906176929797,1.2958927609135111,0.17074724,0.037072938,idle
0.2545877585234775,0.3149293232390211,-0.1800088,0.99982786,0.23771146960939638,0.29559239979631174,-0.16829146,0.9998144,0.27644306669691443,0.29303990904298116,-0.15031673,0.9998126,0.21929720199969593,0.3112241341434877,-0.055946678,0.99983525,0.2939704270112058,0.3004123385541641,0.015444713,0.99985266,0.24802633575105748,0.3433013702095645,-0.1379081,0.9997322,0.27588580151458875,0.3381674390671067,-0.11651353,0.99963015,0.1674089005409607,0.4256544201466247,-0.019943092,0.99966407,0.3379928403666591,0.4464210150149235,0.09442491,0.99965096,0.13643356360901315,0.580627847665338,-0.21252605,0.99749774,0.3676305006645497,0.6291647958494664,-0.090079084,0.99661964,0.3573988549676884,0.49388336486781476,-0.4172853,0.99878305,0.2432820945647165,0.4741906028102747,-0.43114147,0.9977556,0.31780736874204885,0.7656703804314886,0.0028854732,0.99965453,0.21472468021866187,0.7774307638156602,-0.0024549935,0.99972713,0.3507947116007095,1.036585159499132,-0.043562077,0.83543044,0.20639020319923607,1.050899839028036,-0.085882485,0.70646286,0.20802314564057423,1.2782961376445605,0.1944319,0.0606259,0.36271777222942436,1.2648477013774377,0.16097601,0.08432864,0.20299558570578335,1.3150890405637,0.21796615,0.039117962,0.36324643489383956,1.2987376240785893,0.17720713,0.0350296,punch
0.2683878174461565,0.3270236802699483,-0.2039489,0.999837,0.24135837403991212,0.29819661015955357,-0.1913727,0.99982256,0.2804879215899643,0.2914854032881518,-0.17441222,0.99982107,0.22710006583867837,0.30690118417659124,-0.07661763,0.9998408,0.2798447300881176,0.31340526593403945,-0.005514351,0.99985754,0.24315714265669008,0.3416544933220033,-0.16059285,0.99974114,0.27786946234399423,0.3510952361843683,-0.13986523,0.9996422,0.17479861568990762,0.435808508672354,-0.035420854,0.99967635,0.34088929545706803,0.443045716453763,0.08894868,0.9996574,0.1409391669491442,0.5905484837028577,-0.2185795,0.9977096,0.3708065580397578,0.626249282938166,-0.09032118,0.99676055,0.37477515095270164,0.48517627518068107,-0.4374463,0.99886674,0.23855138021210376,0.470381871923002,-0.44490156,0.9979539,0.3231201961575474,0.7658078585583962,0.0030097854,0.99967164,0.20880195186934558,0.779838141963732,-0.0026157156,0.9997409,0.3482127602538344,1.0294246819787412,-0.043702178,0.8389616,0.20821939107025977,1.047126749306784,-0.085864164,0.7113008,0.21021417002234344,1.2813386111256675,0.1956474,0.05628345,0.3608209771713198,1.2626163146056784,0.15726927,0.080271706,0.2075697486487449,1.3231108666283256,0.21897575,0.036970653,0.3670504382906443,1.294117198495177,0.17303036,0.033732146,punch
0.2678885079871365,0.3263815067189701,-0.21411994,0.9998442,0.24850316248168214,0.29600702328150086,-0.20091602,0.9998287,0.277852985304322,0.295605257237236,-0.18486099,0.99982727,0.21710758940302655,0.3098589008630056,-0.08513832,0.99984455,0.2814050087326706,0.3048206247493337,-0.015494436,0.99985987,0.2446496575068252,0.3482585102822009,-0.16993229,0.999747,0.2771461365782568,0.34502054176034225,-0.1499413,0.9996496,0.17561659647406858,0.42332998964608104,-0.04502195,0.99968386,0.33782887683730856,0.4422693154943347,0.08709141,0.9996563,0.14825664862009347,0.5892862387243494,-0.22039115,0.9978947,0.3836487180281527,0.6237229575679185,-0.089119725,0.9968253,0.3806755732134647,0.49687676335667447,-0.44277912,0.9989206,0.24123974801568304,0.46883551110848265,-0.44325438,0.99812603,0.3243749542750698,0.7608105291685893,0.0039627375,0.99968153,0.21131410135474438,0.7886605281277071,-0.003664332,0.999748,0.3581018672024775,1.0318842527847778,-0.044492885,0.8451939,0.20609955080415654,1.0500042079376877,-0.08589341,0.72287685,0.1998036247220336,1.2859069574044812,0.19599867,0.054183412,0.3580334372890497,1.2615083817826875,0.15468702,0.08032921,0.20063090583121523,1.3140663641351784,0.2192063,0.036521,0.3606870795745537,1.2971445129170243,0.1702425,0.034199465,punch
0.2621536818224437,0.3228204343189034,-0.23076066,0.9998539,0.23721860746040868,0.2962438397991157,-0.21787927,0.99983937,0.2790604754157473,0.2919023285259524,-0.20050505,0.99983627,0.22358260912158068,0.3054320227800067,-0.102098644,0.99985415,0.29634896763920215,0.3113482460831529,-0.025001783,0.99986446,0.23733085317758917,0.34488405740946965,-0.1863587,0.99976104,0.2661719883762571,0.34537008483963294,-0.16437146,0.9996638,0.1724644534178097,0.4247976862075675,-0.060655255,0.99969953,0.33463325682092837,0.4505842144208175,0.08804796,0.99964994,0.13757211636812705,0.5900993311987071,-0.23375396,0.9980777,0.38473152454109816,0.6064094640808227,-0.064890124,0.9967794,0.41122791933211733,0.4896008897313156,-0.43549857,0.9989401,0.23876505238173873,0.4781781330433696,-0.45949602,0.9982922,0.3160437669693351,0.7693655458641434,0.0059396676,0.9996918,0.2156167828374782,0.7769261938075007,-0.0057013463,0.99975747,0.3541929054191568,1.0370542197766968,-0.045715638,0.85235816,0.2061906695931982,1.0449851908122982,-0.086597845,0.7361073,0.20076534394929857,1.2814408512173836,0.19524062,0.052624356,0.37026206158939245,1.2519869622724376,0.14907752,0.080915704,0.20846590902443718,1.3095763782590557,0.21813777,0.036289036,0.3726248816509886,1.2963540154589694,0.16382447,0.034857895,punch
0.2550404631980575,0.31390568952457554,-0.250407,0.99986255,0.22978261776410291,0.30229797760331406,-0.23342617,0.99985,0.2694201665332788,0.29267222980772883,-0.22062473,0.9998406,0.21616033197479012,0.3050143071039582,-0.10483905,0.999864,0.28739956068405104,0.3147404829680728,-0.046666916,0.99986863,0.23905843504355784,0.3413156374105035,-0.20129044,0.9997802,0.27255839979386864,0.343645796263184,-0.18486024,0.99968797,0.17576819156635015,0.41838228181742987,-0.07413067,0.99971795,0.32664867118119045,0.44942901650417005,0.07882688,0.9996373,0.13370426762096532,0.5874374598046421,-0.28812605,0.9981663,0.41159947278144304,0.5462865883589265,0.10375136,0.9966288,0.517486159474885,0.47970496246715894,-0.068078704,0.99864686,0.25216789578566545,0.4790780493320085,-0.59763336,0.99841046,0.3100761924173576,0.7676124468028327,0.007380956,0.999627,0.21730048236621957,0.7778250823954327,-0.0071486877,0.99972516,0.3581996101051331,1.0260305986382148,-0.04528206,0.854188,0.21623276858507057,1.0568329995136514,-0.07743867,0.74443924,0.20708779215229545,1.288795617063776,0.22425899,0.059270646,0.3708495726817571,1.2602776671292752,0.15389337,0.09367626,0.20520291495798626,1.3136087997123587,0.24894658,0.042517632,0.36471300077776303,1.293479745375772,0.1694021,0.03846529,punch
0.2562858156714344,0.3211634796778344,-0.29961786,0.9998697,0.2367974213390096,0.3073205696318153,-0.2815358,0.99985886,0.27667957279912303,0.2945425162664303,-0.2707823,0.99984133,0.222352261610551,0.3183363328203636,-0.14071584,0.9998723,0.2934335649487889,0.30473232154626917,-0.09238863,0.99987155,0.2386114111102995,0.34186550482453054,-0.245542,0.9997985,0.273314594915125,0.3315330127086024,-0.23186171,0.99971235,0.17407485193312244,0.41934454089376466,-0.10589604,0.99973464,0.3308246712289292,0.4562327277245991,0.04307495,0.99963254,0.14406134498837742,0.5764133927795936,-0.34451398,0.99819446,0.4097724215748235,0.5156558769752562,0.12311224,0.99637866,0.5442272686844969,0.4763930711149063,-0.0024947706,0.9979072,0.25077217840990607,0.47543790547820025,-0.6967565,0.9984942,0.30918996727940795,0.7672832710204369,0.007717462,0.9994684,0.20524404430851106,0.7858302035376622,-0.0074748592,0.9996321,0.3470057184599349,1.0307383018264564,-0.052428164,0.8549723,0.21502104350582008,1.0583497415857503,-0.07713211,0.751551,0.20964145104493603,1.2752206892275422,0.22158723,0.074397594,0.37297137136492453,1.2633156677719917,0.14806737,0.114876635,0.19654447218398774,1.2888351128571014,0.24548757,0.055420883,0.3644518259196864,1.2972203151734178,0.1620817,0.044731215,punch
0.25710698294236234,0.319185208260515,-0.36919355,0.999871,0.2330929695118037,0.2918248079145689,-0.3500275,0.9998629,0.2682563008442489,0.2995528692057289,-0.34285796,0.99983203,0.23035431844887,0.31216814842973095,-0.19393572,0.99987733,0.29116833202581593,0.3104509890985304,-0.16238996,0.9998695,0.23481658315583653,0.33627907620696434,-0.30856204,0.9998137,0.2747702343102437,0.34086198973234855,-0.29968292,0.99973226,0.16671003009932261,0.4255147954507761,-0.15098083,0.99974805,0.32816097811848244,0.4490280476799812,-0.0151336,0.99961287,0.14005376644523493,0.5812123363114268,-0.39139894,0.9981566,0.44149206950438236,0.48223703928696504,0.06512661,0.9959708,0.5752906124205608,0.46892161318586084,-0.07141539,0.9959545,0.24880153079457124,0.46326650677807213,-0.756203,0.99852663,0.3194018228220553,0.7665352021126319,0.0075141788,0.99920875,0.21553155024893855,0.7917457962060956,-0.0072595575,0.9994602,0.34826367736873065,1.0231202573526748,-0.064137995,0.850826,0.22014459701667877,1.0555873018810245,-0.0733953,0.7550057,0.20055198404550534,1.2752076633116285,0.24024951,0.08876709,0.37735211859778106,1.2657858074952455,0.14961547,0.1326163,0.20982751142137068,1.3055191097709884,0.2646634,0.069002025,0.37203915193643355,1.2978786329826788,0.16368897,0.05068494,punch
0.2474216474257287,0.3238558764094454,-0.3556056,0.99987024,0.23104114588127056,0.2936454320464026,-0.3366548,0.9998642,0.26758372130786323,0.29373896067922606,-0.32876217,0.99981916,0.22627030118365543,0.3123375187249163,-0.18317594,0.9998801,0.28504550536003614,0.3115822043919778,-0.14822085,0.9998652,0.2445327364378227,0.34800205671810647,-0.29609784,0.9998265,0.2704423368229697,0.3454119609008825,-0.2862871,0.99974865,0.16412333563943593,0.4312475993502073,-0.15017512,0.9997588,0.3338007271729002,0.43602236786759213,-0.0076581463,0.9995948,0.1467874461709483,0.5802249216363842,-0.40411395,0.9981163,0.44507339747939034,0.4673437171643536,0.056928843,0.9956837,0.5721241547807931,0.46601697389934993,-0.088636935,0.9945276,0.25057431503895167,0.4658673607136604,-0.77553666,0.99856585,0.3119455152008114,0.7642138645563473,0.007385619,0.9990635,0.21389546482726862,0.7813638671227512,-0.007127526,0.99936324,0.35298840704224055,1.03372205533505,-0.08104209,0.8437575,0.19769184600064038,1.0576276039691805,-0.07389188,0.75206083,0.19285725010044708,1.2716045604937674,0.23772256,0.0929201,0.36930445853456284,1.2593326563966427,0.15113667,0.13925591,0.21222456207345375,1.3016790514155578,0.2620847,0.07402185,0.373075247180529,1.2910071475640519,0.1664379,0.052089393,punch
0.2586520801863327,0.32120236086406434,-0.35673198,0.9998694,0.2493700766466449,0.2978260611700951,-0.33822414,0.9998654,0.2758148931098874,0.2892741173835629,-0.33040446,0.99980813,0.2195929097462247,0.306093333933294,-0.18622491,0.9998825,0.2858024437970531,0.29494112720970533,-0.15145373,0.9998611,0.2348499234834246,0.3409589581047851,-0.29763237,0.9998376,0.2676503145647162,0.34073198033612223,-0.28784388,0.9997628,0.16645928470786753,0.4232536883370161,-0.15540686,0.99976724,0.3358020298177705,0.43847627876726725,-0.012036056,0.9995735,0.1462626669373066,0.5737291124940805,-0.41277686,0.99807566,0.4553135680741903,0.4702916627918931,0.046587534,0.9953535,0.5646752097154567,0.46594654345203323,-0.100128666,0.99287796,0.26884262100085143,0.45409628230406257,-0.78300667,0.99859935,0.31736527392870617,0.761563714181739,0.0072515393,0.99887365,0.22163217959242631,0.7782881175447719,-0.0069840513,0.9992289,0.3548693772368491,1.026691191411808,-0.08277168,0.8390797,0.20578958198009367,1.0557384125401357,-0.07431245,0.75157934,0.20471064560883467,1.263047824589551,0.2329884,0.10029264,0.3757384102204896,1.2628219895601145,0.14328793,0.1495743,0.2043659061045079,1.2901674342116018,0.25749108,0.08099693,0.365928390122242,1.2897418337754818,0.15841165,0.054612726,punch
0.25950600846540917,0.32533320843568947,-0.35383594,0.9998682,0.23860052308819146,0.2907854835674468,-0.33527875,0.99986595,0.2659618799922655,0.29692628364528906,-0.32720459,0.9997972,0.2253604398169763,0.30426701433804015,-0.18385741,0.9998843,0.29550747699506696,0.3022757299915653,-0.14781556,0.99985623,0.24290958310059518,0.34916910341363294,-0.29498985,0.9998472,0.270624077999991,0.34492210792659767,-0.28486285,0.99977475,0.16404744572087815,0.42864185619045586,-0.15469524,0.9997737,0.33459831386154515,0.4391002919056938,-0.009476897,0.99955034,0.1346565020472955,0.57167937221205,-0.41420603,0.99803776,0.45897103142813667,0.4754025283470975,0.044319566,0.99501485,0.5706738410560903,0.4731312592379876,-0.10551604,0.9912327,0.2589290080843989,0.45333180021622677,-0.7841295,0.99862546,0.3061377444400205,0.7589856450736496,0.0071504004,0.9986759,0.21517341929851663,0.7922160544270443,-0.0068716453,0.99908566,0.3498144769344045,1.023469830128568,-0.083895795,0.83561856,0.19751658067680689,1.0571422328767965,-0.07477004,0.75197273,0.20549089130210962,1.2731400841731388,0.23240916,0.10807171,0.38092030306066005,1.267236763949098,0.13515311,0.16168366,0.20154555114572592,1.300434906246915,0.256355,0.087842785,0.3778669880436597,1.2882299817914165,0.14961046,0.05776662,punch
0.2555288491262664,0.32424191619689346,-0.35133117,0.9998686,0.23615897354328852,0.287645501702084,-0.3318296,0.9998675,0.2706951456878566,0.30193280702432773,-0.32387617,0.9997905,0.2265225959868582,0.30653812220916443,-0.17850608,0.9998867,0.2749042378743697,0.3087463927259274,-0.14299765,0.99985313,0.23614784866170746,0.34396823874679977,-0.29194573,0.9998563,0.2724919532764525,0.33926718992679544,-0.28209674,0.99978644,0.16101560030780526,0.42811900338737285,-0.15139465,0.9997787,0.33146720092185555,0.44414177400805066,-0.005518361,0.99952924,0.13972666879772355,0.5836498875734694,-0.41654158,0.9979894,0.4477046639068134,0.4632620894775093,0.042735938,0.994682,0.5662338158760489,0.463349767772271,-0.1131292,0.9897167,0.25214914418840295,0.44987828912999933,-0.79270536,0.99864423,0.30600831635936054,0.7675004063437103,0.0071462705,0.9984802,0.20603929386469189,0.7780244131512852,-0.0068550385,0.99893564,0.35147817132756587,1.0208310703266255,-0.09018559,0.8329169,0.20421114556951603,1.0538228092545954,-0.08211063,0.75248444,0.19695614562170927,1.2709674677984741,0.22302553,0.115039855,0.3871186673599749,1.2657099456525283,0.12132601,0.17559497,0.20988051919834017,1.302074005221,0.24523263,0.093069054,0.38048447326447343,1.2897830347617676,0.13462117,0.061177004,punch
0.2568084112327106,0.3175940928722617,-0.35747188,0.99986774,0.22251099161594057,0.2956009533076533,-0.3384324,0.9998681,0.2701068633004843,0.3014899543804185,-0.33037338,0.9997822,0.2197342867255827,0.3120877297079667,-0.18544155,0.99988806,0.29754340031600424,0.31191217947153876,-0.149483,0.999849,0.24312871617003484,0.34058115687463403,-0.29812208,0.9998641,0.2624976979548358,0.3307408748559237,-0.28810492,0.99979615,0.1672605929578035,0.4248087191127457,-0.15507904,0.9997825,0.32937332653655693,0.443370720720956,-0.009899849,0.99951315,0.13259704151706342,0.5772362396213465,-0.41929084,0.9979341,0.44348598244447934,0.4757959730318499,0.04423991,0.99440056,0.5662980054576455,0.4678386744477632,-0.1067945,0.98875374,0.2712890957887292,0.4608333863118793,-0.79578173,0.9986587,0.31560128873886795,0.7616066273251029,0.007124146,0.99828297,0.20965050989834633,0.7700119695420756,-0.006822995,0.998785,0.3594948222946305,1.0290468014058474,-0.08923419,0.8300248,0.20640646048219347,1.0475724160180877,-0.083541825,0.7512493,0.19999085045138953,1.2711347245350775,0.21189904,0.12063677,0.38653117674185866,1.2665223476135596,0.11591683,0.18609251,0.20754582052176984,1.3004974732577803,0.23271427,0.09730753,0.37801196351261135,1.2941213181391595,0.1285786,0.06355822,punch
0.25819535908918567,0.32815376696187776,-0.355195,0.9998731,0.23756794362851885,0.2970760934198311,-0.3363075,0.9998744,0.2678608703317765,0.2899950561355316,-0.32788473,0.99978834,0.22098526541929242,0.3123814006760598,-0.1869221,0.9998934,0.2746725659836481,0.3079769554425504,-0.14922948,0.99985313,0.2452303589923438,0.3369250975865547,-0.2974473,0.9998739,0.26321368706364967,0.3392433793478515,-0.28676605,0.99980956,0.16621898238602373,0.4250121086374423,-0.15021402,0.9997897,0.32865623576438574,0.43628576522470125,-0.010614429,0.9995119,0.14261295182324907,0.5760300301003234,-0.39719933,0.99793,0.44926033011267286,0.491470649613367,0.05944426,0.9943269,0.5515117895086665,0.4550720568390344,-0.07905044,0.9888401,0.26438645826110674,0.4560936140006468,-0.7620956,0.9986904,0.3089012412247506,0.7718222131680916,0.0071691377,0.9980911,0.2106168307449221,0.7871857283963007,-0.0068748826,0.99866056,0.35535361531990517,1.019073132811124,-0.07121695,0.8320429,0.20283242358323472,1.0595698217931102,-0.08356435,0.7588007,0.21352676454541075,1.2691003041561841,0.21193628,0.13495849,0.37511008619130193,1.2642451547506082,0.11798209,0.20221817,0.20669867042577028,1.2980582022760299,0.23322718,0.10859938,0.3822406206862612,1.2967716180932265,0.13059238,0.069050126,punch
0.2542811133866779,0.32841612013011023,-0.34572333,0.99987507,0.23565300451927695,0.2983650669461277,-0.32778144,0.99987715,0.2657852509662135,0.30126367059575637,-0.31893224,0.9997898,0.22479399457748195,0.3136044829068129,-0.18483426,0.9998948,0.28435357648917514,0.3102140104492892,-0.14487894,0.99985313,0.25023251110693867,0.34308669592107355,-0.2899023,0.9998805,0.26017031471953567,0.34298940280489787,-0.27857745,0.9998184,0.16177963145543417,0.4266230056315745,-0.1461317,0.9997878,0.3311606957478569,0.44261105873870465,-0.012360334,0.9995027,0.14312053659547497,0.5713467499278413,-0.38844594,0.9978702,0.43999239858406614,0.5134932583411342,0.052428864,0.99419725,0.5491968106135421,0.4605975714695584,-0.09091006,0.98899347,0.25719390716247326,0.4529819613143271,-0.7577131,0.99868685,0.3085906638975714,0.7665326045663734,0.007139572,0.997894,0.2099938839083797,0.7893439789256389,-0.006844458,0.9985215,0.36093244455796014,1.029295347609604,-0.06180019,0.83297145,0.20637474922385435,1.0596466557073267,-0.0833992,0.7638045,0.2113787511751012,1.26582546868363,0.20559414,0.14610894,0.38317726629065807,1.255316741198177,0.124019325,0.21575414,0.2030530202279709,1.298773808471932,0.22678128,0.11729505,0.3861579904099177,1.291006144497398,0.13691945,0.07362114,punch
0.2542882712022082,0.3263580113249912,-0.25185242,0.99987227,0.23606163248197265,0.2902236089710436,-0.23402612,0.99987507,0.2654367923794254,0.30128994176659574,-0.22251678,0.9997857,0.2185135651053205,0.29921552788864475,-0.10760681,0.99989134,0.28927890989772986,0.30967122476618736,-0.055138726,0.9998444,0.24459180078355403,0.34614900323879216,-0.2038959,0.9998806,0.2674845702837759,0.33856129945057767,-0.18897006,0.99981606,0.1683764314491054,0.4274033539152037,-0.09015618,0.9997772,0.3309209410054659,0.44471753649153495,0.05300681,0.9994638,0.14142394531306213,0.5737851850199117,-0.31307063,0.9977749,0.4231489289423739,0.5441661123669216,0.048971288,0.993674,0.546260857569456,0.4614902264228111,-0.16208863,0.98914033,0.2617974789464058,0.4648618384618168,-0.5999497,0.9986687,0.31396815101715947,0.7633615026126885,0.0075626983,0.9978238,0.21791903914698807,0.7711919631711072,-0.0072945007,0.9984656,0.35757646326086256,1.0250932283315317,-0.062239032,0.83019936,0.2059387869663759,1.0461598826202378,-0.084671885,0.7659835,0.20518138232843053,1.275396729591412,0.19304024,0.1485725,0.38764107572394446,1.2612255392220966,0.113122806,0.2213202,0.20895168416839993,1.297877517072361,0.21403697,0.11803564,0.3853686466560263,1.292970204277923,0.12537454,0.075217664,punch
0.24807615086951695,0.3139793664127534,-0.24440248,0.9998643,0.24056575749670628,0.29341100971220546,-0.22706306,0.99986726,0.27524233547840116,0.2933918427307673,-0.21373205,0.99977565,0.223288053189301,0.3105931181853659,-0.10088895,0.99988323,0.28756484076990063,0.31743623067549753,-0.039269693,0.99982834,0.23787056231450388,0.3304458635599884,-0.19652379,0.9998762,0.2657643235002528,0.34891092643205873,-0.17903358,0.9998062,0.16426399902523858,0.42671500729930634,-0.08134089,0.9997596,0.325534501463869,0.44593419979315785,0.07208093,0.99943507,0.14805387767896983,0.5736895687602305,-0.3034159,0.9977372,0.42674781204274326,0.5555912668448862,0.014192013,0.9932278,0.5035629566692001,0.4511879101018972,-0.26812798,0.9896585,0.2557497105735893,0.4609069478238717,-0.5770322,0.9986592,0.31396367749750054,0.7650011647623045,0.009143578,0.99782884,0.21185563908026972,0.7788461348131277,-0.008943255,0.99844176,0.3585651959663081,1.0197518633530098,-0.06950067,0.8284567,0.21211595257629356,1.0414587274399922,-0.08619179,0.7677909,0.2012931793102284,1.2678716830588643,0.19180587,0.15024303,0.38369852042822206,1.257974386297686,0.108619764,0.22668752,0.21452249191350214,1.3075407445341833,0.21309996,0.11781751,0.3796381287706483,1.300983974879479,0.121420726,0.07688193,punch
0.25852010119963653,0.3235330302704734,-0.22702312,0.9998692,0.2384085479387419,0.29086506899260856,-0.20982368,0.99987173,0.27061184137425154,0.29779691678133596,-0.19402519,0.9997861,0.22192113433080796,0.30787293387198533,-0.08606945,0.9998871,0.2910335863133471,0.312745725386382,-0.013828397,0.9998325,0.24442972323621515,0.3397560385470377,-0.18048786,0.9998776,0.26482540030594637,0.3475228671780915,-0.16006552,0.9998062,0.16310801267375996,0.4283538481526905,-0.07054157,0.9997603,0.32774821517374786,0.4496264761829848,0.10008247,0.9994435,0.15066300710162983,0.5787343135560529,-0.28162166,0.99787444,0.4189643533808679,0.5646133265968611,-0.010844407,0.993318,0.49697667877500185,0.45787923714742457,-0.34800404,0.99049276,0.2626699156633091,0.4619500866620221,-0.51649725,0.9987392,0.3184200964966445,0.7720128264177144,0.012493761,0.9979735,0.21287710600967658,0.7829412798398188,-0.012309794,0.9985388,0.3625959820457141,1.0356392695012135,-0.070962556,0.82767713,0.21131674772124853,1.0486927006725761,-0.090648286,0.7692625,0.20279018518895608,1.2700258058094194,0.18979517,0.14309235,0.3830106688025542,1.2622372870375507,0.11198555,0.21964775,0.20464539336268006,1.299068912045799,0.21152756,0.11219075,0.381491290977214,1.2896217782484014,0.12536925,0.075567,punch
0.2600310579237384,0.31945594704852154,-0.23486546,0.99987215,0.2339119026744505,0.3022523288937867,-0.22082183,0.99987304,0.2645607938804463,0.2935145258854596,-0.20410195,0.99979335,0.2312806638689533,0.30838107541875603,-0.10219568,0.9998876,0.28354048693084555,0.302391329260851,-0.02829,0.99983144,0.23774865438607762,0.35281330699833924,-0.19048235,0.9998706,0.2672169632783201,0.3397694279328187,-0.16900949,0.99978834,0.16673079206984265,0.424536987661581,-0.07929055,0.9997618,0.33110157482743496,0.4492328747781816,0.086544774,0.9994454,0.14450975347459172,0.5725704350693196,-0.2730023,0.99803936,0.4083729317327922,0.6019607681063465,-0.06579191,0.99347585,0.4280538898443158,0.4614437867596027,-0.4325222,0.991319,0.2563048021249299,0.4636166528259288,-0.48171538,0.9988354,0.30899968525035515,0.7714056902102321,0.012345197,0.99814504,0.21088731497944369,0.7844396604844673,-0.01215235,0.99866307,0.3558552092631483,1.0281652221768713,-0.058270156,0.82683074,0.19838935288384096,1.054536019603933,-0.09093745,0.7655575,0.2152232057329504,1.2779390617709847,0.18530445,0.1314933,0.3789266962845822,1.2734143470013481,0.113835156,0.20375699,0.20887345360484133,1.3103676871536152,0.20684531,0.10337977,0.3762602137128058,1.3046910837612316,0.12782279,0.07095591,punch
0.25611331052335207,0.3215424183235843,-0.23733263,0.9998702,0.24046764874489557,0.3013181446956808,-0.22572276,0.9998683,0.2676667905467117,0.2984953754150641,-0.20847559,0.99979466,0.22379873350803403,0.3026664695485841,-0.110163584,0.999882,0.2834763601506314,0.3087753449907023,-0.03643563,0.99982625,0.24343541126010826,0.3413271626066695,-0.19425961,0.9998595,0.27094356944756004,0.3364132530049491,-0.17204341,0.9997694,0.16583195524517158,0.42821669948280455,-0.08472114,0.99974966,0.32739811986950373,0.4609148844430219,0.0787663,0.99944764,0.14696598696292884,0.575649037651581,-0.2711677,0.9981596,0.3928341178630289,0.618049407119652,-0.078638576,0.9935263,0.40651592780012247,0.4692317351283664,-0.43948945,0.99203414,0.2522761385292892,0.4539436172595692,-0.47152218,0.9988997,0.31174611171085487,0.7669841872570256,0.012212591,0.9982941,0.21414431311666027,0.7812802123322439,-0.012006165,0.9987688,0.35039538937444914,1.0246801467167912,-0.03802994,0.8296407,0.20521582842312447,1.0517127667396822,-0.0904439,0.7672393,0.20409443671201943,1.2873817844114468,0.18431164,0.12257625,0.3820005148243657,1.267548416042219,0.14756069,0.1919846,0.20755068261690024,1.311433428231044,0.20577452,0.09677341,0.3905135474736787,1.3005664224138354,0.16245525,0.06792194,punch
0.2506815974729729,0.329466326572665,-0.21101086,0.99986583,0.23791286737034734,0.30245311666527297,-0.19917604,0.9998607,0.2712456514446969,0.29376607549626255,-0.18061082,0.9997927,0.22368675252681902,0.30327974825501386,-0.09111818,0.999873,0.28312732020019427,0.31499494977528714,-0.00678728,0.99981713,0.2368974670287366,0.3372637968652288,-0.16932788,0.9998363,0.26925779609450284,0.34401976640062404,-0.14536008,0.9997313,0.1630657053641732,0.4299189161467613,-0.07096448,0.9997304,0.3280220428409709,0.445038679070819,0.093703955,0.9994408,0.13445399956753512,0.5824550634240632,-0.26552376,0.9982572,0.38079181046499144,0.621371718292256,-0.07712969,0.9935875,0.4002115345789037,0.47973801107110686,-0.43572956,0.9926828,0.26297654872225473,0.45376818497657334,-0.47225934,0.9989513,0.3197533573994219,0.7678552684926239,0.012050696,0.9984373,0.2100747430995581,0.7833694685595392,-0.011840281,0.9988709,0.352194686698725,1.0314341477543691,-0.03721545,0.83199066,0.20974508351742394,1.0483253354512994,-0.09833611,0.7669962,0.20348685604405803,1.2789090355983792,0.17783275,0.11325733,0.38545689235459224,1.26394473968053,0.1654068,0.17965652,0.20002301964275626,1.3201050257961426,0.20005615,0.089723095,0.38405175489913124,1.2957251082911525,0.18198581,0.06427476,punch
0.25965872929816036,0.31819967488002254,-0.19673109,0.99986076,0.23512009216742658,0.2980624256270895,-0.1830236,0.9998525,0.27791224010101945,0.3002153836941389,-0.1647312,0.99978983,0.2226518060055458,0.3075976488896686,-0.07228123,0.99986243,0.2889616635759601,0.31706035640449787,0.011169665,0.9998079,0.23547794431387248,0.33675644924573683,-0.15439104,0.9998042,0.2782038194700096,0.34178858814667634,-0.13092388,0.99968064,0.16709433656017458,0.4238984912017294,-0.056407623,0.99969935,0.32265871028297777,0.4503151988376298,0.10373324,0.9994233,0.14346680826140445,0.5855482470382186,-0.25400075,0.9983228,0.38517451606047404,0.6212352358694188,-0.076102264,0.9936628,0.39240736342643046,0.47667554593593825,-0.42870632,0.9932725,0.26208369488538585,0.45565472151207315,-0.45445102,0.998993,0.3172050407615036,0.7718597746985686,0.011901475,0.9985699,0.21723602960058686,0.7826543168102204,-0.011687896,0.99896586,0.3579286557489866,1.0233671380513485,-0.03859962,0.8327695,0.19591299916880955,1.058476866181847,-0.10013207,0.7622708,0.19575572086617632,1.2857607826519788,0.17923097,0.104167804,0.37483808232789373,1.2657129543430525,0.16547109,0.16722155,0.20434300134580707,1.3119555513330012,0.20173387,0.082800895,0.3804217759233599,1.3004490526266443,0.1818721,0.060366325,punch
0.25780558024330713,0.32477289766051726,-0.1783002,0.9998548,0.23415432170509254,0.3050510332022296,-0.1648206,0.99984115,0.2864551552153529,0.2950371795060937,-0.146445,0.99978673,0.21716894029603395,0.3158491970273441,-0.053242188,0.99984574,0.2874925987698377,0.3065817826563545,0.031081725,0.9998018,0.23813838724913183,0.34341791669883,-0.13519703,0.9997551,0.28000999539543325,0.344896647596992,-0.11142299,0.99962217,0.16033949296898398,0.4274479851390326,-0.036648143,0.99964225,0.3328287525791438,0.4491336018033571,0.10780454,0.9994236,0.154648025028296,0.5800610600519869,-0.2438643,0.99835384,0.37573680486416783,0.6302351340004542,-0.08377828,0.9939527,0.3786640598567943,0.48390782356720313,-0.40733004,0.9938526,0.2711031088575233,0.4413011048158852,-0.4507583,0.9990073,0.31102018543313636,0.7770594257060408,0.011314187,0.99869627,0.2165947221295056,0.7839837071903317,-0.01104791,0.99905556,0.35077430192319803,1.0250038627749896,-0.03516482,0.83150375,0.2024204095805867,1.057102440800232,-0.10094444,0.75355786,0.19950405838102758,1.2910913591342588,0.17485493,0.09531711,0.3884846872869421,1.2789998308841295,0.17444456,0.15425028,0.2051695509073871,1.3117491378866364,0.19752836,0.07615777,0.3745581273760097,1.2957113326475023,0.19190148,0.056242798,punch
0.26425710701196947,0.3234656036505398,-0.17788622,0.9998483,0.24277433496846534,0.3005014049095403,-0.16447636,0.99982977,0.2799694541631508,0.30906562937662335,-0.1466324,0.9997818,0.22839998711552867,0.31642393750814507,-0.050289385,0.9998318,0.29412166734768797,0.3155847694770747,0.03135607,0.9997943,0.2353849869808795,0.3475254357252563,-0.1334704,0.9997139,0.27151747236466184,0.344975030832804,-0.110421956,0.9995686,0.16984468976352374,0.42531907613480874,-0.027031746,0.99960935,0.3345808483773066,0.4486483830677941,0.11062095,0.99942786,0.14912948557012062,0.582809856863889,-0.2304618,0.9984055,0.36786812971181415,0.621115242381328,-0.081957765,0.9941795,0.36418435323674925,0.47345255068565467,-0.4051361,0.9943644,0.2623742843175899,0.4493951011343641,-0.43417662,0.9990222,0.3107736515315872,0.7635865464536019,0.010936016,0.99880797,0.21378766295851392,0.7797043000033315,-0.010615664,0.9991354,0.3628261352330061,1.0217466257157015,-0.03573612,0.8309964,0.2009877553706234,1.0533797719722564,-0.10227859,0.746294,0.20693256248430203,1.2938465914841089,0.17452714,0.08733981,0.3839571350657618,1.2705032025311185,0.17482601,0.14280003,0.2152551344631689,1.3320155031225356,0.19739436,0.07028131,0.38625941556171417,1.2982922806514445,0.19212282,0.052848745,punch
0.26203056744123865,0.32242127416728805,-0.17274109,0.9998419,0.24141531947551997,0.3043213721643689,-0.16022483,0.9998193,0.26662522799201727,0.3096416564646663,-0.1420592,0.9997761,0.22531953351700618,0.3146304206204005,-0.049139276,0.99981874,0.28537454451419864,0.31808486803492275,0.033467896,0.99978644,0.2516553094341134,0.3560196925905959,-0.12931797,0.99967366,0.2710503778535487,0.34287679964651724,-0.105919525,0.9995169,0.17417132324762363,0.41954437055148314,-0.023033109,0.9995728,0.336867917357774,0.4459551228597363,0.111701645,0.9994276,0.15509223573962316,0.5950582950023195,-0.22123258,0.99843854,0.3718202791129074,0.6291034022632798,-0.08117406,0.9942985,0.3560205770419058,0.47180503627596815,-0.40058914,0.99478877,0.2579251742699282,0.4434347045219909,-0.41712636,0.9990213,0.3120466222353435,0.7738939588556623,0.010579274,0.99890494,0.20493754723139435,0.7765330271624613,-0.010234397,0.9992038,0.3586774941073354,1.0219905110880438,-0.03511172,0.8343614,0.2095648929810715,1.057267842907735,-0.101576306,0.7459974,0.19640872891121963,1.294500679131045,0.16769667,0.08096556,0.3781767976759829,1.2709693270709161,0.1707408,0.13416861,0.20280429191913074,1.3255806413119544,0.18964352,0.06574194,0.37632949328505494,1.3055590873158267,0.1873986,0.050545946,punch
0.25737482265484757,0.3116515256391704,-0.16632614,0.9998365,0.24257058049714197,0.305348148922915,-0.15456262,0.99980944,0.27758907117082465,0.3073561420719881,-0.1362197,0.99977016,0.22898928352716363,0.30982317842525625,-0.045027174,0.99980795,0.2881108549527601,0.30734111888192145,0.038594227,0.9997781,0.24969163836492858,0.3465973419490954,-0.123139046,0.99964213,0.2653142117560999,0.3431958441352003,-0.09949584,0.99947214,0.16825380995424544,0.4246093484419979,-0.018956466,0.9995469,0.33328588773906953,0.45690412697653876,0.11489107,0.9994324,0.15166701498582413,0.5823650996740156,-0.21018866,0.9984617,0.37135932742695144,0.6280913659856237,-0.076204725,0.99437267,0.3536982998354087,0.47379496752156164,-0.38902083,0.99516433,0.25895378165054084,0.4491771519923139,-0.38979268,0.9990172,0.31013373707610215,0.774042485715577,0.010391478,0.9989928,0.2057661621712522,0.7793324740415101,-0.0100193,0.9992659,0.3652647314788209,1.0124198067428922,-0.0290503,0.83514774,0.20887462659017364,1.053896404466098,-0.102561474,0.74199843,0.20545599499786393,1.2931249239011362,0.15655643,0.07478537,0.378507177616233,1.277407168296936,0.17732142,0.1255598,0.21578597091297191,1.3321604121220052,0.17771032,0.061312553,0.38504113168820264,1.2922545691329639,0.19422159,0.04807201,punch
0.2526054027794552,0.3170126522144732,-0.16591434,0.999831,0.2481175478757771,0.29830353723895814,-0.1541317,0.9997999,0.2824863616914879,0.30316709033967465,-0.13585785,0.999764,0.21916230413101756,0.3118242498570361,-0.044315744,0.9997974,0.28765917817471853,0.3158256237619329,0.03908767,0.99976987,0.2508679565403569,0.34978531130801765,-0.12257896,0.9996114,0.2771420183588392,0.3535054778433379,-0.099024266,0.9994283,0.1656909850134316,0.4179359361974438,-0.018069075,0.99952304,0.3333305722352107,0.46067820128085496,0.11528597,0.99943644,0.15314639323543744,0.5782761266180186,-0.20928726,0.99848336,0.35744481768719283,0.6334081396777942,-0.07506607,0.994447,0.34564229597844365,0.48203429535623965,-0.38642877,0.9955032,0.2469129294245095,0.4521139441861056,-0.3896351,0.9990128,0.31633955187809637,0.7746787592241335,0.0102200685,0.99907213,0.2096139912287075,0.7807477974408157,-0.009826424,0.99932206,0.36705663208049855,1.0220370692858514,-0.028155124,0.83558166,0.21577650052786568,1.0548340771092386,-0.1032902,0.7376737,0.21190405405011714,1.2968223584968637,0.1524289,0.06914975,0.37283326676303297,1.2677386456220956,0.17688467,0.1176336,0.2183964439019248,1.3195487293238681,0.17333448,0.057257157,0.38964983447771906,1.2997667088858538,0.19361156,0.045763545,punch
0.2682961091129211,0.3254130757863347,-0.16476507,0.9998262,0.2440990297350235,0.29897098627928814,-0.1524486,0.9997923,0.2734806078167803,0.3083787551698843,-0.13501434,0.9997595,0.23259188366656458,0.3068665904154205,-0.040437635,0.9997903,0.294917385763261,0.32192407600273415,0.0394592,0.9997641,0.24867114805064994,0.34650241946500876,-0.120481,0.9995813,0.27453740375452684,0.3489125759871596,-0.09797573,0.9993826,0.17199154532050742,0.42561434203144527,-0.014735123,0.99950486,0.3400420305056626,0.4505223471479917,0.11345129,0.99943835,0.15969398147829217,0.5824015512045305,-0.20875123,0.9985303,0.3636261847651433,0.6278269514320355,-0.080626436,0.99460727,0.35585481721937773,0.48065595991175586,-0.39188007,0.99582505,0.25579921076782375,0.4500933053900041,-0.39344147,0.99902457,0.31928129045731957,0.7719977467553848,0.0099894665,0.9991468,0.204696466342987,0.7867917593314099,-0.009569475,0.9993754,0.3531851156647885,1.0204347639155036,-0.027833056,0.83906484,0.20547053381223623,1.054394856745699,-0.10707722,0.7404057,0.21045534505382113,1.2969057258830627,0.14764142,0.064271025,0.38387257149876,1.2652427346945339,0.18127343,0.11076917,0.2016977511832212,1.3156591751299513,0.16856024,0.053762637,0.3931142798473283,1.300972697932894,0.19852674,0.043936163,punch
0.26631573657168506,0.33385114640767843,-0.16116181,0.99981976,0.250458001627189,0.3112126706089874,-0.14813519,0.9997819,0.2780241542132976,0.3052134471838794,-0.13157333,0.9997533,0.22535585554606552,0.3058250679099226,-0.03461702,0.9997789,0.30220976721970827,0.31459803085367666,0.041282944,0.9997559,0.2520914188345291,0.34465114714655676,-0.116486564,0.9995445,0.2778110805513676,0.34969562736404236,-0.09513367,0.9993338,0.1663904645820874,0.4210656807640281,-0.011944723,0.9994853,0.34379024788796286,0.4475600921529273,0.11190991,0.99944055,0.15352809481476914,0.5917057588311803,-0.20807242,0.9985404,0.3703964986370659,0.6294543036460364,-0.08788036,0.99474245,0.35633660650648546,0.47883304967786205,-0.39493436,0.9960859,0.2650007780164012,0.4565476675560966,-0.38777736,0.99900985,0.313127823224282,0.7708051997736715,0.009663062,0.99921024,0.207877487852554,0.7887644671451971,-0.009206122,0.99942017,0.35685013379106933,1.031677748843988,-0.028289739,0.8388777,0.2021835799647972,1.0552935147430755,-0.10741367,0.73669094,0.20671319446786096,1.2999898240673287,0.13621107,0.059641648,0.3866247539826223,1.2703456863905191,0.17850329,0.10412719,0.21218519954087567,1.3174678954652326,0.15556553,0.050420523,0.3825263705342292,1.304202819928396,0.19445288,0.042013932,punch
0.2650911664659814,0.34473544655410476,-0.15891185,0.9998183,0.24209119763190534,0.3017456799839975,-0.14599575,0.9997784,0.2764719039395377,0.29878880466959085,-0.1291831,0.9997546,0.22621795241537979,0.30413981446917215,-0.034248937,0.9997737,0.2907262659643933,0.3188734680674437,0.042887922,0.9997561,0.25632927568060293,0.34254644769688314,-0.115106426,0.9995134,0.2641903956499625,0.3694770659689366,-0.09336501,0.9992964,0.16190067291225085,0.4307923038106271,-0.013914399,0.99947256,0.3365149082852922,0.45121650378089384,0.11087497,0.99945253,0.1572386865009473,0.5762111513025896,-0.21231103,0.99860156,0.3575313014139243,0.6285996599995043,-0.090603024,0.9950118,0.34917931760704113,0.48171171980307625,-0.39506632,0.996376,0.26136199532336124,0.4481712796736797,-0.39387158,0.9990316,0.3092149903909963,0.7767043986415695,0.009508954,0.99927396,0.21091980303788194,0.7833534724316631,-0.009025205,0.99946547,0.3610562005988528,1.0260965877775368,-0.028483719,0.84016573,0.20607039519416692,1.0500549507618564,-0.10356333,0.73525023,0.2153766415728472,1.299300568005103,0.14150718,0.05515596,0.3832340204113288,1.2828955951939562,0.16824436,0.0972149,0.2062569505081805,1.3359510899262947,0.1610143,0.047066953,0.39521603709963227,1.3038593343952183,0.1827034,0.039950807,punch
0.25519021633528804,0.32653164921835115,-0.15444459,0.9998168,0.2502823528822524,0.3111696917905728,-0.14020571,0.99977535,0.2654682998777037,0.3172243722764166,-0.12397816,0.9997562,0.223615589879552,0.3107101581007846,-0.026445772,0.9997687,0.2736396610503459,0.322980416383683,0.04785079,0.99975747,0.2475750523688005,0.3504302525470997,-0.110384345,0.99948376,0.2707415148925899,0.34769930814048294,-0.08940877,0.999264,0.16927921500144594,0.42770584636170855,-0.010423624,0.9994529,0.3329182156026912,0.4446933454267798,0.111881174,0.99945676,0.15591502141928293,0.5728978727140251,-0.21150835,0.99864525,0.366116295455888,0.6298464133670016,-0.09252604,0.9952533,0.3547867975521247,0.4860954272125309,-0.39491925,0.99663365,0.26240335348368493,0.4456655025898103,-0.39140528,0.99904686,0.31262698472919626,0.762125231367069,0.009133399,0.9993325,0.20959281539508012,0.7852786900868494,-0.008608176,0.99950784,0.36236339706522924,1.0336878379762915,-0.027365092,0.83957803,0.20549562999918813,1.0490091589164052,-0.10001701,0.7309168,0.21080939921823505,1.306569395849353,0.14542107,0.050886933,0.3878018453955333,1.2843418591616127,0.16909689,0.09038751,0.2107028149487773,1.3355363752028968,0.16555184,0.04384695,0.3856069005253179,1.296305799272365,0.18399493,0.037788846,punch
0.26514997626711634,0.33489742987699384,-0.15914749,0.9998102,0.23846541812579558,0.3101783787997093,-0.14520049,0.9997652,0.2785465292645769,0.3189901918240093,-0.12903944,0.9997513,0.22801991696617452,0.31443447153618814,-0.03166268,0.99975413,0.2916067848402938,0.31700870305510204,0.04262161,0.9997519,0.24342359108397993,0.3475935004058644,-0.11509539,0.99943656,0.2818705993756082,0.3536139950371166,-0.094184995,0.9992131,0.1601774498461691,0.42243326811676246,-0.013786763,0.999408,0.33496780440943474,0.45424098427779885,0.11009492,0.9994486,0.14836419461007455,0.5827643040267729,-0.21415189,0.99864745,0.36275227551592604,0.627263469106504,-0.0989033,0.9954013,0.3530140574005013,0.4817727166759085,-0.3996939,0.9968272,0.25950487144460765,0.4460469353968067,-0.39273125,0.9990298,0.32196049838752894,0.7638741492229665,0.008542125,0.9993808,0.20626848278060272,0.7884361348199189,-0.007994058,0.99954194,0.3585846769118102,1.0271588996344982,-0.026737696,0.8374761,0.20411611398718899,1.0563794232195638,-0.091957405,0.7244321,0.21200090001065175,1.3060490313872262,0.14774457,0.047215723,0.3784116367660173,1.2741858562008908,0.16464004,0.08462002,0.2081455557170685,1.330051679683149,0.16797227,0.04111109,0.3882166552571644,1.3078908732902375,0.17899086,0.03595257,punch
0.26310676469550043,0.3404618724466221,-0.16220644,0.9998119,0.24129692867288488,0.3038471713362674,-0.14828463,0.9997664,0.27993662448213996,0.3097132419960762,-0.13217244,0.9997556,0.22989222893981243,0.30426095900367306,-0.034314804,0.99975306,0.29201015825971055,0.31607945456713255,0.039703157,0.9997562,0.24617267423548028,0.35492152358253826,-0.11799556,0.9994286,0.2691130406249358,0.3549671002161284,-0.097157635,0.9992073,0.16662955091042464,0.42032950999779933,-0.015443096,0.9994041,0.3257434406092977,0.4561625496138957,0.10849836,0.999459,0.15525115277712742,0.5845776023373414,-0.21464023,0.9986827,0.36640689821848416,0.6297657612470395,-0.09766596,0.9955911,0.3488230655741338,0.4832983087138618,-0.39891183,0.9970467,0.260797031137159,0.4360277780468712,-0.39751762,0.9990473,0.31559490264236845,0.7749809168311859,0.0077375835,0.9994279,0.21344093103555695,0.7845391693112607,-0.007167235,0.9995765,0.35767916138676425,1.0302330446939454,-0.02714395,0.8336766,0.20545701395797955,1.0582444834986717,-0.09088501,0.7148926,0.2085549225255322,1.2983461128658593,0.149304,0.04355445,0.3746094055579502,1.277136900250879,0.16095641,0.07860789,0.21508271188268713,1.3386386664053749,0.16905592,0.038237456,0.382220402445012,1.304556200435043,0.1753561,0.033783384,punch
0.2655409136282739,0.3289942089342318,-0.16416621,0.9998094,0.23169808619460752,0.3005692646261632,-0.15009312,0.99976104,0.2770070855664186,0.30981790754250665,-0.133866,0.99975485,0.22533845568111055,0.307399065995383,-0.034798812,0.9997437,0.28921324841763696,0.31875549644164225,0.038400356,0.9997559,0.2519010720879111,0.3457796478457764,-0.119744554,0.99940354,0.281263478652908,0.34820066867287347,-0.09875781,0.9991874,0.16541416381290774,0.4289277752402068,-0.016634898,0.99936956,0.3418450414367791,0.44734228808663984,0.10562905,0.99946266,0.1578355291192236,0.5866343077170885,-0.21226394,0.9986842,0.37303026326542066,0.6282660263085043,-0.09538328,0.9957131,0.34564862118778494,0.47164201875246364,-0.39686614,0.99721944,0.2703637328310383,0.4394286577047621,-0.3873952,0.99903315,0.31526703493082076,0.7686818443954643,0.0073691546,0.99946636,0.20680135998709248,0.7905375805056052,-0.00681186,0.99960375,0.3648042116150404,1.030187976664615,-0.027390584,0.83324766,0.20348839530053953,1.0618470813793675,-0.08961165,0.71169585,0.2046486355667667,1.3109590074465207,0.15242383,0.04064893,0.37804085160071876,1.2805298508358811,0.16015276,0.07413912,0.2064442457485386,1.334563793972529,0.17223194,0.03606232,0.3917600239774621,1.311520284307102,0.17469686,0.03235712,punch
0.2567385221039884,0.3361458551255108,-0.18033823,0.9998084,0.24461038647738176,0.30152547162412896,-0.16666314,0.99975765,0.2804496462832132,0.3096807263628106,-0.1493414,0.9997557,0.2390858382653096,0.3159958103363397,-0.053539377,0.9997344,0.2846658191917598,0.3193024967469221,0.02553764,0.99975514,0.2477856062226148,0.34949559567586436,-0.13694356,0.99938256,0.2717263963789375,0.3440984302182771,-0.11451008,0.9991703,0.16899397501716196,0.4276592855663142,-0.033132575,0.9993347,0.3372939376707894,0.45001971391124695,0.097616896,0.9994622,0.15248965035402362,0.586021979356291,-0.2355504,0.9987067,0.36525565482249556,0.6298170831497748,-0.1026142,0.9959031,0.3664403863575968,0.48119238753714105,-0.41578498,0.99741536,0.264933708644974,0.45116344658897845,-0.43391204,0.99905014,0.31633349360531926,0.768282366344652,0.007311795,0.9995004,0.21255582456756084,0.7893879356213663,-0.006760144,0.9996266,0.367064439229682,1.0204688303436626,-0.027956832,0.82977337,0.19921912091849459,1.061291433650667,-0.08686564,0.703843,0.20698209466975603,1.3042911803670858,0.16553143,0.037700623,0.3767263428845814,1.2682318804736736,0.15289247,0.06934721,0.20918548973436224,1.3331462333202353,0.18594898,0.03371503,0.38141828622660157,1.3097326645061953,0.16681306,0.030593507,punch
0.25070669115814126,0.33286901878355873,-0.18816356,0.9998065,0.24505100575661465,0.30035652281929787,-0.17455456,0.9997535,0.2751534415620791,0.3094258014545888,-0.15704243,0.9997554,0.21687819239860462,0.3210365307372123,-0.06157909,0.99972475,0.29032361992139444,0.31943473293865526,0.018702483,0.9997532,0.24709760865675678,0.35284996894903425,-0.14484107,0.9993604,0.2707221327773355,0.35992754003066135,-0.12215555,0.99915004,0.17138530101041827,0.42214928784358036,-0.040322293,0.99930316,0.33780624105521573,0.45911506156666426,0.09309034,0.99946046,0.15019068780217626,0.5824466257533045,-0.24527529,0.9987323,0.3654430606422925,0.6276312768192455,-0.10663356,0.9960778,0.3558151361261249,0.47682681206572963,-0.42327952,0.99759305,0.25788541651330077,0.4389186072733193,-0.449464,0.9990675,0.30886333276640743,0.7751547027242556,0.0072831945,0.99953085,0.21489710718065935,0.7839953717920776,-0.0067338385,0.99964696,0.37368650564043304,1.0228491024097608,-0.028876677,0.8262297,0.1965398065093792,1.0580342617095122,-0.084390715,0.6961872,0.2044635200350673,1.3106941461864967,0.17378487,0.034991335,0.38341402704158767,1.27464862313212,0.14841628,0.06487975,0.20961827425010926,1.3386053050923128,0.19453613,0.031549465,0.384399829080157,1.3133290556303372,0.16207811,0.028957482,punch
0.26750534841674245,0.33383309557736446,-0.19935691,0.99980736,0.23572814890132854,0.3027823327661777,-0.18642972,0.9997537,0.2697856920527001,0.30511880711906364,-0.1684786,0.9997577,0.22798459180114905,0.31158955513260145,-0.07462346,0.99972254,0.28855595366246456,0.31774274257329105,0.007838832,0.9997543,0.2384142758086376,0.35287374278649203,-0.15626135,0.9993556,0.2737088504073454,0.36155235254455265,-0.13301463,0.9991446,0.16558349992750798,0.425570471307152,-0.051047623,0.9992885,0.3381896875356506,0.4510494196354264,0.08873185,0.99945885,0.1624295240001783,0.5833169018051465,-0.2583867,0.9987826,0.3725904340793055,0.6236783307682721,-0.10775532,0.99625105,0.37370621372016555,0.4820301605178891,-0.43601122,0.99776226,0.2675195141276868,0.4373488810918249,-0.4734834,0.99910325,0.3159026128382283,0.7713246242572845,0.0073679313,0.9995571,0.21435661788664784,0.7918451131491555,-0.0068460517,0.99966395,0.359064438070667,1.0407466298602897,-0.03330536,0.8283895,0.21456182290462356,1.053442517971495,-0.085112534,0.6988594,0.20621415948471966,1.3067619252769374,0.1750693,0.033126425,0.37087908198424924,1.2849835925421198,0.14235425,0.062013745,0.20249454111419762,1.3452915492312854,0.19587612,0.030051326,0.38136393217016007,1.3020077778311745,0.15591314,0.028108878,punch
0.26318406896063395,0.33508857357967825,-0.20895422,0.99980396,0.23955028588045213,0.3112434241200989,-0.1955939,0.9997508,0.2716287350723168,0.3114139375910566,-0.17771807,0.9997553,0.2246469365288153,0.316511960753415,-0.0838106,0.9997177,0.2882099846817546,0.31214260563351254,-0.0015253716,0.9997489,0.25127166130110234,0.3505204858397162,-0.16599771,0.9993401,0.2695666849422861,0.35992894865493946,-0.14275782,0.999121,0.1528244611315278,0.4179301925665653,-0.062778704,0.99925756,0.3313654830204814,0.45246417661042193,0.08203673,0.9994203,0.15110688776734527,0.5902986189330104,-0.26893514,0.9988204,0.38051373872160144,0.6125519956799008,-0.11238489,0.9963003,0.3917553078961763,0.47490422522219644,-0.4526311,0.99786925,0.25267917400898576,0.45388268799071124,-0.48194528,0.99913394,0.30895435500005985,0.7695910568654455,0.007372028,0.9995751,0.20494922298912788,0.7821444499946116,-0.0068650404,0.99967617,0.36258470053988145,1.026794396786811,-0.034728862,0.83126676,0.20196178980125046,1.053987172941651,-0.088039204,0.70570296,0.2079684644807528,1.302671325007402,0.17548527,0.032089382,0.38470334844007525,1.292036055112061,0.14419496,0.060528386,0.20561559902410242,1.334037314653856,0.1967086,0.02915158,0.38504289868401187,1.2992718155274916,0.15782547,0.027790383,punch
0.24715705119872566,0.3231551913909791,-0.20659295,0.99981046,0.24080554200164817,0.3163709158707167,-0.19363631,0.9997612,0.268303423143353,0.3116652326806649,-0.17491777,0.9997635,0.2284241169307062,0.3141609917856321,-0.08429699,0.9997301,0.29596160953705275,0.3230487441310017,0.0015500735,0.99975485,0.23525565508944202,0.35803864991419493,-0.16452861,0.99936146,0.26534443520502093,0.353077789287856,-0.14023808,0.9991372,0.16967733375630512,0.42000794383165624,-0.069817945,0.99926764,0.327305634065567,0.44549063920416093,0.082233295,0.999394,0.15091606745998787,0.5890177299362671,-0.2819968,0.998883,0.38706579437706046,0.5986739443472029,-0.10426599,0.99632335,0.39990961144135084,0.4659918998782527,-0.44199067,0.997956,0.25402927148006715,0.4528687274494392,-0.49419728,0.9991814,0.31399893651816446,0.7640421356868603,0.00800771,0.99959564,0.20787635067674393,0.7776899780877067,-0.007570603,0.9996922,0.3669890784158557,1.0294560618162414,-0.040841166,0.8400489,0.21125287633711098,1.0575651731849511,-0.0946513,0.72125316,0.21352931594579316,1.296771884910467,0.17494175,0.03233116,0.38313646914655786,1.2814243333109394,0.14413974,0.060984768,0.2097991457550078,1.3483768532672162,0.19641665,0.02906264,0.3822484838334066,1.3036207051495885,0.15849781,0.028419131,punch
0.2613186288234841,0.32879561828845616,-0.20977649,0.99981683,0.24734304740152013,0.30214235880384127,-0.19810386,0.9997742,0.26864061568204245,0.31121517858973013,-0.18047233,0.9997622,0.23226521066417993,0.3270032298053422,-0.09021517,0.99974805,0.29283629903388586,0.3254664850527815,-0.00963451,0.9997598,0.250418222167226,0.3479967119159567,-0.16747499,0.9994136,0.27807637692087195,0.35697389502791593,-0.14445291,0.9991994,0.16986184253834447,0.42768130067727694,-0.08842811,0.9993134,0.32681658373251987,0.4518440348995266,0.08921463,0.9993775,0.1529252150174203,0.5769463752431375,-0.3241534,0.99879646,0.42046707181154463,0.508462840112181,0.15365681,0.99549073,0.519648495347238,0.4486625254498962,0.019435402,0.9970922,0.265064068762052,0.4451952908597094,-0.5988666,0.99916875,0.3093771528503497,0.7758411289449666,0.011852925,0.999518,0.20153067531059232,0.7827852816166971,-0.011560629,0.9996421,0.3656165020156458,1.0279686090063433,-0.06411816,0.84559864,0.2117809199086279,1.0503123709319089,-0.094607994,0.73486435,0.21229063680677362,1.2987387028254598,0.19954166,0.045562156,0.3851335249197547,1.2809505767298688,0.14507338,0.07824665,0.21731475416356316,1.317861916081438,0.22421019,0.038737603,0.3783499259038636,1.310229824471794,0.15952203,0.03462484,punch
0.26425415335131475,0.3308054574893382,-0.2909179,0.9998176,0.23839666272585003,0.3016595320461754,-0.27491587,0.99978167,0.2704307165607607,0.3072069055550134,-0.26308566,0.9997486,0.22693182141543955,0.322713959477911,-0.13792948,0.99976224,0.2991134292577746,0.3219600639166897,-0.08311899,0.9997586,0.24937025829949466,0.35038513347225125,-0.23727366,0.9994643,0.2678808460621518,0.3621757676962674,-0.22167692,0.9992637,0.16785503434204163,0.41904044653078804,-0.13024284,0.99936265,0.33328548075722253,0.44155455082344297,0.046458654,0.99937224,0.15901923361711667,0.5675079996082179,-0.4027037,0.998702,0.43370599792578046,0.4801869313902228,0.10567419,0.9950019,0.5676817630343958,0.44797133598992883,-0.04563652,0.9958566,0.2664012001043441,0.4480240835682574,-0.75844514,0.99915236,0.31400714973061183,0.781203145220663,0.012227054,0.99925363,0.21682806840429447,0.785605467659477,-0.011959683,0.99946636,0.354439538814885,1.0250096132632802,-0.06799504,0.8460221,0.2065401912729704,1.0647057206079633,-0.09459015,0.7444578,0.20456281479690552,1.2807813596131972,0.2073001,0.06549095,0.3771770051588005,1.285861843449677,0.14536321,0.10081346,0.21594443591752965,1.3158629288156496,0.23163135,0.054089103,0.36292316049714923,1.3097306569061982,0.15967545,0.042998344,punch
0.259485426280334,0.32437077391812374,-0.29483265,0.9998208,0.2316513265859722,0.3073907674567207,-0.27822506,0.99979025,0.28843974825951724,0.301673324629978,-0.26623654,0.9997395,0.22599017769639707,0.31944677763735874,-0.13941744,0.9997766,0.28791937501876763,0.31848878686304466,-0.0849037,0.9997602,0.25078678182857495,0.3541412369427227,-0.24084015,0.99951065,0.27923912839973253,0.3529175758268849,-0.22534952,0.99932295,0.16755161527390705,0.4348264990903657,-0.13739227,0.99941236,0.32446907971317984,0.44432378878841067,0.047863852,0.99938047,0.1556859356774951,0.5676234474540147,-0.42434335,0.9986783,0.43679603079721163,0.48130724668293084,0.11406032,0.99480397,0.5758100004970101,0.4410728372770866,-0.03858469,0.99525493,0.2742832136729052,0.4455564931825633,-0.7959629,0.9991774,0.3159858282696113,0.7789170085209256,0.013307938,0.9990942,0.20517135916742169,0.8040057786974475,-0.013063788,0.9993653,0.3595698725314146,1.0324104556894487,-0.07917471,0.8465689,0.2015275836481345,1.0464530616270635,-0.100377224,0.75328064,0.21340473643460267,1.2902351664275422,0.19918624,0.0790959,0.3737286755365019,1.2777506980622608,0.14248988,0.11547455,0.20907742969044163,1.316919513977589,0.2224174,0.06421219,0.3618855243421639,1.3090580401078504,0.1573862,0.0485061,punch
0.259610323011356,0.33027895421177506,-0.2809333,0.99982446,0.24340966341583914,0.308968124401355,-0.2661109,0.99979925,0.26878486907178534,0.31105739739519733,-0.2529208,0.9997347,0.22324876924416293,0.3154851789460937,-0.13562915,0.9997903,0.2845811196339434,0.31553950665792535,-0.07620494,0.99976414,0.2472431811283452,0.3519546656492275,-0.2300256,0.9995519,0.2753699719640613,0.3554094331443162,-0.21298042,0.9993759,0.17030582711809206,0.41578406309586574,-0.13526462,0.9994559,0.33542795988340957,0.4481008807207666,0.052646376,0.99938846,0.16437925390773633,0.561842145720356,-0.41488284,0.9986837,0.45334810623430866,0.47466375739489197,0.12754573,0.99467206,0.562622739921051,0.4464062831855673,-0.017754238,0.9948318,0.2821959782492629,0.4404127522236471,-0.77785534,0.99920774,0.3194583157130919,0.7853060657372491,0.014742002,0.9989819,0.2041658814936791,0.7881257677456566,-0.014518516,0.99928844,0.36233071943462314,1.0264920593500875,-0.071567446,0.8489705,0.20683644108372712,1.0636960639817448,-0.099890634,0.7634917,0.19973739293555814,1.2791144379879082,0.2036469,0.09263098,0.38089762773337954,1.2757086633729382,0.14625086,0.13126943,0.20186055529771685,1.3145035309335744,0.22773948,0.07513171,0.3719368708160803,1.3051124303149828,0.16091402,0.05540978,punch
0.25636511780418525,0.33931967802344487,-0.26347288,0.99983066,0.24418485839479642,0.3077629108636167,-0.24893019,0.99980974,0.28304568314875156,0.3115504065081894,-0.2345479,0.9997388,0.22734841287642849,0.3189926015605009,-0.12764333,0.99980396,0.2985698105433644,0.3170178642483516,-0.061624587,0.9997734,0.25327353060370794,0.35343818761877893,-0.21445005,0.99959004,0.27334858789480054,0.35932627974635734,-0.1958531,0.9994254,0.1704584563057301,0.41720919634141745,-0.12690634,0.9994933,0.33192442433963976,0.43864654652279517,0.05756125,0.99940175,0.15932223477217955,0.5654477517881006,-0.38992327,0.9986581,0.4419031168889609,0.47961520018618614,0.1301934,0.99446267,0.5658183584676313,0.4516630535163944,-0.01761826,0.99462414,0.2678745276466876,0.43963000914249417,-0.7211412,0.99922335,0.3103049167380234,0.780698840425484,0.016785806,0.99890774,0.19795404027702468,0.7905193830653156,-0.016607119,0.99923193,0.36284669867753805,1.0264862862264363,-0.05852458,0.8516847,0.1985094355135506,1.0621685048054186,-0.09796933,0.7743114,0.20084347792748203,1.2877370972503812,0.21199091,0.10807037,0.3754656787598196,1.2869252285778103,0.16526978,0.1482474,0.21121947679251285,1.3090553810838164,0.23694856,0.08602422,0.37072571857273695,1.3135834104596351,0.18168996,0.062933326,punch
0.2642009918035164,0.31709656491863125,-0.21392623,0.9998281,0.23807382269700683,0.3060867992832696,-0.20644283,0.99981153,0.27581807471535547,0.311392432074104,-0.18785393,0.9997277,0.22618272948876628,0.3145568624500044,-0.12283532,0.9998081,0.29883841227812846,0.3161220870752393,-0.03352356,0.99976814,0.24676345909146857,0.3398713849870652,-0.17805977,0.99961275,0.27643309463793087,0.3531601894810332,-0.15347995,0.99944806,0.18148038336742622,0.4235393384831067,-0.117209636,0.9994981,0.33539163040288356,0.4452838722544087,0.07491656,0.9993704,0.16428939921560537,0.5647826950001381,-0.37281874,0.9985146,0.44265304484948254,0.5095837491435089,0.16300571,0.99385566,0.5534151122274391,0.45242093802295674,0.044307902,0.9942464,0.27789122248244313,0.4319739183018725,-0.6793207,0.9991809,0.3182033408950573,0.7742401882668167,0.017968543,0.9988555,0.21250169079490167,0.7905680128452902,-0.017819257,0.99918026,0.3639429951694291,1.031891358322738,-0.043525428,0.8542695,0.20289228699243023,1.0550544677602733,-0.08985658,0.7831965,0.2054761873329113,1.2869886074572439,0.21976104,0.11778958,0.3639529822486015,1.2722921507436924,0.17606696,0.15922642,0.20579761754261428,1.3111031127435402,0.24546146,0.09304663,0.35557257613303495,1.3101050531126597,0.1936423,0.06718224,punch
0.263320400150278,0.32247464873522014,-0.21757999,0.9998025,0.2504409598388485,0.30546757135204605,-0.20869009,0.9997936,0.2720734613069751,0.3070556270936855,-0.19032016,0.9996798,0.2417843331760382,0.3067775996172463,-0.120243475,0.9997947,0.29802750705155556,0.3196103172638179,-0.03201969,0.9997271,0.2481151482181203,0.3556726484379941,-0.17906752,0.9996118,0.2728377776532047,0.3422422702933851,-0.15547828,0.99942124,0.16851618944241853,0.43358038444139163,-0.11564875,0.99946874,0.34056092143727024,0.44239185108366885,0.08399407,0.9992712,0.16449901529528432,0.5708422588288617,-0.34922847,0.9983846,0.42699224575901396,0.5146630936387181,0.14499621,0.99249727,0.5138206428182994,0.4535049351609341,2.6446385e-05,0.99384373,0.2738897049369641,0.4335777689200105,-0.5769945,0.99912435,0.3150379713778517,0.7758845054240614,0.019137356,0.99881077,0.20442567166100434,0.7976941956927898,-0.018984439,0.9991505,0.35207442799395583,1.035069247582249,-0.040835287,0.85493827,0.20900384753014833,1.0578903434112312,-0.09026872,0.7903108,0.20492781917023606,1.2832833585408188,0.21653616,0.122329555,0.3744545114945317,1.2708137350641129,0.17713974,0.16363348,0.20760279655117098,1.299331090810159,0.24212413,0.095641315,0.36831725595562426,1.3051984060363915,0.19482851,0.06905691,punch
0.257533183639608,0.3170985005019829,-0.23224333,0.99979705,0.25100202704408414,0.3028805200004801,-0.2225709,0.99979115,0.28532309692193947,0.3012715872659592,-0.20174892,0.99967635,0.2341404424636211,0.31553662520858433,-0.12577018,0.9997942,0.3065217438297021,0.32455527055022,-0.03355422,0.99971795,0.25755413652855563,0.34919754425056077,-0.19381075,0.9996145,0.2793428930722197,0.3555656078902914,-0.16685809,0.9994148,0.1691603061592133,0.42200743975802524,-0.11786145,0.99944484,0.33865388983723144,0.4440624334305482,0.085602194,0.999225,0.1553361395105992,0.5664668199808084,-0.33621296,0.9984099,0.43636210434720346,0.5619609354352094,0.051481254,0.9923248,0.5102167721578749,0.4565205597475631,-0.22370538,0.99415535,0.28236810343727137,0.4360823853634349,-0.5386014,0.9991357,0.3142079630082417,0.7776043155946062,0.0195577,0.99883384,0.2137221686900962,0.7904360215773453,-0.019392047,0.9991655,0.3526566844818271,1.0303912771432255,-0.04007599,0.853827,0.21801057011765357,1.0486626593705728,-0.09894908,0.79473543,0.2003547182934493,1.2847090787812478,0.21523996,0.11981341,0.38508791282912413,1.2806120930667282,0.1738188,0.16199194,0.21494820900157163,1.3102458514611046,0.2393181,0.09465215,0.37013056734853167,1.3046070021842353,0.19097841,0.0700149,punch
0.26834165211999006,0.3286255464790149,-0.22826886,0.9997947,0.2601152588136584,0.29301551830755096,-0.21809252,0.9997894,0.2804119486904648,0.30496569847254845,-0.19658121,0.99967825,0.2354069882408627,0.30959611593717506,-0.1224166,0.9997944,0.2852045306700114,0.32519980046237107,-0.021528233,0.99971324,0.2561393935216988,0.35150642493861656,-0.18999097,0.9996074,0.2814558944129463,0.3419011677447876,-0.16180706,0.99939203,0.1738921231326752,0.4202166081145931,-0.11012952,0.999429,0.3415265472337359,0.44469297616642495,0.09885816,0.9991986,0.1758439181067093,0.5575609025016319,-0.29823157,0.9984834,0.423638404583366,0.5752763398747376,0.0029907976,0.99242437,0.4858827457649707,0.44240461539666254,-0.3188088,0.99456286,0.2812681657001077,0.43675939877306535,-0.47509837,0.9991692,0.3149964071113621,0.7825079108166086,0.019434243,0.9989136,0.2117180115090982,0.7892459677810649,-0.019261029,0.9992206,0.35787606008543116,1.0321679440742633,-0.03935963,0.8569874,0.19555428761793459,1.0470217896520122,-0.10054996,0.8006671,0.20637283304215226,1.291675161304887,0.21203503,0.11359637,0.37845414090187246,1.286942605036425,0.18325123,0.15636198,0.2135186420866797,1.3157821778124017,0.23644514,0.09033558,0.3748355384744262,1.3129353454287223,0.20178895,0.06887121,punch
0.2683170728454275,0.32329622856925244,-0.22275126,0.9997896,0.24743409127668559,0.3073435071336673,-0.2140599,0.9997849,0.2891903593715335,0.30775850104119523,-0.192,0.9996745,0.23169386680119453,0.3158821449479386,-0.119973496,0.99979234,0.2917666056952578,0.31893917631394464,-0.01931649,0.9996995,0.25344334719496153,0.34651426166629734,-0.18635708,0.99959177,0.27319302647002064,0.3607382096840387,-0.15736783,0.9993439,0.17567160227777145,0.4234567550747252,-0.10917896,0.99941427,0.332163880984512,0.4400039586539844,0.09679162,0.99915236,0.16342316021484427,0.5684873504406869,-0.29032117,0.99854136,0.41027600119023766,0.5936338097937561,-0.024637636,0.99222934,0.4556862811315,0.4556891766036506,-0.34935057,0.9948499,0.2832418667996035,0.4343909169801594,-0.45957065,0.9991948,0.3236690635785747,0.7825071410678993,0.018550323,0.9989927,0.21622765265570953,0.7885390434190592,-0.018375168,0.9992779,0.35202221733034567,1.0341239067997534,-0.029762292,0.85966456,0.21361160926197098,1.0583693882259577,-0.10595741,0.80446696,0.21136802388038745,1.310464260602417,0.17606132,0.10689383,0.38006310062554594,1.2836373174946956,0.19407722,0.14863615,0.21233821899294247,1.3282205170849282,0.19827875,0.085556224,0.3710231090699161,1.318556618605465,0.21314748,0.0663935,punch
0.2630207738599838,0.3255172675886155,-0.22151077,0.99978584,0.26228467217476126,0.30096246621304057,-0.2123485,0.9997796,0.2862454147971564,0.30245715709294624,-0.19164836,0.99967295,0.23268971865090227,0.30893123964976366,-0.11509441,0.9997894,0.30756110465000586,0.3169285777239091,-0.019678462,0.9996887,0.25385863739221826,0.35207626047188423,-0.18316299,0.99958,0.27848784320043907,0.3534822603660507,-0.15624835,0.9993125,0.168427106275994,0.41513603787593467,-0.09851615,0.99941176,0.33701140855109324,0.43827768637150305,0.09480189,0.9991485,0.16805295256794928,0.5632864295797635,-0.27831194,0.9986034,0.3952811916897523,0.6007336517853636,-0.056626298,0.99202543,0.4328162483729626,0.4673401205554056,-0.410254,0.99511313,0.27296105683940197,0.4367964978270936,-0.45866856,0.99921453,0.31262394143897665,0.7817128394161075,0.016736481,0.9990626,0.22204877137994716,0.788636836765252,-0.016563728,0.99932736,0.3568653703164222,1.0325541396375932,-0.028944025,0.86183167,0.21290359693186311,1.0596177510000249,-0.106622756,0.8079332,0.21319365780451704,1.3079387041014328,0.16219227,0.100786746,0.3671272338419219,1.2867946097897784,0.19276044,0.1420521,0.21343339772629966,1.331764684396835,0.18346629,0.08140864,0.3694085160785553,1.3166465839464587,0.21128199,0.06468047,punch
0.27151928972401884,0.32028498305328007,-0.20445533,0.99978393,0.24401147613239837,0.3131658751103368,-0.19621114,0.999776,0.2802057620057602,0.30656124512149924,-0.17609198,0.9996741,0.23407364940207753,0.3110342002946417,-0.10224354,0.9997857,0.29196483627353,0.32158596625106933,-0.009496262,0.99968237,0.2555635220616156,0.3559330466983759,-0.16699356,0.9995591,0.27233798491324634,0.351759375938021,-0.14098695,0.999268,0.18374471260182867,0.4177469977414096,-0.08787055,0.99939454,0.32892688721920704,0.44912603924337696,0.09387665,0.9991459,0.17154752375492976,0.5721797354187075,-0.26793915,0.99865955,0.3806401380425597,0.6138691956573533,-0.058693726,0.9919198,0.4265679960603316,0.46727087560148634,-0.39677882,0.995344,0.2986201082902108,0.42620811183326357,-0.44388857,0.99922544,0.3176597201265079,0.7800271380804086,0.0153075885,0.99913085,0.20766302507859924,0.7880397475382501,-0.015127808,0.999374,0.3517728592223367,1.0435394241382403,-0.027205145,0.8676247,0.222806438722554,1.0543454082656305,-0.09953415,0.8153002,0.21476372929036613,1.3142665922413415,0.15327054,0.096217446,0.37099329501106204,1.2899905417010724,0.18951198,0.13646364,0.21097150728669012,1.3342040327808382,0.17272164,0.07802891,0.37164330361055,1.319109404422352,0.20783177,0.0628076,punch
0.27231584910226325,0.3230880715272833,-0.19762321,0.9997846,0.26064644763213884,0.29750147673474775,-0.1883251,0.9997723,0.2922622857507218,0.30353108056318917,-0.1686381,0.99968183,0.23153511068282806,0.31528281564031335,-0.09155639,0.9997773,0.30444907060942505,0.32404424642952234,-0.00043912622,0.9996868,0.26237801624881507,0.3579318253495557,-0.15922156,0.99952275,0.28474828531211294,0.35437581186003286,-0.13365442,0.999225,0.17619045545693257,0.4245099583602907,-0.07544986,0.9993315,0.33535624721357715,0.45040981300451866,0.09351651,0.9991579,0.16686328891190905,0.5581231580671133,-0.25765175,0.99870664,0.37177025663092733,0.6203486392797833,-0.083259925,0.99234414,0.39806875693417143,0.47178298940705193,-0.420686,0.9957155,0.2789526861759005,0.42816414136464326,-0.4412132,0.99923867,0.31280577072343074,0.7713043226811095,0.014072739,0.9992007,0.21503790553838364,0.7907569809813196,-0.013912909,0.9994205,0.358236043317822,1.0355562034744017,-0.024284607,0.87186205,0.20772163330238702,1.052984610472789,-0.08900796,0.81931025,0.21076595834991385,1.3125769748782488,0.1609809,0.08971582,0.3681617017984461,1.292427341867304,0.18715623,0.12836851,0.21460392885934443,1.3460732428387208,0.18237528,0.07302725,0.3643491838771358,1.3234028560179805,0.20516212,0.059736215,idle
0.2708676098793549,0.3194291388060755,-0.19135556,0.9997796,0.2550253336905034,0.3116351830570687,-0.1819682,0.9997606,0.2888429628252469,0.3122731881302203,-0.16213079,0.9996817,0.22699492477684835,0.2995533483616803,-0.08497073,0.9997589,0.2977957171076884,0.3114730283991292,0.0069240145,0.99968225,0.25611429342059844,0.34188942196028305,-0.15292469,0.9994723,0.29205986168356113,0.34734388289862683,-0.12699041,0.99916303,0.1752862157891738,0.41535000788084137,-0.06874288,0.99927336,0.34416597495215695,0.4453689675442821,0.0931157,0.99916786,0.17190491196165947,0.5652958227237901,-0.25750285,0.99874306,0.3691295124770826,0.6221882579866762,-0.08675312,0.9927322,0.3925556017575186,0.4866792229170816,-0.41690436,0.9960514,0.28760053712591127,0.42733164097892623,-0.450705,0.99924636,0.3249449168290097,0.7837447570610829,0.012989092,0.99926126,0.21532792865444172,0.7858029904542855,-0.012835624,0.99946016,0.36203319172992277,1.0379275618221118,-0.023136873,0.8735405,0.21695828947716456,1.0547475772178676,-0.08613843,0.81910056,0.201588623188239,1.3098475177079476,0.16605987,0.08337049,0.367273195820199,1.2981752736535224,0.18421233,0.12053186,0.20899091237458145,1.3310466557269542,0.18782857,0.06820229,0.3692434365412528,1.3194119913527764,0.20141622,0.056673765,idle
0.2773531821530041,0.3357186973276495,-0.18079998,0.99978095,0.2553265256499465,0.3015912603471707,-0.16990504,0.9997589,0.2943772244570301,0.2970478545012117,-0.15021855,0.9996892,0.23441883982280776,0.3238091616532997,-0.06961561,0.9997529,0.2978550681639376,0.31288359581280245,0.021149617,0.9996871,0.26360171623017814,0.3527763960214915,-0.14165327,0.9994216,0.2916002628736888,0.3558377441588037,-0.11602046,0.9990968,0.17874582028644104,0.42565686090234134,-0.057089526,0.9992015,0.35677067553059305,0.44356554630079853,0.0974626,0.9991667,0.1777091702893706,0.5741217266931886,-0.24620879,0.99878925,0.3704776585261371,0.6450144643809794,-0.07915749,0.99311715,0.3755677744011471,0.4866253776315736,-0.40173373,0.9963616,0.27865679499557183,0.44111237231499195,-0.43238086,0.99925673,0.31503065586709245,0.7759084716767599,0.012921674,0.99932367,0.20807600398241677,0.7896083660629697,-0.012761824,0.99950373,0.34950327851813423,1.0249627249036024,-0.023184476,0.8772963,0.21761014492755582,1.0454434808596065,-0.08144214,0.8215433,0.20291421920170138,1.3067305038518473,0.17226665,0.07711362,0.3806215002614217,1.2977949075291384,0.18493687,0.11227267,0.20819941125171526,1.3465971430545232,0.19390468,0.06341959,0.3645684424303861,1.3311256003651946,0.2027406,0.05351523,idle
0.2792732195071427,0.3263808944569247,-0.1715588,0.9997806,0.2505888444407137,0.3035658300735194,-0.1605707,0.9997556,0.27805299537011663,0.30122887375862295,-0.14072837,0.9996937,0.23627327052849822,0.3145163017178941,-0.060597796,0.9997457,0.3008438878713676,0.3280758791766099,0.031052887,0.9996892,0.2606762040211391,0.34178569618521015,-0.1326602,0.9993605,0.28905548696907724,0.34955501025677577,-0.10669728,0.99901545,0.1709377268186154,0.42171377822432293,-0.04794069,0.99912155,0.3511783315933211,0.4549398906669056,0.10183196,0.9991613,0.17417649331299379,0.5576934355652903,-0.2357698,0.99882376,0.3667801012898676,0.6297005594430711,-0.079332024,0.99345845,0.36772106517603853,0.4845938546034318,-0.39657956,0.99663436,0.27927364385757036,0.4309623078163254,-0.4149096,0.9992626,0.31899916212759105,0.7793233817901407,0.012369969,0.99938035,0.22242804250930193,0.7812832349113077,-0.0121853,0.9995427,0.35300193404603,1.0283700753033163,-0.02048457,0.88192105,0.2180401039257387,1.052490073667519,-0.072026,0.82507056,0.20507923282191576,1.3060868463113515,0.17980148,0.07177944,0.37745616915179303,1.2852360765992974,0.1868885,0.105143555,0.21025007299855092,1.3426351191622732,0.20109609,0.059383653,0.3671534838456558,1.3167022550261243,0.20490447,0.050743274,idle
0.2750365146960152,0.32241339831850957,-0.16562352,0.9997829,0.2607333934092164,0.3017986689147066,-0.15419985,0.99975514,0.28496783815389104,0.30424603416936624,-0.13519295,0.99970037,0.23357543629809363,0.3099967784805504,-0.050573044,0.99974203,0.3021634017563595,0.31527601084634094,0.0372461,0.99969435,0.2614619077235639,0.35466474410885984,-0.12513234,0.99931115,0.2769425881141916,0.3582138244555905,-0.10031098,0.9989489,0.18710122531343787,0.42186823931180856,-0.036953244,0.9990924,0.3447937567527226,0.4509233361871248,0.10612257,0.9991762,0.17440087953823613,0.5691287287814336,-0.23064515,0.9988748,0.3694890089812519,0.6320638628819959,-0.077777244,0.9938479,0.3745981645515868,0.47934633411618544,-0.39288455,0.9969034,0.28209673772869714,0.4286346972420655,-0.4179502,0.99928194,0.32679421490324234,0.7819074787586272,0.011569565,0.9994333,0.2088229603282128,0.7973813445553668,-0.011345063,0.99958026,0.36238951026461064,1.033820512885968,-0.021441387,0.88445497,0.22057960353196926,1.0507789707759585,-0.06813415,0.82399553,0.20363371171351918,1.3156483701414408,0.1831114,0.06611645,0.3584782674502768,1.3090265348862116,0.17407879,0.09772924,0.20077572015601475,1.3451105948858737,0.20413196,0.055035807,0.36713274976178834,1.3220506930636633,0.19043837,0.047658734,idle
0.2750296945745039,0.3286897287983511,-0.15286388,0.99978644,0.2640391279212251,0.30217500219752397,-0.1416304,0.9997565,0.29436034759385477,0.3149106821900104,-0.12310712,0.99970776,0.23998807097168906,0.3066324612772914,-0.03851361,0.9997415,0.3079636453312645,0.32061718127661637,0.046964932,0.9996997,0.27892708179921577,0.3536554246806376,-0.11244913,0.9992835,0.2827666206643762,0.34594325810251625,-0.08834931,0.9989116,0.18045329745232042,0.4262077766020936,-0.026724193,0.999075,0.34542029023453436,0.4454575709978031,0.11216666,0.9991924,0.17283194934263324,0.5724306076498729,-0.21888995,0.99889565,0.3616366469629223,0.6425548864502628,-0.07696669,0.9941187,0.37857290044520686,0.4861588997740284,-0.39326078,0.99712276,0.28100085529934515,0.4482636930997071,-0.39644286,0.9992839,0.32123053249253797,0.7827224131856361,0.010758744,0.9994803,0.21009970537642675,0.7894038956353667,-0.010462961,0.9996135,0.36265068414255597,1.0342918227209932,-0.015095687,0.8863673,0.2153684930401104,1.0503445205409365,-0.066535264,0.8223207,0.20616041851347156,1.3177207048196273,0.17559426,0.06123507,0.3633895415439038,1.294426941690909,0.17433432,0.091404945,0.19518194850089998,1.3464794052099824,0.19483675,0.051342487,0.3752534459819352,1.325315030974943,0.19077422,0.04490428,idle
0.27508893265746925,0.3263889341943375,-0.14503309,0.9997944,0.26014517002121096,0.29746549334408157,-0.13410904,0.99976367,0.28904604621234087,0.31124894113557355,-0.11568235,0.9997195,0.2448809123389526,0.3065688336430442,-0.031685762,0.9997475,0.30610503286969437,0.31640221970157156,0.05303154,0.9997104,0.26850390012378134,0.3469538603811402,-0.10471916,0.99928737,0.2855089433159429,0.3466574610609594,-0.08084841,0.9989209,0.1919432732599592,0.42374813711138315,-0.019239528,0.99908423,0.34670552046394265,0.45369928296243733,0.11920124,0.9992144,0.17394839106891447,0.5683621373786439,-0.20214112,0.99889135,0.3628535212331938,0.6448159323235817,-0.06956093,0.99428356,0.3612080813766355,0.4779829092041819,-0.38173527,0.9973036,0.28296781369293533,0.4429830761733346,-0.3715968,0.9992823,0.3193565027496339,0.7771271652930368,0.009848354,0.99952257,0.21900514351605938,0.7820390986894643,-0.009517919,0.9996438,0.349720770080026,1.0309667972478551,-0.012180867,0.887772,0.22216625072038942,1.0523540698865979,-0.06897212,0.8206398,0.20395105703401306,1.3131431407514316,0.16316295,0.057172813,0.36543837544270297,1.2937223406733955,0.18136832,0.08626233,0.21113675545015664,1.3476358265389257,0.18151408,0.04828071,0.37049293904863645,1.322413473100719,0.19800258,0.042570002,idle
0.28333554455765053,0.3338751029189491,-0.14341107,0.9998039,0.2446409156528514,0.2975428996596847,-0.13309911,0.99977255,0.28860639166157265,0.312423478408971,-0.11412728,0.99973214,0.23845839633930777,0.3081512873198728,-0.03347859,0.9997555,0.2891576907389195,0.31841941327895157,0.05356597,0.9997217,0.2570064420247423,0.34803341871677435,-0.10409987,0.9993017,0.29094529603744246,0.35705083240970664,-0.07952312,0.9989421,0.18299298438591427,0.4268431683308387,-0.021712467,0.9991108,0.34699300131006094,0.4502306419575047,0.1227785,0.999242,0.18537923279645996,0.5688425985660212,-0.19933423,0.9989073,0.35278270329946204,0.6431570306223543,-0.06837344,0.9944649,0.3546570612564901,0.4861141466331816,-0.3761072,0.9974795,0.27857393613992687,0.44276122159663606,-0.36938244,0.9992962,0.31852522843799824,0.7771816470507328,0.009692077,0.99955904,0.22397849109206303,0.7857256824147476,-0.009354545,0.9996697,0.3635976391148418,1.0357185928715007,-0.009107264,0.88918936,0.20478917807173969,1.0462437776797253,-0.0698971,0.81978774,0.20114858724158957,1.319423565859835,0.15366417,0.05372694,0.354872916947067,1.303557804324032,0.18084852,0.082032494,0.21322911255821786,1.334242064031093,0.17106324,0.045677777,0.35845002486512334,1.328118300742309,0.19672415,0.040640775,idle
0.27664461590959033,0.3316934092934075,-0.14737962,0.9998134,0.26454410140116724,0.30252185977796153,-0.1417144,0.99978185,0.2910347692831199,0.2965463381294376,-0.11919825,0.9997451,0.23832527433870632,0.31579111816407385,-0.06531811,0.99976355,0.3019714173378223,0.3294684912454144,0.04780362,0.9997349,0.2685001120303422,0.34056981736669456,-0.11263615,0.99932563,0.2802072920474552,0.35566505001377274,-0.082913384,0.99897736,0.17946419966262916,0.42588333609000406,-0.039456237,0.9991094,0.3466078377597607,0.44995046818806617,0.12074699,0.9992728,0.17733579825870693,0.5703502629404367,-0.21235292,0.9989204,0.3523739657997471,0.6412132791432356,-0.055250634,0.9946083,0.3673151547161737,0.4872681548936277,-0.3732967,0.99764925,0.28905647975318105,0.44810771603702615,-0.39039695,0.99930245,0.3193133005519492,0.7796778264838758,0.010669049,0.9995907,0.22343741321790023,0.7916585350405485,-0.010379376,0.99968994,0.35909215335945754,1.0378849875083092,-0.009311536,0.8934552,0.22009939786830945,1.0460475528941162,-0.072866715,0.8245104,0.20372798256091085,1.3123397419142357,0.14385623,0.052166156,0.3560820160557525,1.2832844835666382,0.1813415,0.08027555,0.20192848869861657,1.3409555175146675,0.16119064,0.044562228,0.35826293819150223,1.3208125356584215,0.19738358,0.03990692,idle
0.28546490042186146,0.339903546335485,-0.14750567,0.9998209,0.26256275776704585,0.3012889177737558,-0.14443454,0.99978864,0.2885547356635536,0.30393134759465823,-0.1189726,0.9997552,0.24133077685968507,0.3104907807979429,-0.072040975,0.999769,0.31143964577849403,0.31425423228850646,0.049623467,0.999745,0.2742359904947128,0.3523666964540245,-0.115554914,0.99933785,0.28316857526883155,0.36243000411984944,-0.08217268,0.9989968,0.1780831812918361,0.4211052943538782,-0.04679951,0.9991009,0.34249141400973815,0.45033926958117254,0.124434054,0.99930227,0.1736437317341396,0.5729836599868267,-0.21343525,0.99893284,0.35453833352529207,0.6372488646715889,-0.0461623,0.9947713,0.3665697753131083,0.49173805138227783,-0.3716057,0.9978102,0.2779420400649716,0.44095524991385004,-0.39988807,0.9993107,0.3218242419105686,0.7739533668956895,0.011806443,0.99961984,0.2160953256330913,0.7791893094458766,-0.011552516,0.9997079,0.3616801071452188,1.029967321644418,-0.0099798385,0.8955871,0.2200402234761707,1.0529683219954271,-0.07334758,0.8236977,0.2031542930605299,1.3072327642659505,0.1479538,0.049371187,0.3683926822570659,1.2961414130365037,0.16930982,0.07745046,0.2005713377711188,1.345317876084649,0.16603352,0.04241768,0.3592199484699571,1.3317471208162281,0.1840313,0.038565814,idle
0.29072777004420647,0.33290707603538,-0.14718875,0.99982315,0.26138262567954884,0.30964100355285346,-0.14465001,0.999789,0.28622855289460913,0.3050733564828033,-0.11804111,0.99975896,0.2467015853682214,0.31092522636617137,-0.07267444,0.99976623,0.2947214085031604,0.31653768580711356,0.051418193,0.99974793,0.2656051358969985,0.3471456359641636,-0.116423406,0.99930966,0.2859639240718648,0.36083027963678127,-0.08174138,0.9989596,0.18139440010731478,0.420077553749879,-0.05119752,0.99907255,0.3396325829744836,0.4386828432505464,0.12584266,0.99931854,0.1710951676855239,0.5822758540511146,-0.22152288,0.9989631,0.3527795476258021,0.6333702485033328,-0.0444608,0.99500895,0.3681538234631724,0.48969015807352695,-0.37055105,0.99796844,0.2776592667338408,0.4394945948259209,-0.40433764,0.99932265,0.3219139916688749,0.7662241022096298,0.01272299,0.9996475,0.21122408829556671,0.7866254580249276,-0.012461198,0.9997253,0.35461470075372614,1.031434564737148,-0.011030437,0.8957412,0.21971638359166334,1.0556412229643417,-0.063261405,0.8189414,0.2104655106482448,1.308067848448748,0.17891142,0.04604219,0.3606901132261823,1.2925001676690195,0.15126121,0.073542565,0.20769080640813542,1.3392018077326877,0.19850197,0.03979402,0.3598899772128452,1.3323449217822818,0.16356052,0.03693157,idle
0.2820496498847176,0.3298615118517688,-0.14935318,0.9998208,0.27038882104778983,0.3102226262015005,-0.14512947,0.99978256,0.2949279495305498,0.3127835216896121,-0.120070435,0.9997554,0.23095583197104785,0.30495795948647286,-0.075274795,0.99975455,0.3016536493551859,0.32588894371514454,0.05063022,0.99974114,0.26966306199094603,0.3510976150455914,-0.11757366,0.99927026,0.28634075488428834,0.3549134960559919,-0.08386932,0.998909,0.18794724516797678,0.4176097559353687,-0.054849513,0.9990018,0.34288347437472155,0.4512365690470045,0.124960884,0.9993178,0.18361247977346307,0.5742127823782673,-0.22774155,0.998949,0.35951486047214,0.6432211369048599,-0.05041167,0.99505806,0.3607800161587328,0.49022362158787536,-0.3764713,0.99807215,0.2729853756247719,0.44105387668369656,-0.40697318,0.99930704,0.316052659627443,0.7786263261015048,0.01311245,0.99966264,0.21264929533612753,0.7844028637331304,-0.012878833,0.99972826,0.36115170482965264,1.0339698884759054,-0.013320772,0.89659095,0.2090768300937923,1.0469361366579242,-0.05684649,0.8177676,0.21531012723998233,1.3203112183832335,0.18915239,0.044043776,0.3673272278261742,1.2923187321768814,0.1420357,0.07206976,0.20108164916389037,1.3389112997809023,0.20910445,0.03814963,0.3589792278197429,1.33239059289139,0.15424185,0.03632195,idle
0.2824090549527265,0.326249440933055,-0.15107417,0.9998104,0.2675212362681937,0.3034914345709445,-0.14631256,0.99976534,0.2912517998237424,0.3074326056004321,-0.12139424,0.9997416,0.23953424322746297,0.3033005142764713,-0.07418059,0.9997273,0.2987431035411172,0.30865701298713294,0.049176943,0.99972194,0.27008378870015215,0.3536284652349888,-0.118678406,0.99919474,0.2879984106287078,0.35611367520576054,-0.08569122,0.9988171,0.18173194631985612,0.41487179373248656,-0.054245017,0.9988821,0.3493554566633077,0.44997465561826033,0.123642504,0.9992942,0.17827299863535084,0.57621986705834,-0.22788651,0.9988941,0.37133707605485455,0.6395420094138244,-0.05145541,0.9950494,0.35701773192504715,0.4849675786208951,-0.3751246,0.99814695,0.28390715127880395,0.43231525517625186,-0.40842223,0.9992604,0.3211615037746248,0.7695257651512686,0.013193575,0.9996729,0.2257075575423334,0.7977168136797593,-0.01296974,0.99973065,0.35983695849619324,1.0274047352919145,-0.02625731,0.89641637,0.2249174290252054,1.0448278168534584,-0.07095523,0.81490606,0.20548263774237518,1.3119357656324948,0.18694593,0.04229728,0.36182311686053725,1.2987173854925367,0.14827263,0.07091786,0.2099724365358886,1.333052268724114,0.20775577,0.036770023,0.3768073871665897,1.3309601918296274,0.16197273,0.035914984,idle
0.2846649142929266,0.3281264909565711,-0.15186445,0.99979866,0.2601929055022778,0.30438834954227567,-0.14530483,0.9997476,0.2973315729988595,0.31416236625352845,-0.12162088,0.9997251,0.2398377400927667,0.3067773475078966,-0.058417372,0.99970335,0.31569085702087907,0.3235219360963245,0.050521404,0.9997032,0.2696873386417077,0.3497872446955187,-0.117128685,0.9991416,0.288377423753274,0.34683752974266246,-0.086178795,0.9987541,0.17565697227635702,0.4252375569186349,-0.04055362,0.9987943,0.33948344728111113,0.4504269382164832,0.12592292,0.99928284,0.17449390279018695,0.5858432107843062,-0.2264669,0.99882627,0.37103426792052485,0.6300989901950496,-0.051388226,0.9950258,0.3725330452218162,0.4794703335678936,-0.36514255,0.9982059,0.28129048561526593,0.44123978756601945,-0.4038748,0.99921674,0.3339565811195714,0.7767970234448658,0.013190244,0.99968547,0.21645537964440387,0.7840548979156725,-0.012966071,0.99973744,0.37314943407515533,1.0364689748697757,-0.03854762,0.8981426,0.21792747256570844,1.0535739392756023,-0.08301496,0.81553125,0.22360445460139078,1.3031270252190177,0.19377261,0.04152242,0.3724189426195297,1.3121705814946987,0.1512464,0.07113799,0.22353176705401623,1.3392002819337987,0.21786015,0.036062315,0.3834998308525217,1.3347400756316234,0.16871771,0.035778847,idle
0.2771463206666732,0.32609224628587585,-0.17638466,0.9997793,0.26368467204457213,0.30173970911515313,-0.16432944,0.9997229,0.29257053785702514,0.2965321795585617,-0.14491758,0.99970233,0.245148252102111,0.318542596122381,-0.059811503,0.99967355,0.30327162243150674,0.31596026744883776,0.030968988,0.9996777,0.26912607809765055,0.34612872318249005,-0.13505758,0.99907887,0.29379838334267727,0.35581144027538625,-0.10978357,0.9986704,0.18587853548171707,0.42366134678557255,-0.043482434,0.9986607,0.35288241292682765,0.4486380951882663,0.09945564,0.99924034,0.18703579663868097,0.5757586242308033,-0.24995108,0.9987607,0.36139483417490126,0.6334979977231013,-0.09539578,0.9949657,0.36726323781342474,0.481254171759079,-0.4114605,0.9982421,0.27935868779969886,0.4365983734213025,-0.445867,0.9991589,0.3271767790414475,0.7737367816561266,0.01265167,0.99969155,0.2273413548127977,0.7863857697864246,-0.012450339,0.99973994,0.3744272191441207,1.0358070546407494,-0.040838055,0.8978851,0.22450247298972803,1.0537263500957528,-0.09008248,0.8151054,0.22424297672588955,1.309473855457503,0.19204377,0.04049322,0.3827532943923099,1.307624648852378,0.16416785,0.06996814,0.22214500997303843,1.3369610220987083,0.2158353,0.03509789,0.3844846977571351,1.3397822237015844,0.1836328,0.03519987,idle
0.2803690518157814,0.3359674183763561,-0.17146635,0.99974924,0.26017827149634587,0.3050417146307177,-0.1579173,0.99968284,0.28738454908539013,0.2998402987937503,-0.13882971,0.9996626,0.2518760475191464,0.3256628375327332,-0.056776274,0.9996183,0.3042994037971435,0.30945181610481604,0.033854615,0.9996296,0.26732750897141244,0.34444326762841815,-0.13086179,0.99894404,0.2979959135568553,0.3545478677082299,-0.106694564,0.9984754,0.18365952243817152,0.4320525064450069,-0.04280374,0.9985128,0.34605912502579905,0.44909096399200643,0.10209857,0.99917394,0.19225519496035548,0.5898470049262136,-0.2512781,0.9987059,0.3691499018180875,0.6321239217402501,-0.083558515,0.9948588,0.37013372622565,0.4749924203820266,-0.3995374,0.998277,0.29295671565747516,0.43706592276307427,-0.4525632,0.99911684,0.34177059187168846,0.7744671735915936,0.01263545,0.999693,0.23237261935296616,0.7884360525864155,-0.012436623,0.9997368,0.3789895343712205,1.0300300723435387,-0.053441007,0.8973863,0.23669664976392613,1.059174961456214,-0.09243351,0.8139876,0.2151066389494034,1.313169457551582,0.19121474,0.03956149,0.38572841621873144,1.3063368685446413,0.15192169,0.06896656,0.22848769229911403,1.3369443087352761,0.21486017,0.034085326,0.39699652796631757,1.3278947416511302,0.16977182,0.034486182,idle
0.2805686065650477,0.32769763285774944,-0.168336,0.9997213,0.2696460723268145,0.31204644946269916,-0.15645827,0.9996453,0.30123930713632097,0.3144927152491497,-0.13539937,0.99962866,0.25050503299152616,0.3144088960598023,-0.058054995,0.9995664,0.31417599421720055,0.32242716591345627,0.037163585,0.9995874,0.26656637332848165,0.3520927001129184,-0.13010016,0.9988029,0.3041223756846412,0.3537319765478592,-0.103575364,0.9982704,0.1916248589529549,0.4317717987306512,-0.0436308,0.99829733,0.35737426756779656,0.4440633579054203,0.103359655,0.9991152,0.19604354296567517,0.5831750876183996,-0.25606304,0.9986553,0.3735914201649274,0.6349995942506165,-0.07797936,0.9947996,0.37345254223429813,0.4866934223523041,-0.39590263,0.99832135,0.28928469715419125,0.44124635066568707,-0.45694485,0.999059,0.33284790503222506,0.7734412626834672,0.012753981,0.9996944,0.23183392307447914,0.7913241520757083,-0.012563127,0.9997298,0.391645403466209,1.040682734149638,-0.05419048,0.8987118,0.22585086167126933,1.048110653405517,-0.0927408,0.8148734,0.22809492712705737,1.3107053038772996,0.19072458,0.03897239,0.41222618308565306,1.305289027236342,0.14781108,0.069045514,0.2379281048970443,1.333387858328043,0.21464884,0.033371963,0.405455637859938,1.3219085837270421,0.1646946,0.034252055,idle
0.278182926194244,0.3344740801072207,-0.17772293,0.9997062,0.26557201072196,0.303487216615741,-0.16332723,0.99962807,0.3012421009061651,0.30532024019994025,-0.14575373,0.99961567,0.24366933052527673,0.31544995035468243,-0.058463436,0.99954295,0.3072056482322799,0.32659378113419035,0.026187867,0.99956846,0.2747884779050376,0.35427576057465426,-0.13622318,0.99872655,0.29287906409329,0.3481811820942495,-0.11343894,0.9981632,0.19914008495804802,0.43784813758290775,-0.044233356,0.9981971,0.37016475900345147,0.43635341323315796,0.087533936,0.99906826,0.1902281739356103,0.577040912999662,-0.2643085,0.99867636,0.38845409925316976,0.6335628572763226,-0.109529875,0.9948736,0.3753085245330595,0.48199852316164515,-0.43665582,0.99836427,0.29542920311851284,0.4515494833191236,-0.4883077,0.999051,0.34930240577581007,0.780039729659887,0.011316941,0.9996969,0.24509349666253466,0.7860706423099837,-0.0111091975,0.9997289,0.39933128890262315,1.0378355934819965,-0.05033811,0.9010196,0.23703097880242008,1.0470677069826606,-0.08511044,0.8196652,0.23422019001473704,1.3101091164221368,0.18630287,0.038594723,0.4169659661412801,1.2998631750299041,0.14981037,0.06794734,0.2340484924580527,1.340368183511286,0.20808733,0.03281847,0.3982434680246386,1.3195117578582871,0.16640687,0.033754546,idle
0.2830806418635635,0.34153538546580775,-0.18143763,0.99971044,0.2545553634571114,0.30247122966907225,-0.16595855,0.9996326,0.29461944743973056,0.3014525864113215,-0.14970806,0.9996253,0.2580371610519073,0.3129113260296662,-0.05683375,0.9995441,0.31258205127041494,0.3105414783797923,0.022359414,0.99958205,0.2748585642030966,0.3516834186107078,-0.13826522,0.9987311,0.29832786681821655,0.3568862780242357,-0.11715011,0.99818975,0.2097742733920004,0.4242201527230491,-0.04114323,0.99815124,0.36599365370798,0.44562903229767686,0.08366052,0.9990837,0.19734895295748944,0.5852737749255025,-0.26168612,0.99866503,0.3891499688654826,0.6374992616408878,-0.10952932,0.99514353,0.3856876266363818,0.4895273759947991,-0.42444772,0.99846965,0.2963160490624632,0.4364686575180167,-0.4763712,0.9990491,0.34403712906291284,0.7842650819203116,0.009043589,0.9997132,0.24369179147136721,0.7866285204194298,-0.00879588,0.99974144,0.4122177880181268,1.0383078616511663,-0.04789154,0.90154254,0.228618667133357,1.0557459081160911,-0.07522701,0.81549287,0.22656528339317705,1.3124720133506942,0.18956277,0.036239065,0.41681937948153036,1.2973182126643454,0.15103361,0.06442316,0.22993941014208763,1.3376594764376748,0.21114695,0.030959586,0.4200343857859372,1.317795127332264,0.16745709,0.0319594,idle
0.2974155790997761,0.3356408987476945,-0.18157834,0.9997085,0.26920790759334334,0.3058539923299796,-0.1654609,0.9996286,0.31174174510530905,0.3060650011095316,-0.15065397,0.99962676,0.24995243031697234,0.3139953374557579,-0.048637725,0.9995344,0.31838231027419106,0.3121464279667022,0.018410914,0.9995893,0.28603239082078324,0.3520918072074936,-0.13743302,0.99870867,0.29151461099946974,0.3599368203950912,-0.11821191,0.99819255,0.20731184168573302,0.4231817665302025,-0.029585574,0.9981156,0.3820444314165059,0.44757312084639705,0.08215864,0.9990906,0.20119659202296136,0.5926134452795137,-0.23786744,0.99862903,0.4081472221542344,0.6333998373601794,-0.10128556,0.995386,0.3851242030555607,0.4704497189071783,-0.3989527,0.9985609,0.3039820224251404,0.43288623205038435,-0.45429963,0.9990335,0.3508399793169772,0.7846848902021712,0.0073335385,0.99972457,0.2511437389613914,0.7881048692524498,-0.0070673795,0.99975,0.4171754158958,1.0455695177179736,-0.046614785,0.90062314,0.2358240506657564,1.054735748214872,-0.072006874,0.80978477,0.23681303969677436,1.313930107154553,0.20113358,0.033964075,0.4158885134992977,1.2988757101692667,0.1487233,0.0613339,0.23806528264242777,1.3493677916208473,0.22410643,0.029194666,0.4172900483538664,1.3203067530064436,0.1648365,0.030339174,idle
0.3026600283375057,0.32685586835224917,-0.18115559,0.99971044,0.2779831503277207,0.3078802235571696,-0.16485578,0.99962956,0.30937810658603593,0.30083305294456864,-0.15005893,0.9996344,0.2618172554303143,0.3098870618738762,-0.04198161,0.9995294,0.31748279724173867,0.30890294498097415,0.018424219,0.9996013,0.2835420524819908,0.34247027704416744,-0.13679014,0.9986994,0.3155873560061876,0.3514638540442021,-0.118397154,0.99821216,0.2101512999951639,0.4282102814355574,-0.022163142,0.99810266,0.3955305093857092,0.4493618715993056,0.079639584,0.9991152,0.1994118948172473,0.589854407357585,-0.23618717,0.9986389,0.40849484658135893,0.6273904945164709,-0.10046128,0.9956675,0.3999953438178837,0.4806051503591703,-0.39560857,0.9986592,0.3051332055128021,0.44196861633106876,-0.4631215,0.9990351,0.36603669445027054,0.7710752017733921,0.005873936,0.9997344,0.2573492669157237,0.784356350573926,-0.0055980883,0.9997563,0.4108729560205171,1.0375697751298212,-0.05198043,0.9012531,0.23799552355985243,1.044925360213052,-0.07265879,0.8086235,0.23948897267304514,1.3163000186634117,0.19117655,0.032251187,0.42400238601163165,1.293912688222991,0.1419546,0.058860194,0.24709581803054526,1.3455193777359447,0.21219428,0.027790217,0.42086558566841437,1.3301854592800468,0.1577401,0.029127939,idle
0.2911872754403093,0.3389569123297465,-0.16794516,0.9996813,0.28085756719929356,0.3075571473971925,-0.1454162,0.99959725,0.31784104083719744,0.3011560547881823,-0.13661708,0.999607,0.2756254551699986,0.3133754490096812,-0.010795923,0.99948466,0.34199435020978286,0.311720048036674,0.028913002,0.9995766,0.2992012728246848,0.3423670087963731,-0.117452264,0.9986176,0.30854474554621425,0.35717226717345424,-0.1068898,0.9981419,0.22746656383731112,0.43967591283663554,0.0024167881,0.99807376,0.40153125076520546,0.43958289733440403,0.08131739,0.9990853,0.22085492378466565,0.5789861323304412,-0.23111717,0.998541,0.41957910452100045,0.6284538570375419,-0.09927206,0.99573547,0.40167106156719457,0.4765201264544321,-0.3899861,0.9986889,0.3104398741857173,0.43613345574553186,-0.46762782,0.99897516,0.36185036011439387,0.7793684616175485,0.003603271,0.99972767,0.2646710366924465,0.7837693368289238,-0.0033512365,0.999749,0.4209569733419819,1.0528172197195325,-0.060938597,0.9011184,0.24489211956602097,1.0548778271040191,-0.074870124,0.8101743,0.254393530919955,1.321446515882174,0.19349545,0.032997288,0.4355887666503616,1.2954559918328392,0.13095382,0.06091699,0.25451670708259,1.341831917557288,0.2150478,0.027901584,0.42852612559558356,1.3256423709756313,0.14574008,0.029226389,idle
0.312602865679493,0.32597630708873665,-0.16825303,0.99967664,0.2972803822171093,0.3021742858027586,-0.14680155,0.9995928,0.31921745619046715,0.2964064013430244,-0.13698032,0.999606,0.27648189867453954,0.3155579186870975,-0.009769493,0.9994769,0.34955176182916203,0.3081059041719351,0.02875479,0.99958426,0.3026463259245914,0.35325378951362496,-0.118097864,0.9985953,0.32296355412833444,0.35589177826732815,-0.10716306,0.99815744,0.2292340627565027,0.43420953383770844,0.016449207,0.9980447,0.40641849529596696,0.43875921280375807,0.08381574,0.99908847,0.22596528422422413,0.5725564922784806,-0.21304104,0.99850154,0.42712873174737587,0.627920700210771,-0.097146176,0.9958657,0.4135613087365657,0.48605223175817885,-0.38133723,0.9986998,0.3235054478393755,0.43417046339221843,-0.46449023,0.99892855,0.3770914442202189,0.7767194296789041,0.0009714714,0.99973404,0.28304587576212814,0.7953645352575283,-0.0007032535,0.99975413,0.4352249263881086,1.0563605433408683,-0.060670115,0.9048394,0.24591916182729723,1.0613503055235085,-0.070381664,0.8163659,0.24903131432367265,1.3148190490979328,0.1993956,0.03404741,0.42905331968486116,1.3064704561764113,0.13035366,0.06345546,0.2552922813513546,1.34448254380575,0.22040863,0.028320342,0.4384340995037326,1.3344468752944314,0.1447224,0.029765904,idle
0.35419480449249263,0.3363010063557468,-0.15174171,0.99964577,0.32945668190819266,0.3067165894183334,-0.12283744,0.99955857,0.3613846926892186,0.2986332763464147,-0.12077111,0.9995753,0.32366577432847266,0.3174646501934003,0.031807937,0.99943006,0.3915300790472408,0.316559756004974,0.039031915,0.9995678,0.3481373796676215,0.35677471572815195,-0.09495062,0.99844253,0.36431592528475465,0.34801977307951854,-0.09356945,0.9980579,0.28767211076196286,0.433756159444496,0.060628824,0.9980148,0.44569176361905904,0.4437070872620143,0.088993795,0.99905425,0.26974437826470843,0.5873956543557578,-0.16982794,0.9983594,0.47668165991074096,0.6359724006286351,-0.09923647,0.99587506,0.4521288004806401,0.45910634259851224,-0.37283707,0.99868757,0.35538150929124157,0.4393532532376998,-0.4181579,0.99881953,0.4346572016642346,0.7838625957628232,-0.005068293,0.99973226,0.33305777796105507,0.7892018112221602,0.005386931,0.99974746,0.4699606914354034,1.0553194353850037,-0.051213223,0.90537655,0.28120887482605994,1.0526130176816308,-0.04164776,0.8186309,0.28330406024861277,1.3091433629274063,0.18273067,0.03589142,0.46401156996409476,1.3052187988226003,0.1314403,0.06682344,0.2917073009692627,1.349541717867188,0.19695528,0.029278874,0.47031126879785545,1.325377437868926,0.14405006,0.030175453,idle
0.36705228290320246,0.3225078781267608,-0.14406277,0.9996638,0.337073230063628,0.3048952344156081,-0.11899819,0.99958366,0.3788507946316999,0.30633070375680393,-0.11056508,0.9995981,0.32120463722271675,0.31567412061574723,0.014941247,0.999463,0.39081581432455914,0.3187592134612197,0.052207835,0.9995936,0.35942270506598883,0.35362740212185845,-0.094553754,0.99851024,0.3741889199664329,0.3487298585574685,-0.08499616,0.9981431,0.2820139221556395,0.4420243637980814,0.0339058,0.9981372,0.44940738066650776,0.438827175497415,0.108876094,0.99909365,0.2848806117223126,0.5877033528880677,-0.17533442,0.99846375,0.48837559937576147,0.6203918885206582,-0.057125013,0.996145,0.4659177008896327,0.4553493199534911,-0.3134061,0.9987896,0.35731095009627767,0.4313188438501653,-0.38089103,0.99889237,0.43803673378577745,0.7765357879545174,-0.003977738,0.9997533,0.33649293036846273,0.7877737103409528,0.0042880927,0.9997689,0.4591834260168607,1.0532451285145585,-0.05560542,0.90282166,0.29395062686023055,1.0522318884522126,-0.046566144,0.80887264,0.3017664125702203,1.3122080704254282,0.23632547,0.03285597,0.470600086998633,1.2793336764727141,0.19213873,0.06118416,0.2966616443555936,1.3487582209271045,0.26208693,0.02699494,0.4729551372350008,1.3105266464601446,0.21681781,0.028018992,idle
0.37687589999821536,0.3328309805969531,-0.14156535,0.9996891,0.3529929531988918,0.3053282144729354,-0.117864095,0.9996159,0.38541813853958173,0.29793452588000074,-0.10823715,0.9996296,0.32996868896145437,0.31359945020174035,0.016448712,0.99950576,0.4074989612487032,0.3130630303588766,0.059321932,0.99962693,0.3709092035676158,0.3454955361384958,-0.0915365,0.9986288,0.3879535866949311,0.34991973735310156,-0.08006063,0.99829453,0.29357166771891796,0.44663831470193155,0.032568734,0.9982516,0.4576943626430532,0.43200135031013254,0.11819513,0.99915123,0.2957005742919935,0.5828913898611705,-0.18546312,0.9985243,0.4979802889256989,0.6278469865685268,-0.053552467,0.9963225,0.4796597387906463,0.4618199260013983,-0.32962254,0.99885845,0.3737236137322141,0.44462573825951357,-0.40156594,0.9989144,0.44396791053233065,0.7777030761621038,-0.0013238033,0.99976677,0.34612556795156446,0.7810555198315419,0.0016517853,0.9997834,0.4737726863798658,1.069201875715293,-0.07269192,0.90570194,0.3170407866714936,1.058502380153754,-0.08457119,0.81553686,0.30716976235524585,1.2983009577629872,0.22747596,0.03233073,0.4705229788632699,1.271326759157374,0.19475934,0.059692822,0.29484117167822077,1.3175690380029994,0.25512174,0.02652048,0.472597998843994,1.2963128588705912,0.22062597,0.027877051,idle
0.3698322166198216,0.3352240684123836,-0.12060113,0.99969167,0.3672954406140324,0.3008240376896907,-0.09378671,0.9996263,0.3935859359273062,0.3049271132665808,-0.08612896,0.99964,0.34288690821136036,0.3128574852226986,0.04652775,0.9995198,0.40965983584125165,0.31399351053354874,0.07995962,0.9996422,0.36316842209667555,0.3500784618775488,-0.06923661,0.9986457,0.39136931985576706,0.3450663636258516,-0.060177676,0.99833083,0.29779939822936086,0.4397745776587083,0.055050295,0.99831736,0.4713964031616863,0.42888646736761016,0.12408213,0.9991667,0.3028796330736212,0.5806854175637918,-0.18641838,0.9985635,0.509965297000168,0.6282336271342157,-0.06478525,0.9965129,0.47775847136908367,0.44665842750716644,-0.34069866,0.99892575,0.37962394907403707,0.4366958088774058,-0.40910783,0.9989442,0.4489130717742772,0.7781428936390307,-0.001124542,0.99978316,0.34262624854711066,0.7767938786836645,0.0014711338,0.9997998,0.4791617405262685,1.0550939090932345,-0.06968215,0.9001407,0.33323941518266453,1.054351228729506,-0.08762298,0.80575776,0.3009752274317392,1.2892874378929204,0.21990892,0.02972742,0.4834620893294945,1.2614690388740393,0.20506902,0.054789532,0.2941583355241142,1.3145388992293925,0.2454787,0.024561822,0.4937027911241392,1.2775083290357467,0.23136356,0.025905669,idle
0.3894391187144908,0.3308437294740296,-0.10189532,0.99971235,0.36466735605004363,0.3103902791431324,-0.07503856,0.9996534,0.39155128082213075,0.30093627818129415,-0.070766345,0.99966586,0.3491162399130192,0.3135674090518267,0.071335755,0.9995569,0.417289073812916,0.3220168507953845,0.08797919,0.9996715,0.3697677989941792,0.3511770850314852,-0.04775786,0.9987456,0.39837070411520215,0.35165296406876423,-0.043388717,0.9984642,0.3077489167060773,0.4406916574027597,0.09014425,0.9984356,0.4745189641817794,0.43172324172046694,0.13326655,0.99922305,0.3179365571491384,0.5856602501478303,-0.13602166,0.9985556,0.5071898958455874,0.6193343450868934,-0.064743504,0.9966402,0.4813071576549206,0.4593667571943355,-0.3261946,0.9989333,0.38299924190515344,0.4382527768467622,-0.36295974,0.998932,0.4569690159232862,0.7678283561640585,-0.0035548836,0.9997968,0.35031721477206146,0.765425078131313,0.0039898767,0.9998131,0.473446511980663,1.0447015387360568,-0.07208678,0.90268856,0.3264486472064686,1.0463737021436663,-0.08520455,0.81439555,0.31744867745457117,1.286496873085843,0.21901178,0.030722123,0.48232202636470145,1.2595061565151073,0.1994153,0.054543674,0.30281365130600746,1.3059228639161689,0.24299076,0.025410978,0.4938174776258316,1.2777954220610985,0.22422478,0.026355755,idle
0.39645998882661027,0.31750118044716596,-0.11344229,0.9997308,0.369134348437158,0.3007254302692643,-0.0875035,0.9996779,0.4048488355179989,0.2911684204152158,-0.07980245,0.9996876,0.36797361638870196,0.32046691096802593,0.055549167,0.99959093,0.41974233623144286,0.3064448964828429,0.08896506,0.99969524,0.3771613934769176,0.3567069290720323,-0.06096202,0.9988408,0.40474188772555697,0.3386573321165412,-0.052048553,0.99858105,0.313704901140763,0.44081252509278207,0.068651535,0.9985458,0.4825364716998223,0.4396064949662595,0.14708582,0.99925977,0.33497905297523245,0.5922717307679437,-0.16085808,0.99858457,0.5072085252501825,0.6038123334220163,-0.05971809,0.99659896,0.4882772525688235,0.45458211695609935,-0.3360958,0.9988994,0.3808071425824854,0.4347710866353362,-0.38701832,0.9989561,0.4432010320528631,0.7636866695195996,0.0021721316,0.99980634,0.3646021600415481,0.7811427042591955,-0.001728756,0.9998245,0.4849128426100513,1.0396013319407824,-0.06684001,0.9049143,0.3345658741289079,1.0453365883792571,-0.10044458,0.8243418,0.30244919854746877,1.272441814324322,0.1828042,0.03373364,0.48880413144505774,1.2506289945506155,0.24818003,0.05485595,0.3172181813278314,1.3110556485959763,0.20599917,0.02621082,0.4936483213146573,1.2777520184928388,0.2769188,0.02699254,idle
0.4009147541415625,0.31848664492198797,-0.12020363,0.9997453,0.37674247571898467,0.303484528161539,-0.09608686,0.99969846,0.40913192177110724,0.2913066188121833,-0.08735671,0.9997055,0.364546164690313,0.31907028851069663,0.045084756,0.9996207,0.42562265277477007,0.3096885877196931,0.08301988,0.999716,0.38737339620950006,0.3409935588318883,-0.06928282,0.99892247,0.41289976368335557,0.33094391192926376,-0.058949478,0.99868196,0.3178587935505399,0.44798190379190483,0.063953355,0.9986308,0.4778553062903447,0.4190363737891977,0.14233087,0.9992878,0.33199183657280273,0.5868921652084242,-0.17039357,0.9985812,0.5144354494473607,0.612947343763582,-0.06324722,0.9965803,0.48827745483389406,0.45321423101393515,-0.3546931,0.99888104,0.38011070544944503,0.44377296664708377,-0.39030805,0.99895763,0.4650332440570262,0.7619386779050626,0.003005691,0.9998152,0.35846088123499864,0.7743808664321488,-0.002540678,0.9998343,0.4830917041066225,1.03985663781903,-0.049624704,0.9052017,0.3411255451522237,1.0424047592772876,-0.10782889,0.83027464,0.31499820358010433,1.2843813341363377,0.16070963,0.035140697,0.4923772854155589,1.2632652503196384,0.2481937,0.055079594,0.3195103237614706,1.3019689968873427,0.18216035,0.026629366,0.4919508390694619,1.2742102725245756,0.27416644,0.027433861,idle
0.391840240602889,0.31598656739232645,-0.12084762,0.99975073,0.3860743334587501,0.304035548113843,-0.096416414,0.99970675,0.4089015626798026,0.28749534377956654,-0.08753819,0.9997081,0.3685620672497537,0.3112408306216933,0.04179944,0.9996344,0.4260597787539021,0.3081737287437657,0.08267458,0.9997199,0.39326572998572906,0.34300122764794955,-0.06973218,0.99898297,0.4080671382758826,0.34115830969770583,-0.059478812,0.99875665,0.3238379100849008,0.436074243803898,0.056879945,0.9986997,0.48458573793694804,0.42698246123406075,0.13809693,0.9992921,0.3287993006084631,0.5838581226755848,-0.16962732,0.998459,0.5177473701547421,0.6111988463701046,-0.06506221,0.996001,0.4976099069199944,0.44153483261190235,-0.3602588,0.99858946,0.3912294135900287,0.4354795081784059,-0.38162813,0.9988693,0.47270771761031327,0.7650025285509907,0.004789249,0.99979883,0.36473414072119825,0.761021175525326,-0.0043304623,0.9998276,0.47726158761080784,1.0289410776728614,-0.03473999,0.8990971,0.35659376330770476,1.0280273692529833,-0.103739716,0.8321012,0.32682460509653777,1.253172930959919,0.13309428,0.039302036,0.48851302489450266,1.2341534335674358,0.25611204,0.05563873,0.3150562524653858,1.2811657825126668,0.15113005,0.028866464,0.4841788950909416,1.247973847199607,0.28251028,0.028949797,idle
0.4097073121633107,0.32578266904003006,-0.12297962,0.99976593,0.3833012611575559,0.30542001259556045,-0.099476814,0.99972713,0.4225984676139606,0.2903817156234798,-0.088701755,0.9997267,0.373319647269045,0.31693038836624066,0.037050065,0.99966186,0.4331963156960832,0.30827345989036015,0.083021685,0.9997395,0.39802626026198584,0.3393723272308609,-0.07328756,0.9990447,0.419540298847736,0.33842172732927867,-0.060836393,0.998831,0.3285770485267404,0.44706598371247264,0.056623973,0.9987697,0.4813416710359226,0.43242091718760256,0.13860328,0.99931884,0.3361985270285033,0.5890525166828187,-0.17683339,0.99854994,0.5172973144515945,0.6000259081647874,-0.07143383,0.99618423,0.4958217066621192,0.4544649342382641,-0.36202917,0.99865276,0.38751907801626595,0.44659385841772326,-0.39008155,0.99893814,0.4561140530028386,0.7595769504003018,0.005168733,0.9998132,0.3519930315456544,0.7667483682842899,-0.0046949415,0.99984074,0.4681456756045116,1.0275191965338772,-0.023991778,0.89977473,0.3507019514994091,1.0334556152607839,-0.10044621,0.8359576,0.3266081483006852,1.262182481430209,0.14254071,0.03734158,0.48691190186761635,1.2389773283057475,0.27738696,0.052170724,0.33159613039944336,1.2928811938999492,0.16234346,0.02788579,0.4911179894790524,1.267132737495474,0.3061052,0.028150152,idle
0.4045753813848183,0.3254423288329802,-0.10966641,0.9997798,0.38616968851397737,0.30357063404500223,-0.08401658,0.999746,0.4132181171332667,0.29719668640599367,-0.075228706,0.9997448,0.375195719036467,0.3222421201218481,0.056386136,0.9996873,0.4277277560031181,0.2999685202443513,0.09400063,0.9997591,0.39419508075378396,0.34244674406644043,-0.058763735,0.9990971,0.41206149353213883,0.33315364036472456,-0.048439384,0.99889475,0.3356903675623527,0.4419745873853361,0.06913281,0.9988326,0.4876166374771027,0.43383807959582105,0.13948882,0.9993434,0.32677514563102383,0.5898070940863154,-0.17786053,0.9986341,0.5303397237864809,0.6004271243041399,-0.08546971,0.9963927,0.5074175269479788,0.44944864680965535,-0.37242034,0.99872977,0.3911537209838839,0.4517531699381302,-0.39041898,0.9990059,0.46243431545309677,0.7647962986965514,0.00044180383,0.99982804,0.37490526378475153,0.7653167233257345,7.9986385e-05,0.9998537,0.4774584228604851,1.03674100927568,-0.02959331,0.89976996,0.3562841522618868,1.0349615288723442,-0.093348995,0.8363088,0.3249517362591775,1.2820012501559597,0.14980467,0.034908745,0.49132286467674446,1.2563749093030152,0.25275728,0.04877754,0.32859648933862173,1.3108301321041935,0.16947202,0.026452249,0.4835324244543129,1.2901785985991445,0.2788567,0.02676252,idle
0.40021452366464827,0.32631106030624524,-0.11145059,0.99979365,0.390915103666029,0.2948782588798522,-0.087699644,0.9997648,0.42107150739119314,0.2939471728624696,-0.078931876,0.99976236,0.3757054392494481,0.3160769728141101,0.049188107,0.99971294,0.43205425233532047,0.30688537457036663,0.088464834,0.9997777,0.3904254320779226,0.34274762896997385,-0.061223943,0.9991543,0.4234041491840945,0.34539946823924317,-0.05105292,0.99896157,0.3196896160168171,0.43261941414982436,0.06438581,0.9989004,0.481948484105976,0.4299064717941876,0.1377957,0.9993646,0.32977279950847704,0.5782532324279902,-0.19008492,0.99872935,0.5303997649876343,0.6086350638735266,-0.09449436,0.9965762,0.49637386825244323,0.4532820412688054,-0.3918818,0.9987962,0.4091277736130762,0.4397709173604895,-0.39771497,0.9990749,0.4679982571317258,0.760679507166382,0.00071995566,0.999842,0.3702181122081635,0.7636610584975665,-0.00015885117,0.999866,0.4803097214644022,1.0274503357137446,-0.027901947,0.90386117,0.3585193159033385,1.0380154985442578,-0.084842436,0.843958,0.3297499558178042,1.2829395602204583,0.18066536,0.03308115,0.4944108861982386,1.2541218346848055,0.27455536,0.04578311,0.3334889661082584,1.3076522425175143,0.20330353,0.025197692,0.4944785202084482,1.2938751804244308,0.3031127,0.02575394,idle
0.4141080006520149,0.3269623557019604,-0.10163913,0.99980986,0.39723382864388435,0.29336226730575105,-0.07850568,0.99978405,0.41853509803295397,0.3048694172288879,-0.06591433,0.999781,0.37440999820609333,0.32774995763301423,0.051380586,0.9997374,0.43095285210511125,0.3074758055784133,0.107288696,0.999796,0.3952721179914076,0.3533888940649479,-0.054773606,0.9992073,0.4321532055796855,0.34972308403209135,-0.039364804,0.99901956,0.3310183425282127,0.44606588143049036,0.062045235,0.99896145,0.488997664920527,0.43186683779960067,0.14988558,0.99939525,0.3255967876369722,0.593915462271233,-0.18446067,0.9988385,0.5299548471104131,0.6036128437712701,-0.07147158,0.9968322,0.5013465293240229,0.4591717970803694,-0.3459478,0.9988917,0.4094623542077529,0.43688598175336374,-0.3765888,0.9991536,0.47339749916832885,0.7678230520023929,-0.00089671806,0.9998563,0.3677217874349141,0.7797111332193296,0.0014801611,0.99987805,0.47772069808757345,1.0423969853789756,-0.025639823,0.9071601,0.3714419968338135,1.0505246744255783,-0.058368336,0.84618664,0.339113063623952,1.2903707405410398,0.20261446,0.03031838,0.48340798216855285,1.2883456008378402,0.25957972,0.042227965,0.32538999683239755,1.3347559525987067,0.22471881,0.023355415,0.4892717718341334,1.312911871989155,0.2875778,0.02416021,idle
0.41630658276977806,0.32667167102076955,-0.12039455,0.999801,0.3969607050696855,0.3093146181687897,-0.09810511,0.99978,0.4219537969496526,0.2934524310380756,-0.08814841,0.9997729,0.37957649862835174,0.32448857304951717,0.03575362,0.99973804,0.4298388526982826,0.3166696008579813,0.08150865,0.9997868,0.39968921006115254,0.3529624379479553,-0.0708589,0.99919534,0.4194190104847544,0.35106884887845974,-0.058057062,0.99898237,0.32305663349878666,0.44718445591035666,0.044076946,0.99894196,0.48311854995373893,0.44434068104835994,0.10847519,0.99931914,0.3206063640700104,0.5837995944395948,-0.22063181,0.9988065,0.5189350381041695,0.6134898635568768,-0.13724996,0.99636227,0.4960430764025645,0.4548273090042868,-0.44004527,0.99868804,0.40330529457345954,0.44064058651531407,-0.4509472,0.9991334,0.4569854797566171,0.7774749474591107,-0.0050546112,0.99985176,0.36179578234525367,0.7757103842243214,0.0055456916,0.9998754,0.484499252744098,1.0393169838361198,-0.027132204,0.8996497,0.3504880671221452,1.039567898747809,-0.06446215,0.83810735,0.33228978857076763,1.2927075938585801,0.15909044,0.02983015,0.4873784717958559,1.2731024457704758,0.20313212,0.041722447,0.3361555647382337,1.324225668156116,0.17484696,0.023297783,0.48029158407685824,1.3086142583384388,0.2210495,0.023881143,idle
0.4161569507154743,0.331955769067442,-0.11019423,0.99977446,0.3896022144153508,0.308111792138197,-0.08776228,0.9997571,0.4218142672116648,0.29879142469769965,-0.07771851,0.9997395,0.3772480992974565,0.3224680341869123,0.04364537,0.9997117,0.4403898920790126,0.3158197360461849,0.08892761,0.9997459,0.39961592773452126,0.3604403260560792,-0.061411984,0.99912477,0.42275031044731337,0.3514148542398649,-0.048743475,0.99885243,0.32423798461080333,0.45044032205799767,0.051164318,0.9989303,0.4816109987707772,0.45055399292131704,0.10889119,0.99922824,0.3329576998300259,0.5947176126847951,-0.2123266,0.99872214,0.517492508515955,0.6174528362235358,-0.118238315,0.9955548,0.4991016898207039,0.4560091254585417,-0.41193056,0.99839246,0.40479781117395686,0.4430982201776651,-0.43963343,0.99909395,0.46377968460733854,0.7719597457671511,-0.005158906,0.99984115,0.3701375926938669,0.7786780096569037,0.0056103813,0.9998704,0.4741948250986163,1.038943290762907,-0.030009832,0.8880562,0.35874982799751554,1.051180821710912,-0.06990346,0.8266591,0.33795450265224825,1.2893543578496407,0.124725714,0.029865382,0.4832910295049997,1.2597971713554508,0.19672933,0.04129058,0.3388216295750198,1.3154673646545822,0.13873026,0.023664955,0.4849680298633504,1.2796437490854915,0.21609095,0.02390594,idle
0.4123775447819896,0.32551367894648675,-0.110515736,0.99977297,0.39744941672769774,0.30842623263885877,-0.08832974,0.99975896,0.4042647778766797,0.3022186276415734,-0.07825153,0.9997384,0.37627439234594284,0.32430529043519757,0.04311784,0.99971634,0.43562399165847676,0.3268364054341238,0.08847316,0.9997403,0.3922803910965392,0.3506916858249137,-0.061912637,0.99912107,0.42067315274087824,0.3492427610105511,-0.049030654,0.9988317,0.32557075811284963,0.4384001253294231,0.048146285,0.998943,0.46761565350437273,0.4526420539997709,0.11247748,0.99917763,0.3249016696246033,0.5889445886013981,-0.2125105,0.9987123,0.5142819336914639,0.6129766473092657,-0.11355547,0.9951768,0.5023398476289231,0.4741866394088763,-0.42671442,0.998185,0.40269587771846715,0.4349202264087926,-0.43828383,0.9990809,0.4588850676846231,0.7692659430460698,-0.004791757,0.9998347,0.3542836274334946,0.7720555754614944,0.0052622156,0.99986804,0.47267545443036396,1.0249534773588702,-0.021884061,0.8833723,0.35764244399942813,1.0410903343375797,-0.07573633,0.82418966,0.3380312439031331,1.2697318229625736,0.12483518,0.03032118,0.48611628928064554,1.2495990653581592,0.20131448,0.041592322,0.34301832704602,1.2974691549847492,0.1396334,0.024522908,0.4903358948941223,1.27292588760829,0.22023651,0.024759356,idle
0.409937713115909,0.3350967424949911,-0.11188439,0.9997731,0.3843097287180497,0.3113508983020342,-0.09049405,0.999761,0.41632570093166144,0.3078721530674536,-0.07913931,0.99973804,0.37723762425835905,0.3236014974063444,0.030934554,0.99972206,0.4338578781085771,0.3196746903269151,0.088013195,0.9997378,0.3937407298944269,0.3535098556836151,-0.0646133,0.9991099,0.4186096882882343,0.35338658287287783,-0.0503985,0.99879044,0.3193620042739408,0.4464312536107126,0.034883637,0.99896437,0.47000993378482425,0.45278745426535544,0.115354106,0.9991742,0.3185786176119819,0.5880181880786731,-0.21394503,0.99877113,0.5138228797785586,0.6151472297262561,-0.11245438,0.9951898,0.4977854801622913,0.4658945484134391,-0.4164761,0.99820924,0.4029152574465702,0.4361973712703468,-0.43379346,0.99912196,0.4650929671655961,0.7742804772577467,-0.004554905,0.9998415,0.35975077926807897,0.7744304921912037,0.0050032055,0.999873,0.4820489116310843,1.0189880086738712,-0.022961376,0.8820457,0.35932851228862894,1.0447929989096676,-0.07539361,0.822397,0.3346600905749961,1.2796422894786919,0.13549079,0.029194852,0.4834476297493997,1.2518724143035227,0.19862048,0.04044331,0.3366562215897142,1.3185153841167614,0.15256906,0.023951301,0.4963991256748612,1.2716775271118081,0.21722159,0.024469487,idle
0.4045376999714577,0.33701451736233196,-0.13763665,0.9997778,0.396192187515504,0.31064639064212907,-0.117158696,0.99976724,0.421164023918687,0.315461417070348,-0.10509594,0.9997441,0.37713044814564345,0.3283102117190686,0.009936289,0.9997331,0.4318314570523458,0.3257978193887564,0.06617154,0.99974513,0.3848051607919242,0.3535311645377113,-0.089888416,0.9991311,0.4131994499858874,0.34882465637450666,-0.07447595,0.9988089,0.32749227701880135,0.4402761639680135,0.021320272,0.998983,0.47212530613001424,0.45046526151386446,0.103340626,0.99917716,0.31288164314386513,0.5834881940385152,-0.22841899,0.9988338,0.5109618928523607,0.6140709054795713,-0.12537028,0.9953053,0.5023154195850268,0.4638070630991508,-0.42706484,0.9982518,0.4026091003300869,0.4435638882251405,-0.45140284,0.99916136,0.4582377095089012,0.7635366247736671,-0.0046977154,0.999848,0.35782553252342075,0.7742189419348495,0.0051343227,0.999878,0.48119221226890563,1.0316674962390378,-0.024292853,0.8822848,0.36164265592638767,1.0343261156248038,-0.07566197,0.8228095,0.33084475060168494,1.2743824314982117,0.14626619,0.028332578,0.48576185182813736,1.2504488079174259,0.19302422,0.039945576,0.33630955756934877,1.3214127250707528,0.16389015,0.023522126,0.4871351882248939,1.2973004382932554,0.21065147,0.024264393,idle
0.4098793244277339,0.33732330231185803,-0.1364315,0.999787,0.3912060624129068,0.3157159820498702,-0.11531067,0.9997777,0.41600126639907276,0.3094479385177598,-0.104290225,0.9997552,0.37257270386622066,0.32695117546167307,0.017927974,0.99974746,0.4279011167806688,0.32414146464363436,0.06837542,0.99975777,0.39387761278295064,0.3595306180511893,-0.086608134,0.9991658,0.42409953953611534,0.3565995421178827,-0.07249509,0.9988571,0.3186653229568127,0.4426834987882025,0.033453513,0.999021,0.4677898331004706,0.4522260568193827,0.10999135,0.9991961,0.31582359001460225,0.5846931130398856,-0.21198387,0.9988897,0.5054573070643699,0.6105742442398192,-0.1111768,0.99546516,0.5035624565329444,0.4630818851322631,-0.40469223,0.9983043,0.3923147099166623,0.44139584689771655,-0.43915072,0.9991971,0.462423411046025,0.7766551243603843,-0.0045234924,0.9998544,0.3621489660464645,0.7786199408638107,0.0049606636,0.9998829,0.4725339290137004,1.0172581354412211,-0.033386014,0.8843355,0.35227854152173055,1.0387581253947957,-0.076419376,0.82588196,0.3334696579029248,1.2899387234086603,0.17112346,0.027931433,0.4914899747020043,1.2561806769331827,0.18586816,0.040337585,0.33269999501937564,1.3081422700322616,0.19150536,0.023346856,0.48267247971911864,1.2932622683581005,0.20377226,0.024571126,idle
0.4039270874220783,0.34010348512724414,-0.124150634,0.99979514,0.3895694731268675,0.32243183411880655,-0.10337422,0.9997882,0.4116591212020112,0.30893768865422144,-0.09080948,0.9997649,0.372431529282118,0.31985062724950314,0.027025094,0.9997619,0.4350419492779395,0.30500388416016033,0.08465464,0.9997689,0.39102155481349576,0.36423617481678644,-0.075382456,0.9991923,0.4193888684911543,0.3666748540276527,-0.059279155,0.99888253,0.3159099156048176,0.4447646714915878,0.03953648,0.99905956,0.4762329680636963,0.44647101477911183,0.12505092,0.9992123,0.3179168580305094,0.5938079897730996,-0.20607837,0.998954,0.5035187524521256,0.6060010652413994,-0.098287106,0.9956631,0.4930694007218962,0.46802011124884646,-0.38273984,0.99837315,0.3938353237851475,0.44589457490881707,-0.42819825,0.9992416,0.4557507076930316,0.7753007515443808,-0.0043803765,0.99986386,0.3576603468193872,0.7780523663065294,0.004818316,0.99989027,0.47098519288696583,1.0375751290000852,-0.04151728,0.88864166,0.35268115444658266,1.0438261177247048,-0.079413064,0.83135873,0.3272938461832229,1.2777263166893178,0.18321744,0.027275318,0.487136665351365,1.2583636206460307,0.19093636,0.039791163,0.31872095701426173,1.3122381415376487,0.20524392,0.022871852,0.48799682616280937,1.2874853166040774,0.20934185,0.024371237,idle
0.40690626396553764,0.32730534337239153,-0.12654835,0.99980396,0.39112494444511536,0.31496003516682347,-0.10553531,0.999799,0.4137347023937721,0.30724321676212235,-0.093122125,0.9997757,0.3683093350452862,0.3332354756141379,0.025511932,0.99977636,0.4282711348852619,0.3241237306040215,0.08263211,0.99978054,0.3930367787122151,0.3482086860709915,-0.077685066,0.9992225,0.41720255340874823,0.36200462239500075,-0.061709505,0.9989161,0.3205298743830093,0.44886352546509756,0.037671164,0.9990937,0.4789174999854243,0.45001436596594957,0.12396447,0.99922156,0.3112445799452155,0.5869869023805881,-0.20729809,0.9990156,0.5047372067660599,0.6194355554533236,-0.10311931,0.9958302,0.49552751922949434,0.4654726009314706,-0.3972846,0.99843204,0.3867823499591828,0.44144474723303856,-0.4295376,0.99928284,0.456727659152503,0.7713117775910392,-0.004295643,0.99987173,0.36060137542226356,0.7804703733211327,0.004729261,0.9998965,0.46468666961897054,1.0283343539619347,-0.041268375,0.89163554,0.35700520689953585,1.0412415110643292,-0.080000095,0.83566576,0.32186896452936775,1.2815998660866235,0.18107638,0.026515655,0.4856468018424559,1.2521663336400526,0.193888,0.039004866,0.33472061690460353,1.3100319809766572,0.20255426,0.022428269,0.4766343158587555,1.2832658592588921,0.21303955,0.024181271,idle
0.410977234016785,0.32745359346677366,-0.1417931,0.99980307,0.3949788308409182,0.30675176990339875,-0.12257175,0.9998001,0.4125902854733633,0.3129641891336103,-0.10950074,0.9997732,0.3746560013684489,0.3322324665692788,0.0047991253,0.99978083,0.4295573333484445,0.3200942644892894,0.06427114,0.999777,0.38092352148583497,0.3601504890698366,-0.09389895,0.99922657,0.4248345290420764,0.3610114846074034,-0.07711298,0.9989068,0.3234173427554361,0.44521249026435045,0.024847757,0.9991136,0.4642892798834116,0.45811059013375355,0.116516665,0.9992066,0.31522025800322484,0.5939042148482381,-0.20984189,0.9990514,0.4942399870290004,0.6150923147486417,-0.103361346,0.99575347,0.4875516676104532,0.4641624869852258,-0.41112843,0.99839455,0.39085992263913005,0.4528079503279897,-0.43392554,0.9993071,0.45157993718058775,0.7752348068566239,-0.0036768492,0.9998705,0.3592161454225843,0.7736506493074987,0.004118288,0.9998951,0.4677333762870318,1.0100516636963923,-0.040605217,0.89193165,0.3547617037646772,1.0322273595429314,-0.08029284,0.83696043,0.32905787040060597,1.266897951963231,0.17302774,0.026416931,0.4885245244171712,1.254569671005969,0.18214479,0.03904182,0.3311285492968604,1.2821531317033694,0.19304296,0.02261297,0.47732067236771736,1.273839789661248,0.20017362,0.02450372,idle
0.4050975956332411,0.3481950104265289,-0.14078501,0.9998131,0.3796469923862865,0.31445110356083344,-0.12237402,0.99981123,0.4192040547252771,0.3069464688102365,-0.10849281,0.99978524,0.37014955563818,0.32895824126692763,0.0067766486,0.99979466,0.43349236379727385,0.32251332310672215,0.06933507,0.99979,0.38687732216960513,0.36408024198339173,-0.09171812,0.99925935,0.4153073234284431,0.3560081494160194,-0.07421908,0.99894875,0.3110355828007465,0.43919225443500737,0.030049548,0.99915415,0.4673562628920559,0.4502094672966861,0.12263982,0.9992325,0.30923970060237804,0.5947984521833404,-0.20868996,0.99911565,0.510090379138445,0.6129362564042732,-0.09099054,0.99597263,0.4906351381260149,0.47163596329254764,-0.39458966,0.99848676,0.39487578061558737,0.44466383898387113,-0.4394895,0.9993525,0.452995256440783,0.7765510072331956,-0.0036265503,0.9998784,0.35487737585841483,0.7817831540996185,0.004067047,0.9999013,0.47730123102173594,1.021424320793637,-0.04018186,0.89521664,0.3502834581309341,1.0233014967221628,-0.08141075,0.8413681,0.32904497117021847,1.2638586536553338,0.17864549,0.025544321,0.4796766807282713,1.2582913257020318,0.18150622,0.038723823,0.3302038794552201,1.297491861340186,0.19960131,0.022019457,0.48184049414260344,1.2845410423705663,0.1992724,0.024527844,idle
0.40228056318456873,0.34509583941512895,-0.13985959,0.9998211,0.39780308467481684,0.3108409128738437,-0.11990365,0.99982035,0.4188339896111992,0.3106805014157567,-0.1078729,0.999795,0.36701514321510464,0.33320570441990144,0.011072477,0.99980634,0.42499305965601986,0.3187473944905954,0.06682035,0.9998012,0.3811909797721099,0.357491618646593,-0.08991502,0.99929243,0.41273492582628046,0.35860842782288954,-0.07450232,0.9989955,0.32362690557062646,0.45667697594474893,0.03438564,0.99919075,0.4666428076923005,0.4526561245282203,0.12145106,0.9992521,0.3174090148064479,0.5851546423893175,-0.20503843,0.99916345,0.4856432863848452,0.60315225083308,-0.09173608,0.9961211,0.4900633520413856,0.47237054814931606,-0.3952324,0.9985518,0.39061424458305904,0.4591566924487692,-0.44115934,0.99938667,0.4458716504910809,0.7694909848554015,-0.0036812283,0.9998826,0.35977104449026975,0.7825884644120573,0.0041256165,0.99990475,0.4648712496772719,1.0185962853165067,-0.039080568,0.8965746,0.3508464233160722,1.0396577749172728,-0.08068688,0.8436062,0.3349881513205426,1.2642960862344101,0.17911223,0.02505123,0.488841455380002,1.2471390514375613,0.17644688,0.039031412,0.3293456148932442,1.2964135550446552,0.19964728,0.021716053,0.48143631970482303,1.272416345206109,0.19305725,0.024736993,idle
0.4095339386803193,0.34440078274789265,-0.11994133,0.99982774,0.3834940822893469,0.3236360882400921,-0.098571636,0.9998278,0.418780112534056,0.312226009416265,-0.087247886,0.99980307,0.3750420211838834,0.3374157849027286,0.030380428,0.99981576,0.4250519693364452,0.33493331414606664,0.082931444,0.99981004,0.3790608313525453,0.3569284304544625,-0.07169177,0.9993085,0.41170504094341587,0.3618517928531127,-0.05710102,0.9990141,0.30906555299232175,0.45535491465906197,0.045308873,0.99921954,0.4670295512611238,0.45887615511245844,0.12843837,0.99926573,0.3094155797698248,0.5897651626919744,-0.19683494,0.99921125,0.4927219179409602,0.6162036887205817,-0.078550585,0.99631566,0.4917861341176871,0.472237138580486,-0.36022395,0.9986435,0.38336490380332255,0.45888903427961736,-0.42872185,0.9994226,0.4569205716232232,0.762993116831811,-0.0036258255,0.9998885,0.3595871910717148,0.7740095152399563,0.0040682526,0.99990934,0.4606263169233984,1.0231233731892475,-0.03893461,0.8971489,0.3469847093900429,1.0349767684664897,-0.072309926,0.8429968,0.32309515803986866,1.2598175910125446,0.18284348,0.023958307,0.48507560596723953,1.2553056401740639,0.17100276,0.038084503,0.3230050725362624,1.2982206699176555,0.20309123,0.020873323,0.476673802951441,1.2892517014789908,0.18728618,0.024224857,idle
0.40832248511992963,0.34245995110947736,-0.10807507,0.9998356,0.38074284554184235,0.31358606508196957,-0.08675073,0.99983644,0.41045792087983335,0.307301041470056,-0.07510967,0.9998124,0.3717607813074537,0.33974539933458325,0.04073869,0.9998263,0.4207003394691665,0.3200259177680983,0.094920196,0.99982,0.38825208421088575,0.356030198201608,-0.060632367,0.9993253,0.4109657737199103,0.3574353436982419,-0.045586027,0.99902683,0.3065356856665832,0.4527242011896398,0.04956973,0.99924666,0.4723090446145023,0.45124523565474833,0.13563229,0.9992856,0.314514320227297,0.6018774625849445,-0.19731101,0.9992636,0.4959881329410799,0.6237565168138464,-0.07407863,0.9965378,0.4933648687763834,0.46198272914663224,-0.35198066,0.9987423,0.3876092562033947,0.4528139243135174,-0.42863065,0.99946165,0.4548098763065105,0.7792404164090417,-0.0035591577,0.9998965,0.3538420378681698,0.7831813208851058,0.0040051225,0.9999156,0.46204243131722256,1.0329891047439372,-0.035647664,0.8998776,0.3448624632872084,1.031206046738036,-0.066645026,0.844429,0.32166520794096176,1.2684601168850127,0.18568772,0.022614952,0.47443649048723613,1.2631250220863675,0.17460471,0.036650367,0.32266093568023035,1.3074777885186695,0.20574078,0.019778695,0.4793984086023598,1.2902876157643188,0.19138543,0.023355631,idle
0.39768772918705264,0.3307289102427881,-0.11308296,0.9998254,0.3884031075631268,0.31469234096142873,-0.09279789,0.9998271,0.4074674682239221,0.3066681835644847,-0.0831621,0.9998021,0.3635975161059162,0.33134949341404546,0.033384144,0.9998194,0.4238439735632612,0.32967214914655274,0.0795701,0.9998131,0.37883382486472816,0.36344187246447457,-0.06570542,0.99927914,0.40553701115487983,0.36223229237611815,-0.05291739,0.9989567,0.30728235284525485,0.4508645827946544,0.048633076,0.9992444,0.4726719639017647,0.44886864960744494,0.12169181,0.99927837,0.31210405762203164,0.5900160762113086,-0.19374204,0.99928266,0.49340549303004333,0.621998819047756,-0.078073405,0.99664235,0.4856137939311269,0.4727231934412884,-0.35813627,0.9987928,0.3786028099576312,0.44881662647340925,-0.41539758,0.99946916,0.4381863387347572,0.7665123927990712,-0.0035391464,0.99989843,0.3573298034687665,0.7760166320037394,0.003984908,0.99991673,0.46044284282017245,1.0340758418178866,-0.03169722,0.89899784,0.3605040701103811,1.0497696120096855,-0.062962145,0.84208703,0.3268153860990831,1.2814430791554334,0.18440597,0.021930436,0.479799875137523,1.2627468430951194,0.17072411,0.036068656,0.32320863292358615,1.301847451295833,0.20418999,0.019361459,0.47989226210733504,1.2936101067392034,0.18652251,0.023097117,idle
0.3996800121739459,0.33071128237921443,-0.116219416,0.9998185,0.37669139375998373,0.3101215511692811,-0.095373444,0.99982125,0.41992773434647546,0.3187150458844911,-0.08786864,0.99979544,0.36266485243961233,0.338278411460766,0.033180173,0.9998157,0.42849217365691883,0.32537648065565705,0.07305359,0.9998093,0.3786113417358713,0.3613206350137709,-0.06702661,0.9992506,0.4078263420349709,0.367234057542408,-0.056984313,0.9989113,0.31400984740960836,0.4421629672485457,0.048654035,0.99924624,0.4636279318943839,0.4493319038865627,0.11555053,0.99927074,0.3044482808944189,0.5913094933263304,-0.19252045,0.99929726,0.4859180915410345,0.615983579434066,-0.08743303,0.9967179,0.49310009943287014,0.4656395027417585,-0.3631603,0.99883366,0.3779109066011558,0.45502416950061175,-0.41719517,0.99947625,0.4473457190101876,0.7613546271973682,-0.003921882,0.99990004,0.35484177405152495,0.7745612428297014,0.0043744845,0.9999178,0.4622799735644425,1.0322209667329885,-0.030790444,0.899216,0.3516680874990098,1.031098359725378,-0.06150057,0.8422587,0.3205958358314944,1.2795179242417656,0.18344083,0.021591274,0.4779834732163616,1.252290534547787,0.17082277,0.035871223,0.3239182455887911,1.3129104040754414,0.20309317,0.019188544,0.47910067294674985,1.288721515007042,0.18657616,0.023043267,idle
0.393061255558525,0.3341611111857496,-0.113638654,0.9998101,0.37849003506286805,0.3154714540266948,-0.09147812,0.99981415,0.40181872066319735,0.3207262969794846,-0.08467336,0.99978876,0.3576461461820849,0.33218799929072046,0.042321566,0.999811,0.4206117061607775,0.3285368027595784,0.07452402,0.9998068,0.3696121885223679,0.3686936456103154,-0.06324196,0.9992095,0.4065544453670694,0.35984812465419636,-0.054271527,0.9988599,0.31140340448659565,0.4319487649907864,0.058992125,0.99924546,0.46141078720825623,0.46131213218910355,0.11627655,0.9992656,0.3016028096676029,0.5915228919375781,-0.17733875,0.99930793,0.48794877029946915,0.611529375150646,-0.08718093,0.99680465,0.47738636704338333,0.4738344527709187,-0.35483956,0.9988626,0.3846542968408462,0.45544874125322793,-0.3984305,0.9994745,0.4526108462483761,0.7684607507298278,-0.0042647785,0.99990124,0.3435844068512163,0.7724418388067652,0.004733958,0.9999189,0.45705060689468546,1.0291109480079739,-0.030862177,0.89943576,0.34604907340471536,1.0272466983856061,-0.06304903,0.84243,0.31437002901207645,1.2655180854506471,0.18275574,0.021129811,0.4782260835332026,1.2569409662432782,0.17259349,0.035488673,0.3264882640503446,1.3085104593573844,0.20238855,0.01891436,0.4757447320815211,1.2923451478544508,0.18881439,0.023069728,idle
0.39529162660410033,0.3372235796640806,-0.11418319,0.99979424,0.3852723871521123,0.31763939837830923,-0.092311956,0.99979854,0.4010347185655688,0.3076029301070615,-0.084624805,0.99977213,0.35733561466143315,0.33853236598803366,0.040457975,0.9997963,0.42955313957598673,0.32545595367749824,0.07464761,0.99979305,0.38174610939006925,0.35177131272179685,-0.064450696,0.9991433,0.39532300116542896,0.35726344486112327,-0.05445125,0.9987685,0.3103164359200914,0.44630642568536144,0.0572365,0.9992334,0.4605207182688731,0.43783214760405204,0.11660965,0.999249,0.30510079006116964,0.586442509870872,-0.18109472,0.9993028,0.4893062226823778,0.6174072304587964,-0.08821319,0.99681854,0.4775807460725836,0.4727001939051645,-0.35930902,0.99886227,0.3855367959367503,0.4554715925198659,-0.4025185,0.9994638,0.45443995478821797,0.7671592150940133,-0.0042620786,0.99990004,0.34454894944180814,0.7698731106949731,0.0047287177,0.99991816,0.45641582219297516,1.0187351420733082,-0.030926656,0.8972332,0.3530407041033027,1.0387209331703615,-0.066694245,0.839165,0.32468237827410085,1.272764286967534,0.17494409,0.020889256,0.48637989572837514,1.2507307895929687,0.17180933,0.03531564,0.3310423353866212,1.3033798228865225,0.19399081,0.018888714,0.47316834815108544,1.2791165892523728,0.18811402,0.023078982,idle
0.3955258898275049,0.3364485165012018,-0.114783965,0.99977845,0.3751429326970456,0.308229820154451,-0.09306142,0.9997831,0.4027999596391294,0.3089744246911273,-0.08488388,0.99975514,0.3559223414012527,0.3278033128441203,0.039380237,0.9997809,0.42388182896995563,0.3266895334158288,0.07476609,0.9997777,0.3731384237673854,0.3560378601557953,-0.06530768,0.9990783,0.39844644698864584,0.36048392336108204,-0.054686926,0.9986635,0.3000730387215712,0.4395036796350467,0.055822533,0.99922526,0.4702793260093666,0.4496661328595905,0.11681708,0.99922734,0.3028372376508742,0.5945451583118552,-0.18308398,0.9993019,0.501776159976367,0.6199200063753536,-0.08726844,0.9968491,0.4849918236257822,0.4702070400891825,-0.35477787,0.9988764,0.38796436630749365,0.4492538937490314,-0.40560675,0.9994573,0.4424310730356802,0.7676732417904295,-0.0042786445,0.9999004,0.3494430515902158,0.7820687208640085,0.0047370982,0.9999186,0.46649376123600683,1.0205567574328065,-0.03624807,0.8960096,0.33907963131996977,1.0318926808677615,-0.068818204,0.8363633,0.32676904183122835,1.2735725583169322,0.17581853,0.020708613,0.4777001546162277,1.2553802426026908,0.162541,0.035418928,0.323814013135893,1.3103877933250476,0.19518258,0.018748792,0.482840307300903,1.2781501632678118,0.17835125,0.022901751,idle
0.4063515512800112,0.33586872352876684,-0.109672904,0.99977714,0.37197658954099855,0.3125353400422196,-0.08851861,0.99978477,0.4018538735174596,0.312282363531211,-0.08008004,0.99975467,0.3626998406388672,0.31904632106341235,0.04322576,0.9997844,0.42380381914275844,0.3159057933213952,0.08098626,0.9997794,0.3723587012663999,0.35111142717313343,-0.059929162,0.99907637,0.394147782924681,0.35853003667790934,-0.048964884,0.9986443,0.30230881061768755,0.4438148335748756,0.060161155,0.9992545,0.4631975243983243,0.4475267819860587,0.121462,0.99922484,0.3008121241464904,0.5802743383807504,-0.17386934,0.9993281,0.4920728093112654,0.6165296469211023,-0.08232714,0.99692166,0.473641419206694,0.4599879099628419,-0.34980574,0.99891144,0.3874001766517562,0.4497256420004378,-0.3945071,0.9994782,0.44413228234034996,0.7614849409959992,-0.0049788663,0.9999046,0.3482387731316232,0.7726705966302893,0.005422489,0.9999225,0.45608626067223856,1.0285269666877526,-0.037187908,0.8950136,0.35157142925495566,1.035582872048833,-0.06886486,0.8350376,0.3179580506411618,1.2765076308946666,0.18013145,0.020148536,0.48382192149269965,1.259471190322552,0.1634232,0.034582134,0.32147040639436997,1.2965380212586015,0.20029724,0.018328216,0.4901306226511948,1.2797937518165143,0.17883551,0.022326669,idle
0.391293601982557,0.33618509592462237,-0.10713817,0.9997623,0.3753960167422138,0.3206426683019426,-0.08602719,0.9997726,0.406126605729658,0.3120086139313769,-0.07713787,0.99973613,0.35407520480616883,0.3382130663815643,0.04373252,0.9997742,0.4194929390145262,0.32620605603786107,0.08362482,0.9997635,0.3906324225503257,0.3598114905057029,-0.058199096,0.99904096,0.3999360051627958,0.3589705403491835,-0.046735328,0.99856824,0.30206471375795274,0.4366561479105352,0.05910347,0.9992749,0.45702870365723947,0.4442256401095912,0.12625876,0.9992042,0.29373800684362017,0.5869327980466172,-0.16860953,0.9993186,0.4783644439695627,0.6197980893498293,-0.06915905,0.9968668,0.47811200088368255,0.46831343162890043,-0.33063957,0.9989056,0.37760274421977713,0.456985134829805,-0.37735766,0.99947745,0.451390938850759,0.7705409383394798,-0.004873095,0.99990505,0.35348798445326124,0.7715354778374885,0.005309311,0.999924,0.46163741449909146,1.0253573834129104,-0.037858717,0.8884515,0.3505095116198279,1.043154177606486,-0.073779546,0.82516754,0.3280546509787481,1.266735441199348,0.18656631,0.019408086,0.46956238008890083,1.2497051164565753,0.177236,0.033508845,0.3281009415077796,1.296416694273018,0.2086366,0.01772475,0.4828900698368258,1.2792658813494684,0.19601864,0.021592256,idle
0.38624052981360235,0.34099379317470874,-0.09655187,0.9997452,0.3702392130841532,0.31219504327693093,-0.07477491,0.99975985,0.4039141852989162,0.3114684724467255,-0.06575067,0.99971604,0.3570324843242614,0.3243584647931161,0.05308137,0.9997643,0.41992967881307053,0.3337269177056399,0.0948862,0.9997456,0.3675967824379337,0.3629098864242044,-0.04862154,0.9989805,0.3933619230567784,0.3626717131965682,-0.036816042,0.99843544,0.30328877067261006,0.4278287141299595,0.061535083,0.99927974,0.462341194689895,0.4466984731963651,0.13168016,0.9991677,0.29717641157398256,0.59703685309997,-0.16937983,0.99930286,0.48838749696161665,0.6149463071165794,-0.066269256,0.99679506,0.47733464270639236,0.47306592368348194,-0.32557327,0.99888825,0.3767465907001344,0.44940066132306405,-0.381168,0.99946827,0.44317439312294893,0.7745672913922028,-0.004788696,0.99990636,0.34898114141184267,0.7831060268940737,0.0052179536,0.99992573,0.46649159056395373,1.017671787040326,-0.038059562,0.8840345,0.34773284674051164,1.0367967301800127,-0.075842336,0.8185134,0.3285721701672615,1.2616997893808914,0.18713418,0.018800756,0.4805239800091978,1.2445290630574437,0.19054039,0.032429952,0.3270782619703586,1.301100717209389,0.20917194,0.017202914,0.47987634823417646,1.269332618600366,0.21087006,0.02092653,idle
0.38491012754019216,0.3335207969582799,-0.08828791,0.99974597,0.37749363913271283,0.30868859340572713,-0.06524641,0.9997623,0.40685509471130943,0.29797834540799256,-0.05664997,0.99971724,0.3577419827562608,0.32168831048806396,0.06478117,0.99976826,0.4220701089789721,0.31508928570963274,0.10496099,0.9997473,0.37746022800008616,0.3627442283969998,-0.04000453,0.998966,0.39209233968340007,0.35545137214454753,-0.028737178,0.9983931,0.30555667445271173,0.4350322616298964,0.06869657,0.9992937,0.4504262686721815,0.4432224840766445,0.14175108,0.99915963,0.28974561122955256,0.5975469863279023,-0.16877124,0.99930906,0.48750977510808036,0.6143229942260652,-0.055452455,0.99682516,0.4756165874705549,0.46007511524129324,-0.3186037,0.9989191,0.36628636030070294,0.450588294228659,-0.38640592,0.99947524,0.445492430046433,0.764233780871308,-0.004418833,0.9999099,0.34007031621284,0.7751089125566654,0.0048410976,0.9999288,0.46423616253224964,1.024471307384779,-0.037998594,0.882761,0.3454707772847264,1.0337683330222163,-0.07363905,0.8157271,0.3292872235625359,1.2814398099860942,0.19070967,0.018139765,0.4837465539964805,1.245666005270818,0.1890066,0.03152077,0.3296236457134897,1.3013907036838799,0.21227069,0.016616974,0.4856349789889428,1.273885103593809,0.20854135,0.020472063,idle
0.3775527382479035,0.33568764299642845,-0.09292309,0.99974424,0.37379622595807793,0.30861872084711617,-0.07020042,0.9997598,0.40521158486512254,0.3095882898655106,-0.0610333,0.999714,0.35122970156495126,0.3180600350428643,0.059722345,0.9997655,0.41996595376094603,0.3196303670979789,0.1025926,0.99974287,0.3753852875307405,0.35183595023217723,-0.0445307,0.9989459,0.3984106973367262,0.3529573829694152,-0.032820676,0.99834985,0.3046900576781013,0.4388844101898332,0.067692235,0.9992898,0.4619484825510999,0.4479376813704904,0.14185554,0.9991345,0.2944564745095487,0.5860531967264363,-0.1838013,0.9993111,0.4907779824327787,0.6180260914584207,-0.056981094,0.9968716,0.4851181347843525,0.46341242760972007,-0.3271737,0.9989635,0.3818117023719618,0.44806364536931564,-0.42558393,0.9994851,0.44366773456380804,0.7697023959969834,-0.0036770548,0.99991083,0.34720175985836754,0.7766708399038279,0.0040743006,0.99992985,0.4664382106700201,1.0272539624295052,-0.038940985,0.87970656,0.3401449766848923,1.0407022981601302,-0.07363871,0.8094218,0.3246231055162808,1.2693322141836938,0.19404553,0.01756396,0.4756070327145967,1.2508867588917445,0.1754882,0.031128844,0.3311116993450638,1.3102863616647422,0.21565124,0.016058335,0.47577790770132,1.2755073418074163,0.1924413,0.020109221,idle
0.3888073635168541,0.3352148500748337,-0.094182596,0.9997585,0.36988557507525677,0.3131036734634446,-0.07088155,0.99977285,0.4086575745428258,0.30453871298578017,-0.06048127,0.9997296,0.3439856996845637,0.3267509072146211,0.05908791,0.9997784,0.4156065394867061,0.32386860277828494,0.108432606,0.99975646,0.37574657826718705,0.3449520490563821,-0.046129595,0.9989857,0.4077023907993186,0.35300241788991166,-0.033050694,0.99839956,0.3063591430513565,0.43785905937544367,0.066111535,0.9993125,0.46126545699090804,0.44236393871199486,0.15130892,0.9991565,0.28796844997942517,0.6027246601509012,-0.19861053,0.9993524,0.4963541038610284,0.6221059737916174,-0.050225914,0.99702424,0.4958480461852244,0.4632703429912353,-0.3312716,0.99903464,0.3751703404683169,0.45112351991107463,-0.45479774,0.9995179,0.44575442322255454,0.7645699108937045,-0.0023857693,0.9999163,0.3425102443874687,0.7741889944496986,0.0027662294,0.99993414,0.46553790873542955,1.0382035488674175,-0.040105022,0.88073623,0.350145166715387,1.0471620717906032,-0.073583834,0.80973566,0.3332012801397526,1.2726653067110016,0.20577815,0.016689321,0.4808633870963672,1.262839440650381,0.17648973,0.030096631,0.32828297014876295,1.304195817378185,0.22882208,0.015298498,0.4829931126798558,1.2944840216280582,0.19374833,0.019627547,idle
0.39032346541249274,0.3324709590674795,-0.108458385,0.9997723,0.3719597564586875,0.31204811245461955,-0.08448624,0.9997846,0.39449912296307366,0.3074598300998018,-0.072939835,0.99974495,0.35113106532659144,0.3194674648420046,0.048818693,0.99978966,0.4102227223056639,0.3287917719900824,0.10288848,0.9997699,0.3742856553300842,0.3642792841210607,-0.059457175,0.9990367,0.4076746209968871,0.35419914933239793,-0.04497709,0.9984867,0.30092687966976595,0.43492644608457065,0.056270756,0.9993277,0.4635922580480514,0.44880855898147554,0.15147787,0.9991866,0.29557101431809474,0.5897527189155188,-0.20473936,0.99936545,0.4819932588326171,0.620407392924825,-0.045803756,0.9970991,0.4917797657827151,0.4800065977116875,-0.33761233,0.99907714,0.3823032608533343,0.4477898376375843,-0.46319595,0.9995299,0.4359168028287448,0.7709629835156612,0.001512824,0.9999171,0.33836114598157685,0.7716239989014508,-0.0011502237,0.9999341,0.460242543548564,1.0385005778275047,-0.040352926,0.8808442,0.34108096225569606,1.0452228569398685,-0.075376086,0.8104224,0.331996416872989,1.2808046456471633,0.20602818,0.01662543,0.4720198025838267,1.2643273316533543,0.17492001,0.031176042,0.32357344302848856,1.3072480553048358,0.22902556,0.015200468,0.47652948812191376,1.293869719715286,0.19174817,0.020421924,idle
0.3854049554413831,0.3340266934777441,-0.13230595,0.9997897,0.36424533966670913,0.3204842539557279,-0.11023404,0.9998014,0.4002431010613142,0.30903264953591797,-0.09656947,0.9997637,0.342788549607959,0.3292480999846825,0.022441203,0.9998068,0.4177699306027133,0.3149929881073279,0.085091196,0.99978644,0.37861170783516385,0.3655435878331056,-0.08312956,0.99911416,0.3952400171653998,0.3583178406406808,-0.0659932,0.99860245,0.2994802220288769,0.4439709433757461,0.027354533,0.9993691,0.44724270735152927,0.4404365363979345,0.15099412,0.99921596,0.2830586558213233,0.5904314152270626,-0.23464362,0.99939555,0.4845095160224533,0.6260631372022173,-0.048109878,0.99709487,0.5200264973566364,0.47715178571572603,-0.3795739,0.9991027,0.380469910367224,0.4560965684178423,-0.49328685,0.99955773,0.43898343044902977,0.7675333990554505,0.005064818,0.9999195,0.3382701777718625,0.7772617081323607,-0.0047346954,0.9999364,0.4691622351073206,1.0394261522918458,-0.03565892,0.8852816,0.3410395239675632,1.0408306101118467,-0.07534114,0.8166335,0.3200092332776133,1.2746833637823776,0.24422464,0.017022483,0.47240636024111593,1.2604625018986313,0.20356038,0.033320025,0.33222600802299673,1.3002699076771298,0.271436,0.015321224,0.4747036563400433,1.292922816657753,0.22321227,0.021430526,punch
0.39748154894128485,0.3384723043048318,-0.12998301,0.99980545,0.3681833194953523,0.3089106775095451,-0.10917203,0.9998162,0.398722626968241,0.31484651812147124,-0.09396319,0.99977946,0.34328007586270715,0.3272846435585909,0.017933067,0.9998223,0.4165883701356231,0.3260410937132341,0.08588294,0.9997986,0.37800871624350185,0.3549420576750392,-0.082615,0.99918884,0.3880174889345913,0.3523330670731043,-0.06339554,0.9987122,0.29651594928535796,0.4413535653555669,0.01677493,0.99941427,0.4595104829046529,0.44948691416652464,0.17361023,0.99924,0.2878595907674024,0.5947726836885376,-0.2349396,0.99942,0.49274597187578606,0.6152711874653767,-0.004412926,0.99684393,0.5252115160578422,0.47697344613534787,-0.36341003,0.9990723,0.38230212984414813,0.4588980577236505,-0.47487274,0.99958086,0.4340170659215419,0.759067928098987,0.010746492,0.9999165,0.34356446506244287,0.764725236044274,-0.010444507,0.9999351,0.4582284924688569,1.0355507199224847,-0.046779133,0.8890996,0.33973652371188656,1.0367872111820327,-0.0901661,0.8224549,0.33052754316920097,1.2723394336768235,0.23622672,0.01915616,0.4800072307868277,1.2613631185355059,0.19923224,0.03936838,0.3222092466107591,1.302214143837906,0.26370463,0.016495349,0.48443015505145015,1.2882796410348218,0.22043106,0.023755655,punch
0.3854643209100942,0.3318527299768496,-0.14716107,0.99982035,0.3630823048729924,0.3130358144778233,-0.124064885,0.9998304,0.40141068374206423,0.31361952317287245,-0.11399536,0.9997915,0.3562841728696008,0.32671872164752463,0.01318975,0.9998365,0.4148069517869878,0.32060907671158684,0.057896055,0.9998109,0.3726357042421068,0.35895960393987536,-0.09584834,0.9992637,0.4023622621160482,0.346638965317794,-0.08353688,0.99882764,0.2989031946620524,0.4414160123963873,0.01885892,0.99945974,0.44811022622621677,0.4478151401507543,0.16594708,0.99927014,0.2887134525943884,0.5878382166279745,-0.23025453,0.99937606,0.5389967899662539,0.5216896999617822,0.15115711,0.99657565,0.6271581923925231,0.45854136618033886,-0.044625826,0.9987718,0.38034261486732646,0.4470423937218294,-0.5387421,0.99958104,0.44380391173841405,0.7652159214908406,0.010403383,0.99988633,0.330553671008335,0.7784873747603175,-0.010004767,0.99991715,0.47979013811595206,1.0343493645753463,-0.06513258,0.8916133,0.35255881013719914,1.0531763954980804,-0.08863063,0.8296368,0.32236444338899395,1.2687225236003703,0.23751028,0.03108589,0.4816435755920435,1.2616740034458485,0.1973345,0.05453565,0.31768638146270445,1.2887591519260428,0.26430655,0.023718351,0.4893466586644264,1.2909886088497287,0.21822071,0.028372271,punch
0.3825462241875981,0.3385127185606832,-0.18939297,0.9998348,0.3727504158695638,0.3101851269470846,-0.16566351,0.99984384,0.4026582228045974,0.3122352002870919,-0.16022609,0.99980396,0.35561479196494516,0.33110220970402604,-0.019971631,0.99984974,0.410732584481705,0.3189824617287351,0.0017691804,0.99982446,0.3675191583345516,0.350162103915861,-0.13437262,0.9993331,0.39773864535574943,0.3503962328582066,-0.1284044,0.9989369,0.30160748380109015,0.43316211260302717,-0.0045430823,0.9994989,0.4544466470375401,0.4438606337639223,0.113805935,0.99930274,0.29670189220787824,0.5750807404023663,-0.2276226,0.9992997,0.5600562416640363,0.4862092541855702,0.1622911,0.99647766,0.6698964977799404,0.44327060804184415,0.036360368,0.9983142,0.3845236644898349,0.46071337958981995,-0.5414558,0.9995698,0.44679780061631313,0.7631649858072632,0.0099964775,0.9998272,0.34584905286867007,0.7716319997383589,-0.009687521,0.9998692,0.4759951105452478,1.0400381375820322,-0.062196087,0.8911421,0.3449625020567909,1.0466885633776273,-0.057581447,0.83344305,0.33313293917499465,1.25270161990048,0.26200694,0.041552268,0.4876181341362603,1.2522899002534311,0.20379508,0.06562838,0.3394953660745571,1.2906699448296572,0.28837168,0.032168336,0.4992842971106626,1.2898360399883273,0.22558704,0.03278588,punch
0.3880319529944467,0.3353530554330609,-0.20660989,0.99984837,0.36080836305609776,0.3156828859469614,-0.18307601,0.99985635,0.3990939566136492,0.3161787596887301,-0.17741095,0.9998156,0.36156865870068744,0.32523886728596874,-0.03446009,0.99986213,0.4149348821695641,0.3166093727238404,-0.012736091,0.99983734,0.376385300913167,0.35249573999031214,-0.15019056,0.9993968,0.3981663343855445,0.3667852124504785,-0.14431645,0.9990381,0.30761773570134,0.44361976317518365,-0.02071158,0.9995381,0.4520595428069404,0.44499371267633725,0.10752437,0.99934316,0.2987999758127219,0.5700166505493511,-0.24168432,0.9992132,0.5755759339500017,0.4589153373811435,0.17434888,0.99641985,0.689021179837559,0.450872423981036,0.05628235,0.99770385,0.3901942696530304,0.44665558663084065,-0.5602787,0.99955845,0.4480781936683489,0.7646790122890385,0.009272022,0.99976623,0.34415326700621995,0.76991909416515,-0.008925637,0.9998157,0.47753496047540445,1.0412022905087348,-0.07578363,0.89236104,0.3616755443882733,1.050730812342703,-0.060294766,0.8389881,0.3381608458255715,1.2571399784422457,0.25404328,0.056646097,0.48569579486543746,1.2481849804972247,0.2021691,0.08158337,0.34010667666284056,1.2757785216396795,0.27958298,0.042401433,0.48418495549873763,1.2826820686495435,0.22203831,0.038963765,punch
0.39268333215219253,0.3444157711425562,-0.2182323,0.9998613,0.3721287015162372,0.30729633328156325,-0.19451177,0.99986833,0.396675969677039,0.3110976536158595,-0.18826371,0.99982774,0.3543821327632475,0.32381363669704916,-0.045369994,0.99987394,0.4007477513319714,0.32091807101601505,-0.022088524,0.9998499,0.3611092389107883,0.35337139446491767,-0.16192982,0.99945474,0.3943327875256728,0.3503592533842066,-0.15562049,0.99913025,0.30699889255052315,0.4414864508433716,-0.036221575,0.9995753,0.4613806701728689,0.43536820256418773,0.10293748,0.9993807,0.3087237553169969,0.5739424407378906,-0.25612965,0.9991524,0.5841974115072526,0.46779720953269405,0.17052212,0.996408,0.6984793724902687,0.44746540052446426,0.055490058,0.99710345,0.395509658845831,0.4519867368153183,-0.57115984,0.9995554,0.44601119896077646,0.7667573198379903,0.00872652,0.99972296,0.3538776914499572,0.7711502406663491,-0.008418678,0.9997815,0.4829769420874025,1.0418384636118152,-0.08018811,0.8940185,0.3629874546362162,1.0424860693077669,-0.06228915,0.8446827,0.34158763622893085,1.2567947873488885,0.25113574,0.06944023,0.485687803925993,1.2462059293647134,0.19973658,0.09467142,0.3460634432495532,1.2704222992353627,0.27737838,0.051654693,0.4842684311331399,1.2859860297153944,0.21954903,0.044381388,punch
0.3797241505024198,0.32980326704798374,-0.19173118,0.9998737,0.3685599489191357,0.3174181765240023,-0.16856326,0.99988,0.40225356223086606,0.3033386086029053,-0.16060275,0.99984103,0.3464543130014798,0.33230561854899654,-0.026268106,0.99988526,0.41413056470674914,0.331591383480589,0.006769173,0.9998625,0.3733446605976737,0.35843292493970125,-0.13812451,0.9995072,0.4148685370613212,0.35298836964679914,-0.1291773,0.9992136,0.3124490516905273,0.4471679068074946,-0.018347815,0.99961025,0.46148467643540647,0.43302291780581353,0.111022845,0.99941975,0.30112207084044174,0.5705011353204246,-0.24591053,0.99915403,0.5715206610375353,0.46129716668162446,0.19673933,0.99642414,0.6863644500939132,0.4528449138629909,0.08508578,0.996826,0.4096211544243272,0.45007049753937345,-0.54852337,0.99957025,0.4505781314152735,0.7627885662080904,0.008374145,0.9997141,0.35202538486209634,0.767551773542117,-0.008092241,0.999776,0.47584594248644085,1.039014536430075,-0.08397446,0.89576936,0.3665895425634096,1.0371445530676477,-0.06387247,0.85025936,0.34086474712410686,1.2556826398595136,0.25657538,0.075714484,0.5018881448839376,1.246721786932908,0.19984826,0.10159982,0.3481478466332717,1.2785334361473197,0.28429657,0.05573958,0.4908106037056744,1.2768047574072017,0.22177956,0.047404874,punch
0.3810645406671568,0.3307156906673068,-0.20444539,0.999885,0.36271129355402065,0.30710395288778675,-0.18112698,0.9998907,0.4002565722559013,0.3057721586617285,-0.17172009,0.9998532,0.3604501618457667,0.32563363400520534,-0.040106725,0.9998956,0.41953274259510887,0.3182751009236045,-0.001996942,0.9998739,0.3733827240874308,0.3635808753788259,-0.1519644,0.99955463,0.39930598443011267,0.3547799411114624,-0.14144173,0.99928886,0.30073763317445934,0.44730977384286835,-0.03782569,0.99964094,0.46701782944722514,0.4383883578437517,0.1130273,0.99945575,0.3114553854303619,0.5839895919306348,-0.25936314,0.99916226,0.5851416553662248,0.470335220891268,0.19030094,0.9964967,0.6855993762932542,0.45566987786212093,0.07460515,0.9967261,0.41563850334029206,0.4442275080012923,-0.5595938,0.99958956,0.4590474844180036,0.7693137789973198,0.008954585,0.99970895,0.362157837599556,0.7816557459425477,-0.008725236,0.99977285,0.4751384635160517,1.0481971103983425,-0.07822506,0.8980339,0.368895702549612,1.0454135106922537,-0.067384526,0.85439664,0.3377620754935018,1.2564933606301962,0.26905715,0.07971129,0.48276698302218735,1.2616357401012035,0.21150585,0.10703667,0.34757853537419314,1.2729285560885495,0.29901427,0.0590802,0.4886722201981004,1.2866487271554823,0.23540375,0.04962462,punch
0.3908865997805152,0.3305332943904804,-0.19362953,0.99989504,0.3740533551665338,0.3147524789140643,-0.17045125,0.99990004,0.40392327092908853,0.3063241236903179,-0.16148199,0.9998636,0.3635884553547628,0.33641304142158096,-0.03181024,0.99990463,0.4140877700965401,0.3222236635528241,0.004129177,0.9998836,0.3816415750912975,0.3635666013075767,-0.14204173,0.99959666,0.3932212078105133,0.3574783820835048,-0.13195321,0.99935514,0.30802879057543564,0.4462630253597392,-0.031996775,0.9996685,0.46750762110892397,0.4360461864028007,0.115121566,0.99948585,0.3180363194253619,0.5794911977883491,-0.25152636,0.99916536,0.580986068703534,0.47689619722253845,0.1925742,0.9965128,0.6928678456280639,0.45048986834033744,0.08538721,0.99654317,0.4118853089812293,0.4423264717895719,-0.54988456,0.9996015,0.44528354830555117,0.7602379650425964,0.009546145,0.9996979,0.35685847694186845,0.7652919665987015,-0.009320756,0.9997661,0.4748221279735574,1.035032482259855,-0.07702351,0.89856935,0.3669397840869011,1.0401378180117906,-0.063535646,0.8574451,0.3473080143308067,1.2506525666192783,0.26678023,0.08207311,0.47959568651217954,1.2480189679149227,0.21118602,0.10785856,0.3544318072287831,1.276703960535536,0.29582146,0.062484063,0.490808186454489,1.2775120351048523,0.23589353,0.051330414,punch
0.39094971415922886,0.32008974877930324,-0.18982002,0.9999031,0.37660486098894164,0.31087893171124775,-0.16622303,0.99990755,0.405653321549313,0.31140513520983953,-0.15727839,0.9998706,0.36569381611968743,0.32968879715063637,-0.027763035,0.99991184,0.41370634515156124,0.31797313732640403,0.008998511,0.9998898,0.38032995305966155,0.34520018221146714,-0.138571,0.9996331,0.4064144863103204,0.3582662942874441,-0.12824798,0.99941176,0.30832351086395604,0.44957755591567605,-0.025052166,0.9996908,0.4712668748026867,0.44079467013607937,0.11682145,0.9995006,0.31030989900520445,0.5766936935381123,-0.2406834,0.9991536,0.5645708510097993,0.47958047095389006,0.19557796,0.996459,0.66939984879407,0.46646041719598935,0.078725636,0.99641645,0.4059069506937134,0.44247699067273727,-0.5326415,0.9996057,0.4548663491748899,0.7682580499610971,0.00996978,0.9996693,0.3554510945387518,0.7722841618534723,-0.009745202,0.99975103,0.4877819577697843,1.0266876872934119,-0.055872284,0.89713997,0.3605902537000899,1.0256193984025823,-0.07029062,0.8578412,0.3334163476800668,1.2438291997869846,0.27917847,0.085093684,0.48290203046237634,1.2387350848444225,0.23035745,0.112830825,0.34989714431872077,1.2691327089214077,0.3112194,0.06609901,0.49156753476877646,1.2640004742660864,0.25477156,0.053783022,punch
0.38622985815627875,0.3380027562164206,-0.18760073,0.9999074,0.37612802953165936,0.31149511010967507,-0.16367406,0.9999118,0.4037928664011241,0.30798755488350305,-0.15580119,0.9998718,0.35444430254416426,0.32667886667306223,-0.027028045,0.9999162,0.41961361110934225,0.3174143219310583,0.016294863,0.99988997,0.38075267946439706,0.3607754983315706,-0.13538957,0.99966145,0.4183571893095124,0.3559603655146536,-0.12653369,0.99945396,0.30621124156239954,0.4438101471221248,-0.027780822,0.9997044,0.46349407266846543,0.44227560549556266,0.13927172,0.99949956,0.3143530073794448,0.5844852724744226,-0.25141492,0.999129,0.5495692813422964,0.5199875919609601,0.18999355,0.9958101,0.6722254531820947,0.450028055087968,0.030199837,0.9962535,0.41093063584579004,0.4463791799740868,-0.5329767,0.9995944,0.4648041245643837,0.768860491439688,0.01571476,0.9996388,0.35663161950433353,0.7749910118999891,-0.015449753,0.9997352,0.4824278745561562,1.035830723476331,-0.05255862,0.8919215,0.36251506588432725,1.0282773248107435,-0.083036974,0.8542195,0.34373690649484023,1.2377544890554373,0.24337026,0.08708381,0.4952789034020382,1.2483264455287917,0.19990385,0.11770413,0.339405154359516,1.2757669258944202,0.271648,0.06784359,0.4841653034410459,1.2665523980102638,0.2184169,0.056062542,punch
0.4010839626756516,0.326467640154079,-0.16634256,0.99991155,0.38121629026687376,0.31223743268031995,-0.14428227,0.99991614,0.41172567225189893,0.3098786328760917,-0.13173473,0.9998732,0.3610963071360376,0.3324802391408824,-0.022366177,0.9999206,0.4249718771431439,0.3235737315587261,0.035910036,0.9998896,0.38553427453893174,0.3534863949061388,-0.12132826,0.99968755,0.41204578142744797,0.3476624670442704,-0.10609251,0.9994905,0.31082415015988796,0.4493094967724111,-0.0243777,0.99971914,0.4698940540867551,0.43694771475677646,0.1563876,0.9994858,0.3208715468807749,0.5755248071637307,-0.24487226,0.9990818,0.5499771963549391,0.530402886900723,0.19566227,0.9946931,0.6427783505357341,0.47163168269104594,0.031407274,0.99594027,0.41902641334350244,0.44159864572946145,-0.49819976,0.99957466,0.4541764315689487,0.7595679603364016,0.019558879,0.99962634,0.3644750255496586,0.7670811881255621,-0.019279506,0.999734,0.48885174946661214,1.028656219105055,-0.04899623,0.89106524,0.36763492557598787,1.0405223067614477,-0.09400423,0.85585326,0.35448931270105677,1.2367726070792675,0.21903189,0.09211182,0.48591191984374127,1.2327289747646002,0.20362568,0.12202328,0.3405855812546318,1.2656930070827186,0.24562946,0.06961716,0.48116885396528875,1.258958293485625,0.22336712,0.057673812,punch
0.39865124247673356,0.3259329185644686,-0.18328206,0.9999138,0.38413000720945945,0.3011914044222085,-0.16146512,0.99991894,0.4132943687967622,0.2998833424259604,-0.14797796,0.9998733,0.3725529451808317,0.32837486219374573,-0.032428842,0.9999245,0.4223819044485274,0.3142945800207517,0.027465543,0.9998873,0.38214016188876077,0.3487459155648473,-0.13553645,0.9997098,0.41176738258877155,0.3391967511697607,-0.11911507,0.9995204,0.3295562834050597,0.4429742270485898,-0.031709455,0.99973094,0.46802570428887735,0.4398722539824106,0.15104726,0.99946296,0.3061662698198594,0.5724581967968638,-0.26057637,0.99904734,0.5314256856188972,0.5550273073399057,0.10387006,0.9925831,0.5954788399665404,0.48562957505217813,-0.18838695,0.995433,0.4074500624626497,0.4444456675795484,-0.50773513,0.99953717,0.4602884475461806,0.7618414681168559,0.022314847,0.9996139,0.3575191850489471,0.7688630705349881,-0.022014204,0.9997318,0.4853912272145555,1.0239526858486334,-0.047398947,0.8874982,0.3650259982836208,1.0209553411708712,-0.09609735,0.8563651,0.3446764098341647,1.2312509980664046,0.22486973,0.09605864,0.49706346012554403,1.2297208079728152,0.20533176,0.12659186,0.33954981563176934,1.2567117150016753,0.251733,0.070760086,0.4903225281809529,1.2632185036407013,0.22497065,0.060174882,punch
0.40678250373382463,0.32674645794912505,-0.2037714,0.99989545,0.37135117168621434,0.29914968219745347,-0.18347529,0.9999045,0.4088604644260214,0.3013185927991179,-0.1698061,0.99983406,0.3631557475989958,0.3266940795842355,-0.05238874,0.9999165,0.41917659727863543,0.3202382706192235,0.0083459085,0.99983484,0.3797646691026987,0.3594869977480192,-0.15441546,0.9997079,0.4164567293229996,0.35479777844383753,-0.13754754,0.9994877,0.31771365114966144,0.4429988984810953,-0.04836894,0.9997265,0.4686382622828915,0.44248267277637615,0.14172174,0.9993666,0.3094234530139587,0.5780525150954342,-0.2882102,0.9989744,0.520935834212856,0.5751412110148058,0.064320624,0.9878646,0.5833823118103891,0.46935095545328176,-0.23335226,0.99412334,0.41590047021019794,0.4388064335392241,-0.5402611,0.99946165,0.46011816688245033,0.7616100750164855,0.023703847,0.9995671,0.3591805172376512,0.7677314637602723,-0.023377229,0.9997086,0.4846853433304099,1.028618330390118,-0.04770927,0.88048524,0.3686894651004955,1.0250074568080207,-0.103608966,0.85175663,0.345749022039997,1.2295317947916278,0.22220108,0.09706935,0.4930075679141609,1.22692425851026,0.20589764,0.12890409,0.33786168055864974,1.2474682590470711,0.24926467,0.07150897,0.48649114007882666,1.2501956315598202,0.22556317,0.061944302,punch
0.39373886577860284,0.32602186745144135,-0.19994406,0.99988765,0.3814915634512691,0.31097916651995533,-0.17902282,0.9998983,0.4118049266375353,0.31534453599142814,-0.16546574,0.99982125,0.36709788226345064,0.322970790226438,-0.04667612,0.9999139,0.42701379970987197,0.318163707486658,0.011224175,0.9998146,0.38613791785071905,0.3487373772397131,-0.15033676,0.999708,0.4085530278524404,0.34675489606441523,-0.13362381,0.9994663,0.3032232493003659,0.4438390955550613,-0.04425525,0.99972254,0.46007881744706913,0.44354376682922125,0.13762578,0.9993185,0.3158311759732205,0.5797741837051911,-0.28635615,0.9989756,0.5137313184256763,0.5928626186737064,0.0020984786,0.9864105,0.5638239533124949,0.484839554213661,-0.34806857,0.9940307,0.41480387554885545,0.4435470497060002,-0.5385543,0.9994371,0.46113072553747947,0.7627094407482276,0.023779128,0.99956936,0.3752311659051911,0.7678912821368029,-0.023481514,0.99971366,0.4880342842653205,1.0209403500236212,-0.041442715,0.8739261,0.36404232455803487,1.0233088361157074,-0.10331241,0.84389764,0.3468014609629809,1.2251488853908208,0.23977938,0.09236641,0.4928386051081872,1.2248177193856473,0.2176596,0.12546918,0.34092121515522,1.2543639911098674,0.2705875,0.068969384,0.4922193464362389,1.2472091970695134,0.23906326,0.06113381,punch
0.3946149921429818,0.32482383109699287,-0.19716237,0.9998922,0.3709600780699728,0.3130070489260076,-0.17687629,0.99990284,0.4192115991312868,0.3061647334600128,-0.16271263,0.99983007,0.3566288572878694,0.32397163779613103,-0.046726592,0.9999187,0.4293237196830534,0.3209197464304763,0.012446186,0.9998241,0.38644296553662205,0.34935673471390705,-0.14808321,0.9997236,0.4068619844939839,0.3483274796826273,-0.13091525,0.9994902,0.32015712740453073,0.4373372870285973,-0.042335186,0.99972373,0.4716311599674432,0.44158480066699696,0.13459966,0.999331,0.3200959852308185,0.5886925108340233,-0.28136253,0.99902624,0.5075188318591243,0.6097293173440695,-0.030906955,0.9868555,0.554309887104859,0.47967517996128756,-0.39378276,0.99443805,0.4145469894136228,0.4407204630634629,-0.5278843,0.999456,0.46365843628193226,0.7652002458153571,0.023991885,0.99959946,0.3599362800201641,0.772867324101056,-0.023667116,0.99973416,0.49355931831464217,1.0343232121567596,-0.02101812,0.8756756,0.37354131751770303,1.0324988816147294,-0.106165364,0.8458847,0.3450465634482258,1.2449086988396179,0.22598228,0.086956225,0.49675757427062095,1.2396519574495526,0.2582291,0.11932204,0.3396979506039314,1.287013894732153,0.2545878,0.0655577,0.49834877115973664,1.266282430782636,0.28266189,0.05960197,punch
0.3954006818595892,0.33986623108090513,-0.17862132,0.99989533,0.3818239192116165,0.3184147246069204,-0.15922579,0.99990594,0.4175770613555506,0.30677984896931376,-0.14394066,0.99983746,0.35778259311666405,0.3192896213675774,-0.029722711,0.99992234,0.42627357410419897,0.31242038517850357,0.038194872,0.99983186,0.3887127833359546,0.3550168959891267,-0.12928687,0.9997302,0.41418166524271927,0.35561693665522176,-0.110118404,0.9995,0.31460125013838325,0.4365736382169225,-0.031346146,0.99972224,0.46440361406191477,0.4500205600200598,0.13613841,0.99934226,0.3176779274508884,0.5859091778954358,-0.27554396,0.99906284,0.513490563029882,0.6046326952537223,-0.060058158,0.98725337,0.5193616930586875,0.49098725060249687,-0.4400673,0.9947793,0.40553670190761615,0.445971998195754,-0.5092024,0.9994627,0.457150858252906,0.7721046705197536,0.023918724,0.9996299,0.35426524358811395,0.7764386964675629,-0.02358458,0.99975413,0.48494423589826574,1.0237666819016575,-0.018432062,0.8769938,0.37163369651087963,1.0323211766680518,-0.105049394,0.84802645,0.34752161578557006,1.2560739046631832,0.22741883,0.08176377,0.49156283490319097,1.2500462433018742,0.25383857,0.1135376,0.3454605866345781,1.286381114861663,0.2557651,0.06203591,0.481755690026085,1.2669864526914227,0.27750647,0.057884566,punch
0.3901667415024568,0.33263322216682756,-0.13240977,0.99989724,0.38456979453929974,0.3099909719717103,-0.11038874,0.99990785,0.4072229816263364,0.3111728090472038,-0.09879779,0.9998432,0.35922194687859954,0.32573180175825667,0.024873003,0.99992454,0.43059377561340173,0.3138717914646395,0.07597746,0.99983805,0.37602787804645166,0.35571327324059693,-0.08124318,0.99972886,0.4076368367573927,0.3495885200837477,-0.06703524,0.9994991,0.3266016899898977,0.45171865046069315,0.018609576,0.99971074,0.4643568401546039,0.4454268021513266,0.14023945,0.99933565,0.3146717308237401,0.5758212302552781,-0.24322884,0.99905187,0.5004452394535728,0.6036913912543773,-0.09838089,0.98734474,0.5093019093575571,0.4732679986314772,-0.46593037,0.9948576,0.40833678353937863,0.4397610126071036,-0.46637264,0.9994344,0.4669404786929925,0.7677162000792953,0.021838207,0.9996532,0.3604780682728379,0.766688289469284,-0.021468412,0.9997687,0.4899012176126675,1.0307414111954476,-0.027187804,0.8767883,0.3638478802811582,1.0288373507380797,-0.10350561,0.8471597,0.34501840249422766,1.2427082215788805,0.21061666,0.07701601,0.4857839530387772,1.2420863196007303,0.22148427,0.108215265,0.34033917401276137,1.271774738748243,0.23670952,0.058985144,0.47786678663228455,1.267338691720662,0.2436352,0.056217644,punch
0.397324403327736,0.33166720088100865,-0.11132777,0.9998968,0.3788618928472267,0.31397330688560593,-0.08813436,0.9999069,0.41419096471740846,0.2993834457610334,-0.07814863,0.9998459,0.36627849359628484,0.3268941095452892,0.04768456,0.999924,0.4232695810660666,0.31977668390740255,0.09181206,0.99984205,0.38019996368298403,0.3494181764690099,-0.060060818,0.99971724,0.4131868274173086,0.35246279853757057,-0.047856055,0.999484,0.31534804511655734,0.4400150216319827,0.042610053,0.999701,0.47032433135640483,0.4477626853629362,0.14314088,0.99934554,0.32407800160706335,0.5794577235496047,-0.21473046,0.9990628,0.5020077195912136,0.6151319961009976,-0.08828525,0.98789185,0.5019608677644289,0.47922425539270896,-0.4250791,0.995151,0.4116983641687366,0.4437239635637118,-0.43358678,0.9994257,0.46556315875756604,0.7684425631552123,0.01734693,0.99967533,0.3583480808126642,0.7771625528463585,-0.016955892,0.9997825,0.49628981418656004,1.0350960776532505,-0.044670764,0.87669915,0.3813912598002721,1.0219578948141756,-0.10168703,0.8458616,0.34324745171153836,1.2467394474562477,0.21266866,0.072014764,0.47694457809493906,1.2468350310676377,0.20997278,0.10218405,0.34256505618266797,1.2724306196495394,0.23925476,0.05573383,0.4892753091145702,1.265795795549155,0.2328355,0.053978138,punch
0.4101891503677151,0.33148665353967594,-0.1131738,0.9998876,0.38504237067465386,0.3164280359454325,-0.090493836,0.9998951,0.4075986108272328,0.30706810423554254,-0.07982628,0.9998356,0.36582975919225924,0.32727370480156925,0.04125196,0.9999111,0.4294487062430341,0.31953250285481777,0.08837236,0.9998294,0.38340779447383777,0.3555685147946451,-0.06363584,0.99967986,0.4168257521637966,0.353307316924338,-0.050473463,0.9994346,0.32550210806647273,0.43830127929447843,0.04230356,0.99966955,0.4659811904972794,0.4519615918955229,0.14547837,0.9993376,0.32342648067620494,0.583352788668595,-0.19161904,0.9989642,0.5004226630714643,0.6209781144677142,-0.06051571,0.9881038,0.5025585748031892,0.4885443874758986,-0.3716567,0.9952881,0.40462820042709124,0.45438970160802805,-0.39719975,0.9993356,0.4571772906634668,0.7581552469391907,0.016776431,0.99968183,0.35779825021942635,0.7654940152572021,-0.016394127,0.999783,0.48486347856175704,1.0175128589763862,-0.047122344,0.87271345,0.3692580010162998,1.0232499783250986,-0.10099504,0.8397041,0.34460030071587366,1.2353076822084685,0.20324251,0.06897125,0.4889429517727817,1.2255487037988932,0.19576767,0.09883308,0.3352667334691374,1.2491771964856024,0.22899039,0.053947844,0.4847652103527207,1.2533938019712396,0.21720794,0.052968618,punch
0.3897178523493414,0.33652412386807434,-0.12002506,0.99987084,0.37698113381074283,0.3167917957930548,-0.09763471,0.999872,0.4145959288020058,0.30671302888243057,-0.085531816,0.99980813,0.3668068143162848,0.318203621795858,0.0322429,0.99988097,0.41878801096789553,0.32165028918773986,0.085587926,0.99978745,0.38956180300501486,0.36871867982015916,-0.071397014,0.99963236,0.39954944894759303,0.353103282273639,-0.05647741,0.99936604,0.3110627919796476,0.44145462862684326,0.038832493,0.9996299,0.47316988271959914,0.45009664895964696,0.14912637,0.99931276,0.31904136752375467,0.5785666143737791,-0.19698732,0.9987968,0.498530513268043,0.6232195256218519,-0.046655778,0.9876291,0.4951529900161441,0.489126549236412,-0.36295536,0.9951999,0.414132285626986,0.4479204148223808,-0.4124168,0.99921674,0.4647210671978419,0.7608016468538483,0.016539777,0.9996872,0.35371546780285046,0.7698837664371819,-0.01618696,0.99977964,0.48089070364314657,1.0193992033898145,-0.06624786,0.87126535,0.37862984537283895,1.0198162263154815,-0.09900597,0.8366196,0.33876984251176867,1.2226653667911433,0.2079384,0.06952752,0.48781589159762895,1.2142038025635122,0.15906695,0.10128363,0.33028410444402,1.2528839683465414,0.23432997,0.054110788,0.4856441963418132,1.2320174019070762,0.17821555,0.0539598,punch
0.4072349190875243,0.33456674817005355,-0.12268263,0.9998688,0.38019551386351436,0.31237707301978973,-0.10202887,0.99986976,0.4178511682920458,0.30551770752215646,-0.08779476,0.9998089,0.3596964651409955,0.3247313840252956,0.026090208,0.9998796,0.4214908984959215,0.3211865567505886,0.090710804,0.999791,0.3815472444483985,0.3591634287166381,-0.074463226,0.9996121,0.407701569771325,0.3496799152905484,-0.056321643,0.99932927,0.3077748229119367,0.43899748525261223,0.031236593,0.99961895,0.46334584217942765,0.43821441309309245,0.15398794,0.9993326,0.3165086402620383,0.5776206868076641,-0.20502087,0.9988568,0.49812009456170137,0.6367444516296933,-0.037865236,0.9885018,0.4928749604470454,0.48119863734800294,-0.34422326,0.99559015,0.41405886996411634,0.4477218353809986,-0.42290482,0.99924684,0.46167263973524386,0.7653959028341097,0.016645057,0.9997131,0.35768119549115096,0.7681675831146627,-0.016297463,0.9997976,0.48233659687683195,1.0145360318989283,-0.04558508,0.87320614,0.36438580323871184,1.0315669598972146,-0.10547694,0.83552474,0.33978512111537085,1.2481862330003852,0.21083274,0.06425057,0.4791039187126017,1.2253238823014372,0.2390275,0.09463039,0.3385336080555068,1.2804008110837368,0.23698089,0.05031738,0.48614651867468806,1.2502553026484142,0.26521328,0.051021636,punch
0.3887058503050471,0.3353547655127639,-0.11588333,0.99986446,0.37581457033024757,0.3106799520584478,-0.09329732,0.99986625,0.411288242607463,0.30611291294779713,-0.08158392,0.9998087,0.3562764830065418,0.3231235857117486,0.04088751,0.9998777,0.42733382426233724,0.3218478321896674,0.093954936,0.9997962,0.3844329184617643,0.3523722034742419,-0.0653898,0.9995926,0.4052925245406731,0.35956424844195956,-0.050611764,0.99930584,0.30386405574371267,0.4357598259121886,0.04579489,0.9995999,0.47118536702420966,0.4397426930229991,0.15347865,0.99934465,0.30691127688014863,0.5879759992535935,-0.20006903,0.9988647,0.4960895442477171,0.6264076273264853,-0.049529385,0.98921645,0.48293076146408953,0.47863721148870725,-0.3504892,0.99591553,0.40630487835796936,0.4401436545156858,-0.41988096,0.99924,0.4452124900507275,0.7592797159486759,0.015067552,0.99973506,0.3555657434492139,0.7689635156174226,-0.014714317,0.9998126,0.47890005502759847,1.024608152210393,-0.042122964,0.87442577,0.3607142223437262,1.0312907996617928,-0.10155016,0.8337536,0.3376594119628473,1.2566283898471775,0.22947471,0.059805125,0.485158522757004,1.2381118360258678,0.23766406,0.08964252,0.3238131146819383,1.2919551189159335,0.25796035,0.047054615,0.48488866425060706,1.2569610404375864,0.26247066,0.04862103,punch
0.3959210548750849,0.32991647392188594,-0.115159,0.99985623,0.3753389210151312,0.30890778702458727,-0.09192737,0.99985886,0.40924277305277035,0.30245493662058137,-0.08207405,0.9998046,0.3689890189417597,0.328001055419734,0.044237956,0.9998712,0.4182139137153249,0.3158392405059309,0.08931377,0.9997985,0.379045300817739,0.36240771587112686,-0.063893005,0.9995658,0.4018166378885769,0.35283881735764194,-0.051568795,0.9992785,0.3174021388603685,0.43264193639915066,0.05115549,0.9995732,0.4711149508400069,0.4474681536110239,0.1486856,0.99934524,0.31539748166919124,0.5861072841661642,-0.19982655,0.99884224,0.49616512355656717,0.6290340910978501,-0.065214515,0.9898843,0.48908871751518734,0.47524713534104196,-0.35808858,0.99622345,0.4011231632238835,0.44727382024977874,-0.42672104,0.9992319,0.44395018369754924,0.7669345760921247,0.0099393735,0.99975455,0.34817102385453536,0.7688001843587126,-0.009607004,0.9998261,0.47615094472005337,1.0163536196388592,-0.038520582,0.8722837,0.3631166502074513,1.0279039777575456,-0.09860063,0.82669544,0.33122970160048415,1.2574934383046674,0.22923931,0.055459443,0.4868044406682128,1.248734750438743,0.23197535,0.084920384,0.339328254307673,1.2900766744616823,0.25740945,0.043819826,0.4886800190276268,1.265965611269204,0.25570303,0.046032477,punch
0.3968344082985057,0.3352110154619214,-0.119934335,0.9998499,0.3753397230854293,0.31539699962004114,-0.096849225,0.99985135,0.40888415872213846,0.30401943868855774,-0.086754166,0.9998018,0.35257697960655277,0.32811821902979454,0.03893333,0.99986356,0.4290303223217211,0.313888923586819,0.085850365,0.99980026,0.3733007432671619,0.353815113681461,-0.06900366,0.99952966,0.4018017699559886,0.3486423740811272,-0.0562734,0.99924093,0.31001968017192616,0.43977320238219175,0.045776296,0.99954236,0.46345758634152834,0.44247495796224756,0.13760634,0.9993397,0.31243855478973215,0.5799396676949186,-0.20451371,0.9988506,0.48682454421996524,0.6291898276240525,-0.07876034,0.99058175,0.4922981241157113,0.4852582287891592,-0.37578005,0.99652123,0.39404385150497145,0.4474948914712716,-0.4312585,0.9992387,0.4485555222172649,0.7676562795071551,0.0070910812,0.9997723,0.3530591865880709,0.7721389762023004,-0.0067847,0.99983835,0.4710487705955466,1.025320495173145,-0.034667104,0.8702905,0.35409871117869207,1.0376011745122824,-0.09270337,0.8207284,0.3329916659762364,1.2740989073854732,0.22762826,0.051612735,0.48100311471900326,1.2608423940184164,0.21907201,0.08094664,0.33149445930559496,1.3042905110187777,0.25444466,0.04104006,0.4806224532824249,1.2736756794879271,0.23905551,0.043985028,punch
0.39833647611554157,0.3416337272985928,-0.13387081,0.9998453,0.37383712045575324,0.3104631421326295,-0.11424551,0.9998462,0.4045181677631895,0.3108817872570888,-0.1019089,0.99979866,0.3543705909503593,0.32861192388049204,0.011717402,0.9998589,0.4181543875294351,0.3213293243914061,0.06973859,0.9997992,0.37945228747208004,0.3624988647518158,-0.08609683,0.999509,0.404142969654274,0.35150824563667166,-0.07011028,0.9992093,0.3066232934940559,0.4334187457464879,0.01797956,0.99950546,0.4649239977572077,0.4516515139160259,0.12534676,0.9993222,0.3038680864664909,0.5834100232207579,-0.21617404,0.9988325,0.4894651100814944,0.6356133353407135,-0.08272913,0.991096,0.4820002114037023,0.48412027910710503,-0.38235754,0.9967531,0.38911896077075037,0.45014884361026125,-0.4323894,0.99923486,0.4459010383243033,0.7651197619261174,0.0076181022,0.9997878,0.34972358471704956,0.7624746965288131,-0.0073092342,0.9998489,0.4788891830773824,1.0230915941273835,-0.011867166,0.8676854,0.33707319553905846,1.0407523340567295,-0.09207938,0.81166244,0.32733081970573774,1.2711058452953017,0.2115361,0.04788408,0.48140983959837014,1.2561401941465022,0.23001964,0.07686018,0.33204522273845183,1.302799259732526,0.23638768,0.038309515,0.47588132609560807,1.2803808371213388,0.25020537,0.041717086,punch
0.39846885470199733,0.3331999517423775,-0.12822513,0.999848,0.3715011844697671,0.3071567310211084,-0.110097446,0.99984777,0.40328305259219255,0.3147231883184373,-0.09613525,0.9998022,0.35344449949414347,0.3257275860805758,0.012749893,0.99986035,0.4226538309390204,0.31351299042665964,0.07658033,0.9998048,0.3686819094110755,0.354133682700212,-0.082120046,0.9995021,0.4056256076790812,0.3572505226361683,-0.06388542,0.9991963,0.30792197409817057,0.43554768774005126,0.018456308,0.99950063,0.46220478850235625,0.4440610500147821,0.12591863,0.9993325,0.3136394513291897,0.5734592859907417,-0.21398652,0.99888325,0.49979943784973446,0.6231836661302639,-0.07078511,0.99178123,0.4784389055481504,0.4780691148680689,-0.37056455,0.9970303,0.39428801495799837,0.4455394741081083,-0.4146413,0.9992806,0.448378081207637,0.7742071768457637,0.006207184,0.99980605,0.34881477966698826,0.7763080476928267,-0.0058125397,0.9998617,0.460665538443473,1.0413100016607593,-0.0058868383,0.8617149,0.3415235410139047,1.0375922861608502,-0.08884968,0.7932749,0.3338131200840462,1.27533208213205,0.21146119,0.043491755,0.48074590237793824,1.2567462840546193,0.2406307,0.0705143,0.32276375721823414,1.3113450303231486,0.2366581,0.034975022,0.4683573364036243,1.292889430070968,0.26177478,0.038369454,punch
0.3967677392224912,0.33311303802277814,-0.11159502,0.999849,0.3755212268460286,0.30641907945932384,-0.092383295,0.99984807,0.40283175928142534,0.31142490565276587,-0.07841079,0.9998045,0.3580011451215108,0.3247038580745749,0.026567683,0.9998606,0.4210728723017121,0.3173914380190379,0.09159654,0.9998086,0.3814367385968621,0.3510803699351569,-0.066828415,0.9994782,0.3999214328245859,0.3505504597780677,-0.048673943,0.9991604,0.3092195359384643,0.43409775031502446,0.023957897,0.99948704,0.46138491592054176,0.44412139205028767,0.13922474,0.99933225,0.3000343210977069,0.5809081153555875,-0.20875314,0.99893576,0.49575894042333624,0.6236550688286198,-0.067533895,0.99238575,0.4893639813142353,0.480249639493623,-0.34580427,0.9972757,0.39478271615830474,0.4387869474150189,-0.4026789,0.9993191,0.4453243089500776,0.7740753017520371,0.006474563,0.9998218,0.3425397429462099,0.7730439707101309,-0.006087459,0.99987245,0.4710585870442199,1.026785756164314,-0.012103619,0.86093485,0.34982009574929995,1.03823120759586,-0.07259951,0.78428596,0.322243535402274,1.2827910411665198,0.23171064,0.039745063,0.4758002773950526,1.2761356444214669,0.20430155,0.065516435,0.3134661789628008,1.312015687496386,0.25770348,0.03213755,0.4770879834187758,1.3044704164204104,0.2220798,0.035854172,punch
0.3893415560234651,0.3366366893367842,-0.114393994,0.99985373,0.37776957062263616,0.31961202042674375,-0.09434684,0.99985236,0.40888575757533396,0.3043446279375053,-0.080171995,0.9998117,0.34998846334303546,0.3186727588388611,0.026154066,0.99986386,0.4174485945594204,0.3172569334553802,0.09198095,0.99981576,0.3816904274858365,0.3583276501699066,-0.06916301,0.99946636,0.4000084488646949,0.34884510273686486,-0.051145174,0.99914193,0.30038291239517667,0.43510281577314514,0.022074027,0.9994672,0.45729650921646614,0.4363810661911408,0.14133278,0.99932796,0.305217333916426,0.587028620848585,-0.21655297,0.9989939,0.4864980503883084,0.6234377469337525,-0.065536514,0.9929368,0.492909415691242,0.48124190292786767,-0.35732937,0.99749523,0.39374750162203476,0.44511008805794183,-0.4044962,0.9993566,0.43866049269109,0.7740740046184544,0.006638671,0.9998368,0.33409625308236623,0.7754156059071727,-0.006272009,0.9998828,0.4679093516296775,1.0299105267588557,-0.016586179,0.86521363,0.3505754876954097,1.0521463368479644,-0.07384652,0.7862811,0.3262084595520631,1.291098142206963,0.23077238,0.03674442,0.4792421718392239,1.2753869136605203,0.20254607,0.06164833,0.3220935648053934,1.3140418777830887,0.2575132,0.029894156,0.4758020734197189,1.30341595743115,0.22148915,0.034047164,punch
0.3887235065596182,0.32966616827949924,-0.11661942,0.99985784,0.36362442288396124,0.3061016396220547,-0.09621823,0.99985546,0.41385841536891366,0.300126119812594,-0.08261598,0.9998171,0.3533118642993476,0.31770789655691944,0.024681099,0.9998664,0.41788579998004205,0.31242591934761,0.09017993,0.99982053,0.3776987184939091,0.3551193239558944,-0.06999859,0.9994547,0.39988232152109426,0.3581977989274953,-0.05321396,0.9991157,0.2990795518318873,0.44053143857132837,0.015638594,0.99944997,0.4582628398933022,0.44935781986534523,0.14116119,0.9993251,0.3049028679139735,0.5791089024925811,-0.22842285,0.99904287,0.48800688626073785,0.6243281086081234,-0.06800991,0.99342793,0.4873217774823295,0.47974376090744364,-0.36711934,0.9976967,0.38755224950724143,0.44352762975856386,-0.4273004,0.9993916,0.44069762727322337,0.7707574143032272,0.006817398,0.99985033,0.3465887867810791,0.779710564067693,-0.006452686,0.99989206,0.4666311410083772,1.0331644278835386,-0.01759567,0.8638654,0.3387268524693354,1.0449327876859733,-0.072929166,0.77783144,0.33062118330131884,1.2925947179033153,0.21921448,0.03364652,0.4679044995817002,1.2756265173471721,0.19649182,0.05731593,0.3223253597302581,1.323697493289848,0.24252765,0.027525699,0.47337631225506793,1.316641255462287,0.2136114,0.031849116,punch
0.38837202851585484,0.3235540673878665,-0.113398515,0.9998657,0.3702075839546568,0.3024657948747509,-0.09274812,0.9998632,0.40683138215638415,0.3065161336945917,-0.07865549,0.9998271,0.35539054348163257,0.3261496515181131,0.029309507,0.99987406,0.41711886215787974,0.32938004421964895,0.09620864,0.9998307,0.37275992156823956,0.3583371910855828,-0.06757288,0.99946815,0.40636332454547874,0.35838952395795265,-0.04962968,0.99912757,0.30242376319785913,0.42475037452938585,0.016951792,0.9994601,0.4587030930821264,0.44836961742969594,0.14480546,0.9993441,0.30805915565655184,0.5735549184914452,-0.22847983,0.99911183,0.4857704057323604,0.6310914513425077,-0.065385714,0.9939653,0.49160241204113275,0.4763204114422286,-0.36356714,0.99790126,0.39455795190946985,0.43253049808752325,-0.4306321,0.9994368,0.44297667855029343,0.7692319292775507,0.0057583107,0.9998641,0.34025618127605795,0.7846341863827252,-0.005270737,0.9999019,0.4592614134664138,1.0340251990858593,-0.018465191,0.86182934,0.34312337024327855,1.045552508618773,-0.06771915,0.7659357,0.32583303725985713,1.306662489549224,0.22150615,0.030483184,0.45939138641506483,1.2920033881995105,0.1998603,0.05222618,0.3158042548373987,1.330953490551338,0.24444993,0.025036572,0.4715340541666674,1.3229980956192515,0.2183218,0.029185835,punch
0.3845723689902063,0.32951367562827516,-0.11284876,0.9998709,0.36701295796848854,0.3075764694454783,-0.0921445,0.9998677,0.4027543697982393,0.3109655391177164,-0.07788508,0.99983346,0.3593963680218619,0.31923830080697235,0.030483674,0.9998784,0.41620031802348656,0.3225473186302508,0.0975434,0.9998366,0.36308917536704677,0.35301563578556727,-0.06720027,0.99947053,0.4025562646499946,0.35972475989476116,-0.0488806,0.9991237,0.29312054149314426,0.43410873234359976,0.017117383,0.99946135,0.4396402193597915,0.4481054744420119,0.14641967,0.99935305,0.30586620972167144,0.5769045510640767,-0.23598678,0.99915826,0.489939796883089,0.6327526498739036,-0.06801795,0.9944056,0.49303307577407296,0.4768980526857065,-0.36996585,0.99807394,0.38931802976349916,0.4401931909167835,-0.4450046,0.99946815,0.4377127518919075,0.7777941761566002,0.006141637,0.9998757,0.33518808794855803,0.7837237340933065,-0.0056087133,0.99991006,0.4627972034457736,1.0376972867295209,-0.015688177,0.85693645,0.3334984254188118,1.0486228016856753,-0.068877324,0.75149477,0.3276225184258985,1.3068698323232746,0.21776895,0.027746387,0.47601816639830685,1.2877435922790528,0.20030463,0.048010934,0.3229429829052072,1.3264619297854179,0.24039102,0.022909282,0.46813909541574805,1.3113031000661257,0.21805158,0.02700643,punch
0.38765072760662256,0.32983898521647875,-0.11688851,0.99986976,0.37005151926449165,0.30896112216524274,-0.096918486,0.99986607,0.40146612970001205,0.301845099964799,-0.08229894,0.9998331,0.34879197945191376,0.3199158499543987,0.023605492,0.99987674,0.405822364579845,0.32399070525139007,0.09167224,0.99983674,0.36495014698298556,0.34949729486381614,-0.07225621,0.9994496,0.40300140800152695,0.35094361683601427,-0.053369343,0.9990898,0.29881502610329,0.4412334032453799,0.012464957,0.999422,0.45109247878398695,0.4472878490701657,0.1396673,0.99932957,0.3015405234988584,0.57212198730954,-0.2412174,0.9991673,0.480686953162179,0.6316987562662316,-0.080793604,0.99471134,0.4768858372866065,0.4727119687839255,-0.38572174,0.9982054,0.3975740940630236,0.4365183911218123,-0.45122895,0.9994766,0.430604872232756,0.7708950053273473,0.00627122,0.99988407,0.3393850111744149,0.7817606197621846,-0.0057511004,0.9999156,0.4666945259376536,1.037661039487244,-0.016924804,0.85923076,0.33529941457249146,1.0545292648878903,-0.06975162,0.7515062,0.332855124188697,1.289901613838231,0.21675739,0.025844883,0.473361018892397,1.2877254954213146,0.19918382,0.045705985,0.3297258946773738,1.3200432948854874,0.23955706,0.021445116,0.46699689615525963,1.3153536854980523,0.2169281,0.025830584,punch
0.39345644440644445,0.32827910535096044,-0.119872555,0.9998684,0.3706870789348238,0.3033666010669774,-0.10063692,0.99986386,0.3950332994364002,0.3016476946741064,-0.08559002,0.99983317,0.35865990036952755,0.3203864676395261,0.018229678,0.9998736,0.41377185323287646,0.3120291826782571,0.08744306,0.99983764,0.3642497674994868,0.3586075218854867,-0.07596087,0.99942744,0.402843021498566,0.3498327132201733,-0.056546517,0.9990623,0.305911171527234,0.43113385438049834,0.011252211,0.99938387,0.4486086387214364,0.4467733472915517,0.13722102,0.99932647,0.30115696422450233,0.571599328247584,-0.2393415,0.99917597,0.49803667583987155,0.6218679665756189,-0.07914557,0.9950388,0.4879540318829789,0.46258368234729297,-0.38089424,0.99833673,0.39345716669696484,0.43234741785251074,-0.4518586,0.99948627,0.42423077748209104,0.7811621204219136,0.006366188,0.99989206,0.32956128395433815,0.7911730576526886,-0.005849424,0.9999208,0.46676613764007513,1.0445410729362237,-0.016601896,0.8603229,0.3371395412225272,1.051271630570243,-0.07016893,0.7515329,0.3238442812329624,1.297188884034406,0.20176932,0.024207657,0.4662604988931456,1.2877232397093323,0.19986606,0.043581817,0.3236025880041792,1.3259843839445584,0.22386432,0.020243887,0.46743370426012965,1.312673482061617,0.21811303,0.02480145,punch
0.3844724021050432,0.32442027418930336,-0.12562664,0.99986506,0.3688553771366756,0.3115081157913821,-0.10632269,0.999859,0.40281235934062976,0.31240185334583914,-0.09154557,0.99983037,0.3554828753763928,0.3187055287032201,0.012746176,0.9998666,0.41615918813483155,0.3220646108719177,0.07996093,0.9998352,0.3564672138884154,0.3582214013850786,-0.08166823,0.9994019,0.3929659982208278,0.3547723515338429,-0.06271677,0.9990338,0.30212052354793917,0.43028356017101715,0.00929517,0.99935585,0.4587033011026238,0.44903819984160787,0.13295856,0.99932194,0.30116761488600186,0.5763499766386884,-0.23770037,0.99917394,0.4850061262777977,0.6262210567217902,-0.07644204,0.9952833,0.4879299273715252,0.4724838232671783,-0.37763506,0.99844307,0.3942136537041899,0.43264766799144033,-0.45276046,0.99949133,0.43562461468914315,0.7720566155920972,0.0064226575,0.9998973,0.34744338684423737,0.7855063847310507,-0.00593009,0.99992424,0.47137566394883046,1.037906569538456,-0.018432314,0.8542246,0.33322305113330797,1.0490724876988389,-0.077355064,0.7422143,0.33108050942265754,1.298612755125082,0.20009665,0.022616621,0.47402709396017095,1.2637839980253798,0.19929019,0.04136538,0.33340548923866375,1.3244641514029338,0.22315772,0.01909616,0.4813705896481718,1.3062890552668331,0.21777125,0.023753876,idle
0.38659405763515176,0.3223610925812345,-0.12748656,0.9998649,0.36703944404365474,0.3035314024975632,-0.10862279,0.9998589,0.39853892725257545,0.3056784598502395,-0.09350751,0.99983144,0.3510715126461609,0.3175230294580081,0.010931632,0.9998665,0.4162945184636848,0.3214693290533454,0.07886338,0.9998372,0.35868359891157253,0.351070951913814,-0.083056286,0.9994039,0.3940124027986244,0.341330230268082,-0.06386765,0.99904275,0.29570386342399224,0.43994656439083024,0.008813876,0.999347,0.4543642130618437,0.4468634198271322,0.13311295,0.99933165,0.306220800775613,0.5659984741412136,-0.23772585,0.99916935,0.48562192940333526,0.6313109027562201,-0.07488901,0.99541336,0.49702231174968814,0.47397235233819307,-0.38466996,0.99850935,0.38161363566160633,0.42944495689336204,-0.45858112,0.99948806,0.4354795487769392,0.77307815880395,0.007483942,0.9999019,0.3370656366778757,0.7911890992638458,-0.007054807,0.9999269,0.46788608294312906,1.0301363955526361,-0.023199612,0.85669684,0.3479360036815612,1.0449070372027247,-0.08446248,0.7474132,0.3275474874265685,1.2815864805154815,0.19719131,0.021888128,0.4698399583261662,1.2619945565913218,0.20420626,0.040436532,0.3271124777543152,1.3063471238100184,0.22067615,0.018640066,0.47536955183172125,1.294395862459802,0.22462621,0.0236036,idle
0.38572227192766373,0.32221708330021737,-0.14994238,0.9998689,0.36978287543789845,0.3155214002910157,-0.132072,0.9998642,0.39896876128914094,0.3092735205316639,-0.115818165,0.9998365,0.3541508205491919,0.32963354974654335,-0.014199021,0.9998728,0.4069991146837486,0.31831831712962394,0.058352344,0.9998417,0.36479543946237336,0.35634939448175923,-0.106061235,0.99943495,0.3976846899380635,0.35607099399507525,-0.08551921,0.9990873,0.29397545237595957,0.4388016804782494,-0.022666449,0.9993608,0.4444064386495713,0.4386549777949787,0.12944385,0.99932027,0.2997622589608284,0.5733264343631672,-0.27423894,0.9991747,0.4896958723479812,0.604387091368795,-0.08408746,0.99527895,0.5045610600804371,0.47394308445666816,-0.4327157,0.99848944,0.3894809247730574,0.4395499026601209,-0.49279928,0.99949324,0.4362032247644627,0.7743907160093869,0.010879526,0.9999008,0.3394608061446517,0.7809261990149577,-0.010511167,0.9999266,0.4577591630116171,1.0374621136364521,-0.02418757,0.86109704,0.3351942018554882,1.0535542425976636,-0.092181794,0.7575879,0.33137286857940007,1.2779996193911545,0.19570374,0.022500673,0.46729415302075794,1.2668423803516344,0.20579608,0.04151054,0.32093033414631633,1.300734015091872,0.21935411,0.019000968,0.4782361078744791,1.2750991243287448,0.22659047,0.024368884,idle
0.38373026364409346,0.33807317519578217,-0.1695943,0.99987674,0.3549692544966263,0.3164509561773104,-0.1516348,0.9998729,0.3938420114990877,0.30158459983792296,-0.135067,0.9998463,0.34683489827430747,0.3212816922410688,-0.031293638,0.99988157,0.4173732407358268,0.32399786844568906,0.04247406,0.99985105,0.37211481112240374,0.34550800428123335,-0.124886855,0.99947566,0.3949551608994284,0.35757706529033456,-0.10397688,0.99915,0.29093809953288774,0.4358422572405239,-0.03447422,0.99938375,0.44461963798847026,0.460367874716517,0.12362484,0.9993291,0.2946256007597542,0.5692126159785844,-0.28848162,0.9991998,0.49870317599210834,0.5987450430950568,-0.08361756,0.99516433,0.5184516493059746,0.47382926777959994,-0.44509092,0.99842554,0.388162075971376,0.43060709873290753,-0.52116096,0.99950516,0.43601029012316983,0.7704889720741817,0.011506178,0.9999004,0.3480386555838235,0.782654595001556,-0.0111624235,0.99992657,0.4642751050979751,1.0414544741602079,-0.03169575,0.86751205,0.3371846386158531,1.058429070391421,-0.09399132,0.7700207,0.3316426407796691,1.2742366155242137,0.19271632,0.023785051,0.48387381396260165,1.2694326427770708,0.20549186,0.043271784,0.3271107117225255,1.2980055252232252,0.21571657,0.019766146,0.4768425484346528,1.2729364215373578,0.226336,0.025626548,punch
0.3844018370705067,0.3323847878616915,-0.17914736,0.9998827,0.36362544954184695,0.31277735977180193,-0.1623924,0.9998802,0.3922133951740402,0.3100404476445625,-0.14487472,0.9998526,0.3444831610203214,0.31337779704722424,-0.042981684,0.9998898,0.4084357929391176,0.32291330070939317,0.035373017,0.99985677,0.3689185364360952,0.3577419795170378,-0.13444641,0.99951553,0.3950025203152956,0.35445920988742147,-0.11224917,0.9992066,0.29808135864327945,0.42860699319615947,-0.044906713,0.9994219,0.4410369742619744,0.44758073083059907,0.12520334,0.9993418,0.288941422162594,0.5709792990331679,-0.29504123,0.9992336,0.49559317820397897,0.5755501612969254,-0.056417882,0.9948367,0.554011176396402,0.4709053766585946,-0.42373204,0.9983263,0.39845762064007195,0.43778686242088466,-0.52592814,0.9995235,0.4177095477536269,0.7658841991268611,0.012794393,0.9998969,0.3353801480456057,0.7817109115032331,-0.012445343,0.9999246,0.4667348792685938,1.0418846164735769,-0.03126286,0.8726555,0.3430172224279763,1.040095669752449,-0.09438681,0.7805189,0.33467230444839224,1.270867971099741,0.19759998,0.025563044,0.4835970308155959,1.250212499758384,0.2074259,0.046838384,0.3273320144850266,1.2930659026419118,0.22142872,0.02104383,0.4768837415372663,1.276105280220451,0.22797143,0.027675245,punch
0.3761628411783112,0.3258730396077128,-0.19229162,0.9998907,0.36954162406870394,0.3135072843022142,-0.17494497,0.99988914,0.39523130888093516,0.2984018365066521,-0.15777396,0.9998613,0.35271911026994573,0.31817740857798715,-0.050088685,0.9998989,0.4175951989179303,0.32394983160178265,0.025705699,0.99986535,0.36787230550054084,0.35251772936438164,-0.14556494,0.99955785,0.3858271767879995,0.3435180876258718,-0.1241321,0.99927247,0.300144880620815,0.4268939395248335,-0.049821332,0.9994652,0.4424527570935952,0.4502307373356087,0.13426845,0.99936634,0.2895489643255236,0.5671180493637709,-0.29210111,0.99927443,0.5117112489233753,0.5540001721145553,0.019047482,0.9945876,0.5883061946342907,0.4662904885971809,-0.3322507,0.9981771,0.386074726095723,0.43217101039510575,-0.5333925,0.999547,0.4387305226351491,0.7730944162879901,0.014320603,0.99988973,0.33722498841672977,0.7702759747466453,-0.013951111,0.99992,0.45562117177917405,1.025295927887206,-0.03373999,0.878233,0.3362579468752914,1.0373216260766744,-0.09422068,0.79128623,0.32207327364007854,1.2621294647204497,0.22282407,0.028855268,0.4849927536225407,1.2506919489316852,0.20099671,0.054050237,0.336678719178213,1.2801546392019807,0.24852268,0.023591932,0.48015303843189683,1.2687272563040277,0.21978688,0.031681992,punch
0.38257110661666827,0.3293867477310414,-0.18199202,0.99989945,0.3546957429503118,0.31138823811690824,-0.16341676,0.9998985,0.40403429361968324,0.3058482431616499,-0.14753059,0.9998709,0.3440476989417153,0.3191908995000512,-0.038350932,0.9999079,0.39753767480884017,0.3184077447545493,0.032318812,0.99987507,0.35956303277436297,0.3563692660667765,-0.13539849,0.9995988,0.39918811157400313,0.34057237467999907,-0.115506254,0.99933714,0.2995971980777056,0.42567382257334796,-0.04258659,0.9995113,0.4430217971694079,0.45121085569086455,0.1443479,0.9993968,0.28849681484469625,0.571547327225706,-0.2916855,0.9993075,0.5130485840938241,0.5156619065313592,0.09672904,0.9943611,0.6102810788084659,0.44832586751502407,-0.18849716,0.9979934,0.37991279753182805,0.43307235624777723,-0.5731083,0.999573,0.4374394511545764,0.7726194083363814,0.015413063,0.99988,0.3395464263335112,0.7761441181830175,-0.015069844,0.9999152,0.47178403328921104,1.0432799577150815,-0.035887774,0.88227683,0.3396455955445281,1.0299696525572828,-0.09342471,0.80125296,0.31930065868571444,1.264220891489427,0.22846398,0.034265917,0.4775016331441848,1.2523676528214234,0.19786082,0.062621206,0.32395883439906126,1.2891318222952024,0.2545583,0.027140798,0.487680673783242,1.2781692359868346,0.21622226,0.03597393,punch
0.3803743351807264,0.3219214342504892,-0.20495689,0.9999078,0.3648161961898677,0.30366341538010794,-0.18353812,0.99990696,0.40153694017534036,0.2996526021969415,-0.17176518,0.99987966,0.34257265532144765,0.3180914729976422,-0.047720756,0.99991566,0.40574525959256325,0.3074034886033327,0.0048552714,0.99988437,0.36500204726232743,0.3574538431518952,-0.15414509,0.99963653,0.39326565873734276,0.35431349495485087,-0.13944381,0.99939823,0.2886463802382805,0.430801607073758,-0.044592902,0.99955237,0.4400347058996691,0.4434880224187729,0.1201843,0.9994307,0.2987467053336622,0.5651203269916661,-0.2896307,0.9993197,0.535097518608461,0.47989162853700706,0.15452455,0.9945093,0.6542074344516908,0.4361748068551365,-0.014888217,0.9977576,0.38134230184295315,0.4254277730690262,-0.60800445,0.9995919,0.42825914636553253,0.7671619278004603,0.015194391,0.9998403,0.3365076266542578,0.774442691528325,-0.014893132,0.9998917,0.47385460176362426,1.030446533984663,-0.03721819,0.8852673,0.34800652749772854,1.0398867831350498,-0.092725545,0.80900156,0.3218797736124793,1.2592609182012247,0.24668321,0.04303669,0.48130079561382844,1.238394102492178,0.19868949,0.07628684,0.31956511406417865,1.27629786060433,0.27431026,0.0333117,0.48053079237475893,1.274380791583321,0.21692625,0.042006887,punch
0.3809773136266448,0.32526307389434794,-0.25652444,0.9999157,0.3605280200266986,0.30712442618605196,-0.23392017,0.9999148,0.39555751343201084,0.3105164406175775,-0.22480884,0.9998882,0.3517705232742996,0.3314903158492525,-0.08387415,0.9999228,0.4086598081903604,0.32004871459769874,-0.04640601,0.9998938,0.35333230934219306,0.35851803516108316,-0.19981591,0.9996715,0.3944621280145634,0.34675062949631735,-0.18946108,0.999456,0.2918709831400679,0.4382356963513586,-0.06862131,0.99959093,0.4423639191932215,0.4383643909298642,0.08160955,0.99947125,0.2891859865734189,0.562438619055569,-0.3086268,0.99932116,0.5589124678123624,0.47602446109083385,0.14191025,0.9947463,0.6747696988534561,0.4566895768441998,-0.0055877157,0.99740744,0.38187980780911346,0.4367164656220142,-0.6511659,0.9996088,0.43664896904666906,0.7705319538771371,0.013261261,0.99979717,0.34619909240433266,0.7841756053220518,-0.013073516,0.9998578,0.46256035549586805,1.0280594799992149,-0.045716655,0.8846162,0.34107829638114273,1.038820901617359,-0.08149246,0.8131917,0.3269650237169739,1.2558211622780555,0.266644,0.052406047,0.48528616334443264,1.2555810776910752,0.20831695,0.089490205,0.32705288288187595,1.2933690047454367,0.29471666,0.04118266,0.47975071189344165,1.2804362005414307,0.22826321,0.04743503,punch
0.378548450378407,0.33543612807267187,-0.23047385,0.9999224,0.3571258024893108,0.3109942739590379,-0.20744002,0.99992144,0.3930401062404232,0.2984790920692541,-0.19835705,0.99989486,0.34703813780518655,0.3275155189909955,-0.06411989,0.9999287,0.4166070123491895,0.30828591061083066,-0.025306111,0.9999013,0.3611746311921272,0.34427804798504047,-0.17630802,0.99970233,0.3855913217922423,0.3492702622989248,-0.16582793,0.99950665,0.28863165689344406,0.43987181423966987,-0.056884248,0.9996233,0.44667059199430215,0.43796173001131805,0.0893085,0.9995009,0.30056618008049185,0.561805349876719,-0.3005001,0.9992875,0.5697800349539965,0.4692657759002013,0.14585075,0.9947989,0.6693918418864475,0.4515421751596072,-0.0032874004,0.99697185,0.3821477273241025,0.4290120100172596,-0.6143802,0.99961394,0.43261987974739613,0.7672004065991513,0.01240704,0.9997413,0.3444845580393622,0.7749757730977551,-0.012264153,0.99981445,0.4662736975328513,1.0368406664983736,-0.05374505,0.8820283,0.33660145692926036,1.0317205733118089,-0.077463254,0.81637484,0.32091952574905325,1.260098439974147,0.2584111,0.06274009,0.4820388397405627,1.2549256597443958,0.20415418,0.10292005,0.3241299169960207,1.2900838574720535,0.28547803,0.049270127,0.47058074791715476,1.279841609816797,0.224111,0.052703835,punch
0.38731176571131765,0.33162711936973344,-0.21892913,0.999928,0.362534154254312,0.32209969599287147,-0.19561653,0.999927,0.3871979601753618,0.3046327515937905,-0.18595041,0.9999,0.3480719675452556,0.3176739135246364,-0.055983912,0.9999336,0.4075440406043548,0.32919019946627326,-0.013032573,0.99990714,0.3494472539021085,0.3546431646162258,-0.16607997,0.9997295,0.3851622947289728,0.35425210811414765,-0.15483262,0.999551,0.29389403427660143,0.4386097652845891,-0.051325113,0.9996507,0.4446673311692382,0.44037990876282773,0.097048715,0.9995232,0.2950981553930818,0.573408559041355,-0.2866948,0.9992545,0.5572642246686998,0.4875716965186388,0.16407177,0.9948583,0.670073572960384,0.45507230923161013,0.019764442,0.99670434,0.390433262701918,0.43533540883461314,-0.594735,0.9996159,0.43240015537103016,0.7742817706776359,0.012144952,0.99969983,0.33288320793385284,0.7825068333053469,-0.0120213535,0.9997844,0.46549995973723635,1.038511038681303,-0.05451379,0.8810079,0.3453988726257603,1.035459335327946,-0.07606196,0.8200992,0.3321169215562948,1.2572507678311553,0.2652337,0.071343385,0.4824089986492187,1.2470459174038613,0.20591822,0.11447469,0.3284039129663898,1.291644239557168,0.29335767,0.054695517,0.47443738853733486,1.2789796506522955,0.22667424,0.05675593,punch
0.37427262046987586,0.3312733338626521,-0.21069165,0.9999319,0.36812282125817963,0.3085812436282348,-0.18435806,0.9999308,0.3907353167108786,0.31748590607505117,-0.17902507,0.99990267,0.3486361269206085,0.32268457420715263,-0.043925643,0.99993664,0.40435211316550634,0.3253969583731218,-0.0051847477,0.9999109,0.3655559292730598,0.3576994069021413,-0.15802631,0.99975216,0.39382686691984425,0.3519910692884305,-0.1537225,0.9995883,0.2962077112171989,0.4372511525497107,-0.039014895,0.99966836,0.4483918277603183,0.4387428925366376,0.09983426,0.999538,0.2903976429923082,0.5637896089457527,-0.260981,0.9991643,0.5566063428913262,0.4910411633587572,0.16916896,0.9948571,0.6662752451450338,0.4543115466564873,0.03345251,0.99648637,0.3824262295153922,0.4244933518730486,-0.5809313,0.999591,0.4402010139190917,0.772673557463381,0.011817447,0.99965996,0.3324718706005918,0.7795676026138834,-0.011695226,0.99975276,0.4674747290840062,1.0340474755907518,-0.06247313,0.88007426,0.33401934457127636,1.0419592139027738,-0.07636281,0.8232069,0.31860099898355254,1.2602656831026435,0.2592749,0.079028375,0.4919651722487106,1.252188787229944,0.19793054,0.12318756,0.33064259093764115,1.2842488731954593,0.28670123,0.06033195,0.48056940665941184,1.2819648731771704,0.21919174,0.060220495,punch
0.37303991536701675,0.3237475277020645,-0.18366054,0.9999343,0.35131002175145354,0.3192411498404077,-0.15910357,0.9999333,0.3927643263461281,0.30095829441100447,-0.15170287,0.9999043,0.3477280106952896,0.3227209311774996,-0.0241469,0.9999384,0.40759687966483193,0.3245803872971797,0.0107331,0.99991286,0.37199797476113505,0.35434413284162364,-0.13416831,0.99977005,0.39290976190680293,0.35420642098142596,-0.1265565,0.9996181,0.28742128237840303,0.4323707744224043,-0.019622091,0.9996758,0.4441855702358338,0.44650476726746646,0.108051084,0.9995417,0.2903600839645428,0.5543960380001127,-0.24584249,0.9990468,0.5523701674775681,0.5045175679329559,0.13260885,0.99458885,0.6486901326504331,0.4551701526206302,-0.0462979,0.9961893,0.38988188877849106,0.4318526661059048,-0.5474935,0.99953884,0.4501251562033902,0.7706449175674941,0.010771221,0.9996228,0.3354466548610665,0.7786145719416134,-0.010629049,0.99972016,0.4636156139764098,1.0291379487159693,-0.05957814,0.8756111,0.34002111211430597,1.0398277346082379,-0.07405509,0.8235812,0.3325510994119494,1.2504233113181156,0.2347748,0.08343896,0.4700231800206701,1.2506290827303512,0.18015939,0.1273478,0.32513853379550994,1.2753196534289226,0.25864556,0.06435615,0.47859830333713116,1.2694391197379102,0.19877867,0.061684772,punch
0.3818012852918249,0.3292803961430187,-0.18441114,0.9999375,0.3654681074020818,0.30289280648668265,-0.16041145,0.9999366,0.40527657473232814,0.3095595839646157,-0.15230612,0.9999077,0.3468752838856882,0.32178250180920115,-0.025719788,0.9999415,0.4128551753265419,0.3170546133330954,0.011474751,0.9999158,0.36376607074804723,0.34674874253172844,-0.13482219,0.999787,0.398853462403311,0.3496073748011497,-0.1264344,0.9996451,0.2923863261999823,0.4436360794520536,-0.019386267,0.9996886,0.4545043990813825,0.44399634079676326,0.11631049,0.99954724,0.29125557915784306,0.5799007751466546,-0.24009077,0.99902415,0.5414710597751508,0.527878575303632,0.07121537,0.9944572,0.6378901903463932,0.4518122339878254,-0.21015152,0.9962173,0.37993180637412394,0.43845711494094763,-0.5187251,0.9995206,0.44668933219230833,0.7680025250183482,0.01194405,0.9996145,0.3339458854260384,0.7691352248655376,-0.011766581,0.99971396,0.4625413722763506,1.0290079924149182,-0.03842878,0.8707468,0.34630891088242355,1.034239321150136,-0.07217027,0.8230552,0.32095514551658555,1.2436864838638835,0.2332588,0.08372735,0.4795680627597112,1.2390616169489388,0.18436244,0.12789446,0.3370648066036561,1.275510383592571,0.25722164,0.06516352,0.48048589732101266,1.2591491828875605,0.20377603,0.062571265,punch
0.38079998378179725,0.32162251281825693,-0.17146656,0.9999413,0.3614195315845792,0.3120535793556201,-0.1483667,0.9999407,0.39004473648058546,0.3017784872139904,-0.13681157,0.9999134,0.3380339449352078,0.32684989370362566,-0.012461266,0.99994576,0.4108128856498279,0.30782315229742807,0.03747795,0.9999207,0.3685506093184151,0.3550208206703946,-0.12175524,0.99980265,0.39641639407347773,0.3451075438037538,-0.10849062,0.9996699,0.29597076111630216,0.43010673670800637,-0.0063449764,0.9997037,0.4568451379792565,0.44323926299890914,0.14391252,0.9995561,0.29870033470354973,0.5710300941075888,-0.2276829,0.99906945,0.5309585540931794,0.5601909057356297,0.00607947,0.9944287,0.5923857319489985,0.45827654938035794,-0.35460383,0.99635315,0.39010015739172255,0.42900982256204734,-0.46854863,0.99953073,0.4424859312438576,0.7630325260669445,0.013015926,0.99964017,0.3329378463638252,0.7670724491669377,-0.012768559,0.99973315,0.46859739315432025,1.0163356710977383,-0.039176762,0.8735768,0.346900562901579,1.0412599858792513,-0.07311124,0.8268541,0.32272264610546353,1.244939358788783,0.23611192,0.08002447,0.4835422457594717,1.2374836748600087,0.18669108,0.12466259,0.32590864255606966,1.271929297134396,0.2612245,0.06245044,0.48380253869671885,1.2650726648353505,0.20581098,0.061756633,punch
0.3864850359730694,0.3289073536565632,-0.1689138,0.99994135,0.36092985877346795,0.3055223085269446,-0.14612097,0.9999409,0.3831746361571978,0.3032729862711761,-0.13342819,0.999915,0.35594942237666083,0.33075824672861037,-0.012067873,0.99994624,0.41472885248211966,0.31899750155888507,0.043176536,0.9999213,0.35781790344181563,0.35547286442848686,-0.119976066,0.9998074,0.38493686294172424,0.3577159702382781,-0.10479991,0.99967736,0.29211864760687833,0.4380092287047439,-0.0055021015,0.9996953,0.4519187059933537,0.43784918999100936,0.13978712,0.999549,0.29751147189086935,0.5827788353265069,-0.23658457,0.99909306,0.5067172829095274,0.5805686406119416,-0.038898163,0.9943428,0.5590940396803786,0.46321374297383927,-0.40360346,0.99651355,0.38803830628907976,0.4396913869604709,-0.4830392,0.99952096,0.44248897574039703,0.7710051875661725,0.013149391,0.99966353,0.33737212772755953,0.7681660251982093,-0.012894785,0.9997505,0.46680038670688107,1.0194469207874177,-0.039550964,0.8731319,0.33655176010872934,1.0225834816971824,-0.084780686,0.8254822,0.3282113540965004,1.2579417906001176,0.21627577,0.07524985,0.4807730669884409,1.22741708732166,0.19117227,0.11869566,0.33284589095389194,1.2870014612632534,0.24078807,0.058848184,0.47887851772035983,1.2713442701942377,0.21088076,0.059274767,punch
0.3787194561258713,0.32609024901701017,-0.17068928,0.99994,0.3633679409184559,0.30777212438053736,-0.14830314,0.99993926,0.3937896379752125,0.29789561533799147,-0.13537517,0.9999144,0.33634838373982634,0.3276862579086665,-0.014931982,0.9999445,0.40253919050248277,0.31713023847928734,0.040947586,0.99991953,0.36799542702611854,0.3598115933064276,-0.121979594,0.99980634,0.39134590080376264,0.3468816565118969,-0.10635731,0.99967647,0.31324691324014164,0.43940226378898284,-0.00659437,0.99968374,0.4502089632608248,0.44699019501280207,0.13654283,0.99954057,0.2982007441688178,0.5757869896443921,-0.24079709,0.9991144,0.5192312189125514,0.6071076326505117,-0.042296655,0.99426425,0.5399539071218613,0.47506662352091744,-0.40030104,0.9966498,0.3875724824142963,0.4399553206363527,-0.4912941,0.999515,0.43988289784995727,0.7642163647065022,0.012954812,0.9996843,0.3423838075543558,0.7700382160613162,-0.01269795,0.99976605,0.46666397754718025,1.017129646567343,-0.046225365,0.87275755,0.3517898933513669,1.0341383486837814,-0.0861222,0.82301307,0.3278590919306251,1.2597306695800685,0.21442945,0.07066959,0.47090809498551345,1.240798752392982,0.18794796,0.11245929,0.33634653513311297,1.2831921868663547,0.23909107,0.055425096,0.4874419541938695,1.2654355512396134,0.20758188,0.056474533,punch
0.38316023467473337,0.32501908293932474,-0.17181289,0.9999384,0.36423843952769486,0.3085398840784267,-0.14959997,0.9999374,0.39245431822243004,0.29745618362394943,-0.13658221,0.9999135,0.34480741725873976,0.3242466319710099,-0.016469557,0.99994254,0.40810718409385394,0.3273998510841942,0.0400469,0.99991745,0.3606758537209336,0.35200106721059427,-0.12307955,0.9998046,0.39705683520740076,0.34988175994748105,-0.10723078,0.9996746,0.29696352567675643,0.44046371423905323,-0.0063687237,0.99967295,0.4417469381870264,0.45164418172212034,0.13468827,0.999532,0.29404756814266575,0.5819050316854604,-0.24259217,0.9991338,0.5061641007463646,0.6038288929971911,-0.042845342,0.9941813,0.5430627045721899,0.4847899409996123,-0.40147504,0.9967688,0.3851644448156464,0.44674291981346426,-0.4941104,0.99950975,0.43565382613069203,0.7646732331822677,0.012733087,0.99970233,0.34196250956695884,0.7689187557977489,-0.012477632,0.9997795,0.463333217702409,1.0169368826131149,-0.047598682,0.87154335,0.3402797728959639,1.03598436212665,-0.08677181,0.8200906,0.323323551441987,1.250750195121366,0.21495163,0.06657551,0.4852569521423795,1.2346558528623364,0.18775378,0.107058436,0.3244029010184485,1.2825117477638954,0.23978102,0.052402284,0.4843665301475527,1.2724657110104969,0.20723872,0.05405431,punch
0.3733973581440121,0.32281807319726175,-0.15770447,0.9999354,0.3564100676050058,0.2991467859980505,-0.13601099,0.999934,0.39777615635827734,0.2936513341394703,-0.121965185,0.9999096,0.3400166190030146,0.31475581531462493,-0.0061021815,0.99993944,0.39989668529694933,0.32261159109262877,0.056197703,0.9999124,0.36710273398016413,0.3508277545190786,-0.10972573,0.999796,0.39333182400643374,0.33495986952956763,-0.09220094,0.9996583,0.3070412040673691,0.4377563391454827,0.0011716243,0.9996664,0.45354614654298286,0.449942714315483,0.14393976,0.9995188,0.2940729733201717,0.5872802082957185,-0.24394599,0.9991488,0.49884817496077716,0.5971150159215257,-0.021447223,0.99402666,0.5244452191134028,0.47900601544144017,-0.3612958,0.99688274,0.381535621949294,0.43321272462059435,-0.4992415,0.99950546,0.4410920894021677,0.7755445449645693,0.012724517,0.9997203,0.3390369735664862,0.7654871383435502,-0.012469167,0.99979347,0.4637137720883171,1.017365435897878,-0.0549029,0.8708766,0.33649101793094016,1.036606962585092,-0.08891354,0.8167169,0.33176560432102253,1.2620584596269027,0.22577444,0.06252637,0.47618905854084337,1.2404261552242872,0.18803197,0.10215786,0.3227619815872803,1.2872448021282004,0.25345355,0.049387433,0.4834183337324077,1.2702859091627137,0.20778143,0.051895402,punch
0.38738485459953464,0.3254179755591592,-0.14721783,0.9999286,0.3641322160925984,0.30790260500902283,-0.1261941,0.9999252,0.3933557561048425,0.30657936816018827,-0.11270521,0.999902,0.348636384091767,0.3173236259001061,0.0010428175,0.9999307,0.40219846071581156,0.31777640592444223,0.060773514,0.9999041,0.357205389705437,0.35977310025183284,-0.099989265,0.999771,0.3914591402127623,0.3440986986180928,-0.08323778,0.9996247,0.2969011294193671,0.4407942859403425,0.0067751296,0.9996305,0.455924779028267,0.4504322666105266,0.1412307,0.9995106,0.2907716712997538,0.5735741939969102,-0.24043849,0.99912477,0.49479091833767375,0.6123706752614921,-0.05446632,0.9939942,0.5040469360525195,0.4741035564350034,-0.40591508,0.99701685,0.3855942169521036,0.4398264895939926,-0.4865683,0.9994721,0.44235405014997564,0.7639229853190733,0.012703876,0.9997344,0.3434380834282855,0.759743126590223,-0.012452481,0.9998025,0.46715683885536874,1.0206284650664808,-0.057525676,0.86890936,0.3368969060388568,1.0347058028143785,-0.09006993,0.8128339,0.3289462856513081,1.2641170109748259,0.22672722,0.058659237,0.4909194793519316,1.2383825460046745,0.18248203,0.09720611,0.33354321337409243,1.2900586713046678,0.2549618,0.046590876,0.4879836806081941,1.2697401043471244,0.20267458,0.04988985,punch
0.39152867290980664,0.33142878959150085,-0.12744233,0.99992263,0.3555766273681995,0.30493782190755536,-0.10563912,0.9999178,0.39842787331320506,0.3071240980562825,-0.09237635,0.99989617,0.3409673856451899,0.31913318840793253,0.019988317,0.9999234,0.4094287694526896,0.3164076529971533,0.07911678,0.9998985,0.37157573909180164,0.3549527122644852,-0.08112778,0.9997371,0.3944639733273029,0.35234248277543495,-0.06453867,0.99958014,0.3127423637399521,0.43634999742824643,0.019333072,0.99959683,0.44432850775795496,0.45044673844587746,0.14365403,0.9995045,0.29743964149942714,0.5849975799415628,-0.22914347,0.99912703,0.49093983766264504,0.6191711680534296,-0.05438333,0.9942312,0.504269704636482,0.4784946705194109,-0.38202935,0.99722505,0.38278483830698895,0.4317373836910908,-0.4610228,0.99946266,0.4336319279650914,0.7690212835854273,0.012573676,0.9997532,0.34221661727541897,0.7671827380460235,-0.012323799,0.9998159,0.45897682449712107,1.0229252855319622,-0.05685432,0.86845005,0.35631403375641124,1.0328982472548667,-0.090290025,0.80889,0.3296221762484757,1.2584541914882827,0.2337637,0.054343116,0.4761750880567298,1.2440965579846952,0.18353865,0.09141257,0.3343220275916372,1.286339958051841,0.26313165,0.043391623,0.49135778146455,1.2660318163034336,0.20320964,0.047456264,punch
0.37960773027072126,0.3267994787202955,-0.10250088,0.9999112,0.355102290425626,0.30626256037444194,-0.077886194,0.9999047,0.39262914681368166,0.30652922448039854,-0.06747038,0.99988574,0.34446212725243763,0.3224581435704335,0.054441135,0.99990934,0.4030511156527855,0.31120951972450367,0.10157494,0.9998903,0.3707051779508007,0.3459729863328636,-0.054149967,0.99966675,0.3833951705079368,0.35432640462855514,-0.04103019,0.9994902,0.29407704722208516,0.44981990879689726,0.053655177,0.9995467,0.4545860002422921,0.4620560419288826,0.15114684,0.99948674,0.2820523180862792,0.5825104895853678,-0.19626425,0.9991316,0.48944687478587756,0.6284916980870563,-0.044936158,0.99460393,0.48484888765843426,0.474031774308144,-0.37910473,0.99745274,0.38330598986559483,0.43629667859087223,-0.42135492,0.99945563,0.4371526522951804,0.7654623256755471,0.009964405,0.99977267,0.3423156518384197,0.7709202189487028,-0.00969947,0.99983,0.4614284154945606,1.0280928264871179,-0.050956197,0.8668955,0.3563910447156,1.0343622295718535,-0.08572022,0.80218524,0.3288162571444875,1.2739900196188432,0.2331038,0.050079197,0.4803280399268105,1.2641654893910772,0.1828752,0.085549586,0.322013162157216,1.3074275653784386,0.26185137,0.040173817,0.478475868741677,1.2839951256925848,0.20180881,0.044742417,idle
0.38840402880614433,0.3354768294301836,-0.08962513,0.99990535,0.37002332725807285,0.3109372673381872,-0.06563251,0.99989855,0.38777120238639207,0.30741654928864914,-0.055001248,0.99988055,0.35072860817928464,0.3234877649134076,0.06486711,0.999903,0.4122155206643088,0.3196803579176484,0.11290993,0.99988693,0.3698264943900106,0.35040128012852956,-0.041713048,0.99962634,0.39147041007774597,0.358975395999921,-0.028366184,0.9994338,0.2945899487166408,0.44153262280687966,0.063814834,0.9995241,0.45393910511440816,0.446896448566967,0.15976448,0.9994828,0.2959807807939965,0.586088396809303,-0.18214662,0.99914426,0.48571986157834557,0.6210454845259531,-0.03691479,0.9949415,0.4779097290899852,0.4809331434824873,-0.33373284,0.9976622,0.38270909293159416,0.44854301871212665,-0.39762297,0.99946016,0.43581809655209025,0.7635882049396799,0.008244153,0.99979174,0.33345762745930685,0.7645481477822581,-0.007955064,0.9998439,0.4637050693593484,1.0424424817519036,-0.04803306,0.86695796,0.3553185152710203,1.0267281851242425,-0.080902874,0.79754287,0.33356875040310807,1.2853341079976401,0.23290758,0.046091426,0.47796665427950236,1.2619697936653154,0.183627,0.07986605,0.3421242660601146,1.300140108071719,0.26135114,0.03715856,0.46586190322001775,1.2955074422032122,0.20245643,0.042119417,idle
0.3896004008920009,0.3281685991238741,-0.082003176,0.99989396,0.3607377516815439,0.30487688679639613,-0.059582163,0.99988705,0.3907536471221309,0.3087385404489301,-0.048134413,0.99986744,0.3563955930047412,0.3149272307001816,0.067322,0.99989283,0.4093251445119389,0.3144893371251804,0.119540416,0.99987686,0.3614229022783768,0.35308746775865074,-0.034852147,0.99957335,0.39798844855308524,0.3526922978730259,-0.020319551,0.9993437,0.29388493833645857,0.4407809785398325,0.0654891,0.99950254,0.4615250308204929,0.4471067734820131,0.16494839,0.99947196,0.29897139630643865,0.5813739671987045,-0.1789254,0.9991364,0.47751275851779473,0.625897798182476,-0.032916702,0.9951708,0.4738338362126745,0.4695552523437415,-0.3089591,0.9978339,0.37590325958921034,0.4479523069083316,-0.38457945,0.9994536,0.4443215872546795,0.7650197490324367,0.0073579857,0.9998091,0.34089060487319456,0.7686814728449465,-0.007062502,0.99985653,0.46803202072521555,1.0318528929675839,-0.044398673,0.86689436,0.3550642282580112,1.0228851079907342,-0.079900265,0.7918577,0.3418463916124381,1.2823552307575776,0.23283955,0.042511493,0.46856609158271834,1.2739883566564283,0.19536942,0.074834205,0.3266258120218296,1.3117665633769748,0.26129574,0.034423936,0.48617820854673244,1.297274337051272,0.21557887,0.039623488,idle
0.3790095873220328,0.3200424229213054,-0.08954934,0.9998877,0.36174559589030575,0.29869371511398846,-0.066568345,0.999881,0.394715240627039,0.3108875801145117,-0.055671997,0.99986136,0.3526782449568353,0.3184577785548132,0.063167915,0.9998875,0.4079515324415359,0.31495427159051476,0.11298703,0.9998736,0.3698283551970297,0.3565634470657629,-0.04134093,0.99954504,0.3907020285091478,0.3496438758048857,-0.027517498,0.99929893,0.2975678915603317,0.4449184871546149,0.06103338,0.9994797,0.4614654189205448,0.4506838296318069,0.16028593,0.9994622,0.29480200406416757,0.5906426330903614,-0.1900801,0.99911886,0.47677021020309374,0.6376750276524332,-0.050426,0.9953802,0.4723747509982048,0.46718022376458673,-0.3237942,0.9979839,0.38040614919036,0.4544519871151783,-0.40397096,0.9994449,0.4347469062322714,0.7694415213015351,0.006464674,0.99982435,0.3479984416147909,0.7690288789273461,-0.0061570005,0.99986786,0.47406736932832483,1.0332875679687892,-0.038699523,0.86634016,0.3489623808324309,1.0267251390716876,-0.08016704,0.78682256,0.3262452431438557,1.2840265895132592,0.22538078,0.039376445,0.4711119887028624,1.273452801728014,0.21125908,0.07035596,0.3297245690787547,1.311642679117452,0.2520043,0.032055613,0.47597815273181365,1.2976843552528579,0.23253465,0.0373778,idle
0.3801089638983697,0.32309767399361605,-0.09697714,0.99988455,0.3706052461452185,0.30985823219297776,-0.07384054,0.99987847,0.3848465661079261,0.30500044581277647,-0.063992515,0.9998595,0.34690864861070814,0.3307439624282057,0.057686985,0.9998852,0.40334419810613875,0.31191113925364045,0.10319042,0.99987465,0.37033910544786885,0.35116654983494666,-0.0480561,0.99953103,0.3923494431153215,0.34952540914722036,-0.035655383,0.999284,0.2912794667759697,0.42925987110838093,0.058688622,0.999455,0.4572851695739023,0.4455582058243259,0.1521249,0.99945503,0.2964571230450742,0.5868886504591225,-0.19122905,0.9990972,0.4820553678295665,0.6352578632770253,-0.06855623,0.9956132,0.48179287623114275,0.46598084686503644,-0.34251115,0.9981273,0.3849632444437159,0.43457233303161025,-0.4051529,0.99943537,0.4233609815051108,0.7770970486514559,0.0036710307,0.9998385,0.34383365391604503,0.7691577046309901,-0.0033280167,0.99987835,0.4649237799914855,1.0356755466985788,-0.035934545,0.8697068,0.349844124427083,1.0460324249344808,-0.07611739,0.78880155,0.34090551791812296,1.2879400382681745,0.22509146,0.036665652,0.4634943513499705,1.2775546353025484,0.21586125,0.066222414,0.3238478982271773,1.3196242976913488,0.25109527,0.03000686,0.4785429858091048,1.3089016271396026,0.23724973,0.035272833,idle
0.37587075832916594,0.33558337438728963,-0.098687276,0.99988174,0.365950027196417,0.31402726109823476,-0.07571862,0.99987644,0.40347273858097965,0.2996738135452394,-0.06615217,0.9998577,0.34376709814980744,0.3246869611017167,0.056055605,0.99988383,0.4102376076512122,0.3228938102493012,0.09991254,0.9998755,0.36610490786604233,0.3511833310623293,-0.04949428,0.9995218,0.3869530150440431,0.3433867882509712,-0.037504528,0.9992744,0.2995119376805324,0.4397768811365018,0.057917565,0.99943876,0.45324664728015973,0.44737177921819304,0.15101093,0.9994515,0.29109636352607515,0.5722001181109709,-0.19038953,0.99906945,0.48214968332055363,0.6351592663945644,-0.0667906,0.9957686,0.48561974191892165,0.48228229004510775,-0.34516937,0.99823976,0.3887298262457227,0.4363375171393191,-0.40134302,0.99942005,0.4232831620864068,0.7627889367749204,0.0033295713,0.9998507,0.3421275069826082,0.7705691802466882,-0.002986619,0.9998874,0.4661177714978767,1.0337389091889242,-0.03624727,0.8730759,0.3454998808364349,1.0298841863689614,-0.075518176,0.7917169,0.31790632017580256,1.293377032077748,0.22502117,0.034593448,0.4725370984159154,1.275280617160137,0.21828766,0.063181505,0.3346067942820238,1.3210462031770305,0.25082165,0.028414423,0.475148187648465,1.3057595543825689,0.24010989,0.033756513,idle
0.37790339911807425,0.322863981613812,-0.09403177,0.9998839,0.35490715615523405,0.3079660604867201,-0.06959727,0.9998788,0.3959880432171321,0.29964176272009624,-0.059866734,0.99986124,0.3405627190459999,0.3306110741031431,0.062183015,0.9998858,0.40738515775887696,0.3206308785787602,0.10624518,0.99987954,0.36871018863418925,0.3529693963986249,-0.045697592,0.999514,0.3889465017047359,0.3482637632826119,-0.033486225,0.99926305,0.2950289772739332,0.437158368150313,0.058932103,0.9994259,0.44688312441926925,0.44268065687717717,0.15226522,0.99945045,0.30235253763769865,0.5864295092395901,-0.18998489,0.9991015,0.48198403189253003,0.6229802617815701,-0.060073473,0.996033,0.47149519649739624,0.46211540826129505,-0.340704,0.9983803,0.38260897970269636,0.443986753420414,-0.40112108,0.99943817,0.4281348009273618,0.7710436857895426,0.0034559804,0.9998632,0.3365685628934023,0.7827183704439926,-0.0031127487,0.99989676,0.4627085297503314,1.0465386187209462,-0.03573267,0.87578213,0.3452710066998892,1.0424988047985264,-0.068088956,0.7925004,0.3326890663277472,1.29079684134135,0.22404666,0.031981777,0.46685638683636344,1.2791614824464224,0.21553747,0.058726333,0.3333256349220045,1.3279283673757583,0.24891762,0.026458073,0.46962928042383767,1.3050239593881896,0.23693676,0.031666737,idle
0.387390264342383,0.33262455166144145,-0.09284854,0.9998834,0.3759472948561401,0.31662766587953695,-0.06848405,0.9998783,0.3881747535054302,0.3082186939200572,-0.058378898,0.9998614,0.34529442618603534,0.3239140293079304,0.062635854,0.99988556,0.4022905274878448,0.3067624336304219,0.10862001,0.99988043,0.37089090444084616,0.3614262401838962,-0.044829883,0.99949765,0.3851480732773843,0.3527342504134851,-0.03203594,0.9992369,0.29215589758266947,0.4300386377479667,0.0568057,0.99941564,0.45463569380448776,0.4484382981035248,0.1531592,0.99944425,0.30359431572218165,0.5835545674408238,-0.19242027,0.9991266,0.4794805808001462,0.6262539528802037,-0.05844428,0.99625033,0.4772437337851897,0.468205142918309,-0.33880514,0.9984981,0.39415555445687234,0.4419930286468221,-0.40675846,0.9994525,0.4260297376564983,0.7809188214992566,0.0035435415,0.99987406,0.34277877029483295,0.7871628758807282,-0.003207455,0.9999047,0.45665391210888173,1.0421293505658356,-0.027454134,0.8772394,0.34428627482593677,1.052492549448515,-0.06511415,0.7922408,0.32625469862245493,1.2989925400972901,0.2241714,0.029779864,0.4670431518280298,1.2810602919582381,0.21378534,0.05536803,0.32891587578734227,1.3328638055751711,0.24900636,0.02481344,0.4726120371180085,1.321502471414952,0.23472908,0.030079214,idle
0.36712726502649806,0.32263407013501866,-0.09446387,0.99987966,0.3628697449074466,0.3192717389336636,-0.07004714,0.9998732,0.3894200935829458,0.3054267314496642,-0.060576677,0.9998566,0.34603525961510284,0.33235852747454964,0.059252106,0.9998793,0.4076997260036065,0.32628914437748036,0.106446885,0.9998754,0.3668828388481722,0.3526511769031338,-0.04562624,0.9994628,0.3896820520884656,0.348713302800006,-0.033116918,0.99918175,0.2963240885341306,0.4436057359795965,0.050515126,0.9993927,0.4476259922891579,0.4454938983727214,0.14936098,0.9994247,0.2974008134834414,0.5787085274190871,-0.19997622,0.99915075,0.47961476109205037,0.6246804870471158,-0.06533276,0.99646413,0.4754679363016805,0.4598401774440903,-0.34670424,0.99860835,0.3843522005143232,0.4490607821347667,-0.4118672,0.9994705,0.4310777615089332,0.7720072822098184,0.0034484803,0.9998838,0.33918297510140694,0.7880277741026663,-0.0031164105,0.99991184,0.4566818528909897,1.0424087553194248,-0.027935335,0.8781582,0.355050188771753,1.0551278170289342,-0.06484185,0.7897799,0.3285316428380153,1.3005625310376356,0.22542746,0.027633153,0.47212771268640485,1.2872952658066512,0.21321309,0.052013196,0.338562156650314,1.3404573108868703,0.2500498,0.023152277,0.47343208471340736,1.3084107449246223,0.2345128,0.02834799,idle
0.38233955035994094,0.3272722596992868,-0.10458088,0.99987465,0.3543039830675089,0.3066001335376871,-0.08178795,0.99986684,0.3916630991266694,0.30717779465550005,-0.07002951,0.9998502,0.3452366210966613,0.3280248581672644,0.04366785,0.9998711,0.4077982160425787,0.32698690077699716,0.099955514,0.99986887,0.3764319381569594,0.34527465885287373,-0.05815345,0.99941725,0.3897838047009078,0.35502032151916596,-0.04266883,0.99910986,0.2860356939144788,0.4331325561444703,0.0387915,0.99936414,0.4473414731817613,0.4496458531132152,0.1419622,0.9993984,0.2898976612113434,0.5824154738177574,-0.21093352,0.9991796,0.4783757619133455,0.6368808146071843,-0.07398833,0.99665785,0.46547684247842225,0.47122711366575404,-0.36270323,0.99870795,0.37826813574589313,0.4434208602584755,-0.42688727,0.9994927,0.43811145933971996,0.7789250093201123,0.0026918529,0.9998926,0.34222127538452807,0.7946121108050398,-0.0023739252,0.99991846,0.4688774798717311,1.0354639308851585,-0.02895775,0.87541527,0.34615239877022363,1.0500452180903699,-0.06530617,0.7813634,0.32425227815255364,1.3011742919846547,0.22620602,0.025495045,0.4704712786389781,1.2894254667248095,0.21045378,0.048421517,0.3334916110268954,1.3273215512813323,0.25083244,0.021514924,0.4741514437700235,1.316041524591567,0.23077321,0.026507376,idle
0.3732056514303025,0.3245842501332768,-0.11676862,0.99986356,0.3568987987609653,0.3070407926896256,-0.09669838,0.9998549,0.39059913136064095,0.3101752611694077,-0.083328776,0.9998375,0.3358628454351892,0.32397084395382614,0.023331825,0.99985796,0.3954928990553115,0.31409151287406,0.085293,0.99985707,0.36793528669395426,0.3504156457064773,-0.072137624,0.9993674,0.38010325757200514,0.35707511977738327,-0.05477347,0.9990355,0.2895112526131822,0.44301742930439686,0.024131646,0.99933225,0.44896272864862197,0.4528842760800367,0.13427731,0.9993635,0.29138849106958675,0.5829505726643093,-0.21415141,0.9991885,0.48295774021651117,0.6295508101507723,-0.07549952,0.9967725,0.47208165996549056,0.47737565610310406,-0.36268985,0.9987811,0.38210663899698794,0.44155119404082427,-0.4231933,0.99950075,0.42312604054993086,0.7755986708925432,0.0027683296,0.9998989,0.3299502111637761,0.7878523884255622,-0.0024524084,0.9999232,0.45578754082423467,1.0382498138391647,-0.029162625,0.8740226,0.34505252357487215,1.0571466014616826,-0.06576647,0.7759851,0.3224532749267144,1.2922317656602607,0.22770536,0.023843665,0.4719125210569014,1.2959283150156768,0.20183656,0.045942284,0.32654219431541043,1.331846003957922,0.25303277,0.020273738,0.47806015231365484,1.3150287511193677,0.22085336,0.02517867,idle
0.3749466799683707,0.3347501453687943,-0.11916176,0.99985725,0.35824652726382644,0.3045986719444733,-0.09865294,0.99984884,0.38410755791333995,0.30334707104211783,-0.085828245,0.999829,0.3501520891412223,0.3212228861470996,0.023884859,0.999852,0.41351986871137114,0.32554447193228236,0.08291874,0.9998481,0.3656097244451125,0.3491932365816965,-0.07391864,0.99933416,0.38682000495791147,0.3557561930109612,-0.057249,0.99896884,0.2863471648125,0.4330982788683465,0.023609657,0.99932307,0.44157679616008905,0.44718140170317405,0.13086775,0.9993139,0.283054341904203,0.5861693705747989,-0.21610239,0.9992159,0.46961195972797043,0.6276834471333813,-0.082222104,0.99690276,0.48252649099601463,0.45640195992579285,-0.36498022,0.9988484,0.38333912265964676,0.4517336076354298,-0.42305017,0.9995229,0.4364996857669413,0.7658302973198685,0.0020831057,0.9999045,0.3265658474989015,0.7793419944911252,-0.0017359063,0.99992764,0.46116965911479324,1.0384380604518684,-0.028983906,0.86949444,0.3420201757042498,1.0468444586979477,-0.066470265,0.7671116,0.32819198020550944,1.2998558884926836,0.22723205,0.022063997,0.4707364107612253,1.2935157617299484,0.19536935,0.0428991,0.33328325857620844,1.3231866998035855,0.25229418,0.018889276,0.4727332436811371,1.319702799757362,0.21330443,0.023591438,idle
0.3764885953490119,0.33070169895354123,-0.118957475,0.9998571,0.3465580864025669,0.3084741188015163,-0.09782378,0.99984986,0.3893972278145369,0.3045848796142918,-0.0855865,0.999829,0.34619104748574603,0.3207123765409435,0.025128234,0.99985355,0.40440364508983095,0.3175469715589077,0.08317062,0.9998479,0.36296775517081836,0.3513133786237556,-0.07301973,0.99933004,0.38648742782133694,0.34769980704312425,-0.057059877,0.99895537,0.29327657344536484,0.430300109464551,0.02722398,0.9993328,0.44070962097700506,0.4495288721020827,0.13228282,0.99928856,0.2882612597886228,0.5746412845547632,-0.21552476,0.99925095,0.4715305763901759,0.6355684066319052,-0.076969214,0.9970099,0.48423556691513403,0.4681921189687581,-0.36959752,0.9989181,0.38066932931896424,0.43302189689098286,-0.4284668,0.99954444,0.4310296670296998,0.7669507991060557,0.001822187,0.99990946,0.3269246553740385,0.7911298643257021,-0.0014777768,0.99993175,0.4548700797502615,1.0322857967453336,-0.04002549,0.87100005,0.3447213641681104,1.047611720264713,-0.06692597,0.7691637,0.330477144606643,1.2986268901867581,0.2335829,0.020913525,0.477959702404963,1.2820733706164653,0.17613633,0.04138836,0.316400349443693,1.333219194009984,0.25931436,0.01796052,0.47875165634357497,1.3180466183254602,0.19319242,0.02279929,idle
0.37460910070988696,0.33179923275103007,-0.10848306,0.99985653,0.3532083563848014,0.3051076903710523,-0.08524119,0.99985147,0.3883705272055473,0.30373386711713735,-0.07497884,0.999829,0.34639973794843837,0.3091843227708478,0.047385998,0.9998564,0.403149637337624,0.321895246377023,0.094312355,0.999849,0.35621831830961403,0.3567365121098895,-0.059319705,0.9993344,0.382315797789072,0.34686928303573666,-0.0461835,0.9989566,0.2924497842603472,0.4380488270337995,0.054557204,0.9993503,0.43637659062718215,0.44713817208884815,0.15054896,0.99927723,0.2880927627206523,0.5959135294608676,-0.18815185,0.9992776,0.4882027241273239,0.6307494266284008,-0.049708102,0.9970805,0.4735617789777259,0.46768762980212636,-0.3439836,0.99897754,0.3709994064184362,0.45022946043552625,-0.40900785,0.99955845,0.43553889434022064,0.7758409369917428,0.0016887628,0.9999142,0.3260431800627518,0.7817081104530847,-0.0013389464,0.9999357,0.468205595785369,1.0370651496764665,-0.05384195,0.8757106,0.3368636677814234,1.049523254490009,-0.067797355,0.7777469,0.3333747944604517,1.294997357165702,0.2459056,0.020368759,0.480297672514287,1.2930792372003574,0.18115203,0.040625986,0.3262266299376869,1.3367995878049896,0.27367458,0.017425092,0.47638835499663423,1.3170500306617594,0.19901942,0.022373745,idle
0.37603653472102694,0.33811191934484847,-0.0944082,0.99985725,0.35206602239774154,0.30352777490173727,-0.06928705,0.99985343,0.39227986293671624,0.30403638907522773,-0.0592434,0.99983096,0.34006412492214433,0.3105370968728069,0.06572897,0.9998588,0.40969420130561496,0.3200609486827381,0.11124072,0.99985063,0.3614713449769913,0.3510230251475657,-0.044897433,0.9993306,0.3841153865400022,0.3548898903049537,-0.03219711,0.99894446,0.2875182970838839,0.4315414140326439,0.06599671,0.9993645,0.4531673611157797,0.4437756277900029,0.16653281,0.99927485,0.2850282273179684,0.5886211751190387,-0.18358515,0.99930984,0.4818353023272426,0.6264987239250536,-0.032734953,0.99715865,0.4766872334281035,0.46757981484980915,-0.32847857,0.9990337,0.38317269272004206,0.4469186258878248,-0.41062912,0.9995725,0.43372706985686293,0.7735875165342918,0.0020616732,0.99991894,0.32860316043657356,0.7744305288512199,-0.0017071438,0.99993944,0.48167299364447047,1.0418957494186514,-0.0649305,0.88131076,0.3389924629841533,1.0450287105820752,-0.06894819,0.78789866,0.33161291756211664,1.296863912314921,0.24697372,0.01984668,0.4820804385719727,1.28941929613498,0.18371701,0.03964109,0.3358482872046744,1.3236577835421908,0.2749672,0.016915804,0.4857614842059462,1.3187233275251633,0.20081732,0.021989042,idle
0.36917650590296847,0.3303775685583671,-0.09716714,0.9998563,0.34713935997250234,0.3137497645503097,-0.072948456,0.9998517,0.38618665072153124,0.3052801213480898,-0.06188496,0.99982923,0.3362509944268136,0.32079065134529816,0.06192877,0.9998568,0.4037850857099966,0.32682587765235,0.10864556,0.9998481,0.36108074432620285,0.35777714268728295,-0.048264652,0.9993265,0.3937765311917174,0.34915717574549576,-0.03511675,0.9989435,0.29366719005556874,0.44016049635256965,0.06314264,0.9993689,0.45034628693109213,0.44632298410600907,0.16194077,0.99925977,0.29067651361836744,0.5839420141704179,-0.18719721,0.9993122,0.48298766236035173,0.6325172010316458,-0.035499595,0.997197,0.48021109565710096,0.47644146233259743,-0.34339452,0.9990777,0.37884521592644005,0.44873294690873183,-0.43461698,0.9995787,0.43700257080417826,0.7763221430372155,0.0020847232,0.9999205,0.33236186018152536,0.7642670320753413,-0.0017285891,0.9999406,0.4822061539392083,1.0319553785488231,-0.065007955,0.88509005,0.349160306085912,1.0315214178769803,-0.07894867,0.79528433,0.3257294341828678,1.2922047392438016,0.24600086,0.0201957,0.503065453415482,1.2857796659167902,0.16808225,0.042448636,0.33420790061106165,1.3194397682204324,0.27416074,0.016990658,0.50778167397909,1.3092571664424102,0.18534602,0.022448564,idle
0.38677017968744387,0.3320683465628806,-0.11306061,0.9998538,0.3553297216084339,0.3117781785644567,-0.08818487,0.9998499,0.3864565090450922,0.30725798854924247,-0.07895061,0.9998266,0.34931667618854056,0.31937263681435374,0.0562676,0.9998562,0.41357361915826985,0.31658323087716655,0.09526272,0.999845,0.3612085692391226,0.34789158895885,-0.06016279,0.99932426,0.39308073940177646,0.3607629763084874,-0.04909919,0.9989384,0.29920260335325544,0.4422709379742821,0.059780896,0.99937457,0.4583961376691831,0.44875186447874227,0.15270351,0.999248,0.2950522485716429,0.5825320031696088,-0.20756932,0.99932855,0.4813068220756638,0.6332498341588157,-0.06591963,0.9972149,0.4811275370128356,0.47089648463477873,-0.39304328,0.9991038,0.3834899171445467,0.4475581366050794,-0.46804103,0.99958587,0.43841861678545413,0.7593831758589205,0.0021905722,0.99992186,0.3385542187610586,0.7772827273054249,-0.0018395077,0.999942,0.4894518454205803,1.0359624349593235,-0.061844785,0.8885288,0.35166122072362915,1.0406847378668498,-0.08442884,0.8024825,0.33654042227546177,1.2940251757785535,0.25144118,0.020349942,0.5032207209798952,1.2757297134006123,0.1734274,0.04377528,0.3361063094296496,1.3055245785211027,0.2810875,0.017058643,0.49561557152056024,1.30568308699915,0.19158792,0.022745328,idle
0.38135495670611474,0.33258121411924485,-0.12393012,0.99985707,0.359026213879471,0.31091115614132475,-0.100778244,0.9998531,0.3956990552574873,0.30969183784774307,-0.08791785,0.99983096,0.3400357926384533,0.3236128696786048,0.030739402,0.999859,0.4099084964616574,0.31774827821257046,0.08890682,0.9998469,0.3720445512577927,0.35343162293609126,-0.075769946,0.9993296,0.3964842469097134,0.3596750805335597,-0.059586294,0.9989381,0.29858571571897674,0.44659522225054915,0.023557197,0.9993608,0.4396848642526626,0.4555462468138781,0.1478506,0.9992522,0.30001576444947475,0.5902054853504755,-0.24011946,0.9993483,0.48294605804713375,0.6380503359319495,-0.06804843,0.9972503,0.4806109298121195,0.47022048999158494,-0.39611024,0.99914,0.3995108861765051,0.44459945931852657,-0.48619682,0.99959433,0.4467980170056749,0.7700968540408685,0.007915382,0.99992454,0.3427835552846562,0.7798905720956565,-0.0076310365,0.9999437,0.5018590362103192,1.030033704555269,-0.06050395,0.8928929,0.35083298144855124,1.045609981056122,-0.08373787,0.80908287,0.33760780710183014,1.2904763429140496,0.22430356,0.020201292,0.49958928643541867,1.2883111069304496,0.1752874,0.043608002,0.3308935384207039,1.3140213529009368,0.2499984,0.016860262,0.49909158614160776,1.3032892279007133,0.19384025,0.022813966,idle
0.3743846001372365,0.3364007624543679,-0.124925174,0.99985707,0.3496297090410537,0.3080045794794058,-0.10176881,0.99985397,0.39596280831276287,0.3064222609956421,-0.089750595,0.99983156,0.34408215535964837,0.3187983737298949,0.02888433,0.99985963,0.4180699393448768,0.3178048054478687,0.08301075,0.9998446,0.3756509113721136,0.3488977234793165,-0.077212706,0.9993198,0.41036141729322606,0.3567536117365737,-0.0621006,0.998907,0.2985042781228472,0.42947016686073963,0.02406224,0.99936265,0.454276175527875,0.4534591739501177,0.14019847,0.99924004,0.310355069208594,0.5918729133161842,-0.23097786,0.9993638,0.4908105069626152,0.6377713038093633,-0.07517178,0.99726933,0.4826714834690876,0.4707030195961188,-0.39516824,0.9991669,0.409033701580797,0.45824216454031413,-0.47306103,0.99959946,0.4523300412894693,0.7590096922656584,0.0080892425,0.99992657,0.35124605334432946,0.780249110120917,-0.0077987514,0.9999454,0.5029557363310226,1.04034406455661,-0.05938641,0.894214,0.35575134863465463,1.0458906636399197,-0.075541615,0.8111029,0.34865639584044594,1.2761892426808314,0.21844211,0.019631187,0.5023758581500388,1.2681229179548517,0.17669985,0.041916713,0.3442404253218989,1.3008240532739133,0.24288478,0.0164334,0.5152445348957432,1.2950172544281877,0.19493467,0.02219619,idle
0.38631413659078684,0.328730310455399,-0.12560347,0.99983346,0.3722613226067224,0.3125010419242746,-0.10542202,0.99983025,0.40494893801380427,0.3049013034688163,-0.09148312,0.99980307,0.36272825182417057,0.321884568693277,0.013624785,0.99983656,0.42946530587410114,0.3205664195653644,0.079989664,0.99981326,0.37762207013945426,0.34942213627148927,-0.08049662,0.99921435,0.40056102364844504,0.35116999543772814,-0.062731504,0.99868506,0.31098006876996276,0.4343087199581023,0.012946419,0.9993018,0.46822169964110316,0.44642924641360754,0.1298872,0.999196,0.3119447394590832,0.5754059598200455,-0.23836048,0.9993505,0.4846655077039501,0.6344404379430243,-0.07991991,0.9972834,0.4774213238282543,0.4815353051102849,-0.3873561,0.9991948,0.4044005516523559,0.44712894790097424,-0.4690833,0.99958193,0.45820457236511647,0.7645512738012774,0.008047667,0.99992764,0.35721361213047576,0.7829570526734088,-0.007762158,0.99994546,0.4963927826354144,1.0303984053964492,-0.058956992,0.8939958,0.3533699108429287,1.0401254448026767,-0.07801632,0.8076927,0.35293310736449257,1.2796486569679395,0.22047213,0.018651035,0.5111036435935352,1.2665575625083711,0.17758423,0.039987784,0.3510736016463375,1.3115843793869968,0.24591753,0.015675548,0.5164270747057231,1.288453896143727,0.19641164,0.021279033,idle
0.3984743825564194,0.33780577424803626,-0.1281645,0.99981505,0.3886671919153686,0.31111373166710427,-0.10993346,0.999809,0.40982181508465876,0.30609630097052587,-0.0953656,0.9997749,0.36794625022543115,0.32151399647184514,0.0044090278,0.9998133,0.4259668926687096,0.3211563429473008,0.07216542,0.9997726,0.373770492966208,0.3586196823863807,-0.08480604,0.9991354,0.412721655560799,0.35593805097836534,-0.06604084,0.9985145,0.31991666683986497,0.4383529161126274,0.0070440113,0.9992785,0.46829983634252215,0.45683365828334155,0.12502705,0.99916834,0.32083277723240444,0.5888022862264043,-0.23521903,0.99932873,0.4902776638587645,0.6263712163052333,-0.0795935,0.9971631,0.4935671389864058,0.47488600433639977,-0.38327286,0.9991839,0.4109026977283984,0.43979385585384834,-0.46673927,0.9995621,0.45911753274091094,0.7738655194429653,0.007991359,0.99992704,0.3663304983596055,0.7913111992637657,-0.0077153645,0.99994385,0.4962616378949928,1.0316649287538038,-0.05859502,0.8905517,0.3692039819901469,1.0365577700721342,-0.078007385,0.80083007,0.35907893284514014,1.2637996024901184,0.22985558,0.018029934,0.511630239958913,1.2611295455415044,0.17528084,0.038930222,0.3581854863740722,1.2944775673345805,0.25769123,0.015333588,0.5061455387393364,1.2917082645191462,0.19413587,0.020904114,idle
0.39714767200774503,0.342841318110889,-0.1270211,0.99981344,0.3831364121669335,0.3085699713503916,-0.107752696,0.9998053,0.42015465662626983,0.31470028593743254,-0.09387576,0.9997673,0.36451315343132706,0.3271039621009304,0.009960931,0.9998089,0.4307746128949338,0.3128087332900001,0.07341751,0.9997572,0.388968715214713,0.35078581079297183,-0.082499765,0.9991356,0.4140999488979219,0.3522349694844489,-0.06474409,0.998499,0.3202490450021769,0.4378967429578471,0.012578902,0.99929655,0.48241082367806143,0.4441076834007491,0.1268884,0.9991635,0.32826119367404594,0.5765612387858872,-0.22078288,0.999308,0.5046253731485159,0.61891030312541,-0.07807624,0.99694633,0.49456767911027044,0.4691141350687175,-0.38124844,0.9991231,0.4192548236491417,0.44719411620870236,-0.4179409,0.99953556,0.46938179878424935,0.7695439515816369,0.007953428,0.9999244,0.36191978414919856,0.7766196880003369,-0.0076853484,0.9999428,0.49503068768869907,1.01685985769818,-0.024748547,0.88684154,0.3710634203708062,1.034100385570077,-0.09539184,0.799847,0.36095577505389576,1.268734517808846,0.15223756,0.018608764,0.5291296600570354,1.2546244127364774,0.22826084,0.0388732,0.37071197915730925,1.2920908456153524,0.17307909,0.01624684,0.5253610722731845,1.2836603558261357,0.25063232,0.021433758,idle
0.4351297443113934,0.3327702801754143,-0.17729264,0.99982613,0.41226722070944466,0.3134595707304821,-0.15788707,0.999817,0.4445383290688757,0.31193800410410866,-0.14633423,0.99978024,0.39466563444141145,0.3304030921858052,-0.026358593,0.99982035,0.45834563051504695,0.3210254082424384,0.024818446,0.99977076,0.42448288577954163,0.34979454641852364,-0.12703224,0.99920005,0.4325533790699343,0.3581956147687765,-0.112743974,0.9986122,0.3530154114319667,0.4477980934844923,-0.0021943073,0.9993439,0.5122801481868241,0.4366244876617264,0.10859058,0.9992125,0.3546647091926196,0.5877496784380303,-0.21987672,0.9993226,0.5317993098509078,0.5997121492545018,-0.08031075,0.99698156,0.5177765059446184,0.46954133272626114,-0.3952294,0.9991342,0.43988670973457067,0.4448849548028714,-0.4230339,0.9995482,0.4977792930534589,0.7772646970666378,0.008289934,0.9999215,0.405853751263332,0.786587681270786,-0.00797973,0.99994206,0.5285102074652376,1.017097844146775,0.0012275365,0.8849083,0.40610944724826525,1.038398902905967,-0.09465881,0.7997662,0.4085241308669134,1.278873881638338,0.14993283,0.01911634,0.5513172769450999,1.2555985358335784,0.2531764,0.039691426,0.4043326105443954,1.3104472314176474,0.16946185,0.017088803,0.5609331761879126,1.2851504891674388,0.27393383,0.022488073,idle
0.43937641295250585,0.3451362640395778,-0.19316313,0.9998375,0.42874031332273843,0.3202273734175331,-0.17675358,0.99982923,0.4570659357150355,0.3115764946754249,-0.15953042,0.9997941,0.40437875908810383,0.3394214210407741,-0.05453963,0.9998332,0.4688665758475603,0.31749894025793196,0.022677826,0.999786,0.4364215551160343,0.36186121138026095,-0.14632824,0.99925905,0.45366457042189634,0.353893472718704,-0.12457015,0.99871343,0.35892087034525133,0.4386088388769572,-0.03895503,0.99937606,0.5227356365668483,0.43606946705311733,0.11330591,0.9992563,0.3684627742474579,0.5827306255844072,-0.26005536,0.9993458,0.5483420158496584,0.6102898637360007,-0.07839713,0.9970553,0.5461387261687047,0.469752720835087,-0.40803474,0.99917704,0.45325030396440824,0.43607686254203193,-0.47359028,0.999565,0.508931155325034,0.7764676833249782,0.018861335,0.99992436,0.419049184981663,0.7868179497118195,-0.018371727,0.9999447,0.5395051189107278,1.0220323980031567,0.03401854,0.8803225,0.4237076312617337,1.055758480221149,-0.107512794,0.7952259,0.4208383206174623,1.2895492784312808,0.16028723,0.018127728,0.5629253260595701,1.2610871102709138,0.31111306,0.037784334,0.4153676482210723,1.308866639338637,0.18280213,0.016746357,0.5602747619514598,1.2996421435505672,0.3353088,0.022025974,idle
0.448605845953323,0.3336212571251286,-0.18394242,0.99984515,0.4329384195964944,0.3138844118416231,-0.17059916,0.99983865,0.4653363453335203,0.30910575464856066,-0.15079139,0.99980307,0.4074662872171364,0.32531145774508374,-0.062056787,0.9998436,0.4769831806047041,0.3231201095868206,0.028339151,0.9997962,0.43376590224164435,0.37128060919983985,-0.14166029,0.9993065,0.4526303858489735,0.35987721951432144,-0.11653016,0.99879247,0.357837917719972,0.4424398634273915,-0.04659205,0.9994047,0.5232155763240625,0.4405685758034444,0.11629585,0.9992825,0.3723075922611111,0.5824356974218622,-0.2699649,0.99934256,0.5545023663244475,0.6088901205025647,-0.06755822,0.99693745,0.5516973687694227,0.47940498684504246,-0.40935954,0.99917924,0.4471252235535259,0.4487730517775499,-0.4893104,0.99957186,0.5174737997612819,0.7816523913137542,0.019402577,0.9999261,0.4243200589816367,0.7903859468754421,-0.018944446,0.9999463,0.5462604343331293,1.0217461565130217,0.026403349,0.87615645,0.4229768474110318,1.0569741995620616,-0.11765289,0.787922,0.42411631614785206,1.2796818450984646,0.13205296,0.017764594,0.5687081456872081,1.25461081935798,0.26715684,0.03751956,0.4153726044638445,1.3164388009222616,0.15258995,0.016889267,0.5671856880899269,1.29122210312726,0.28818765,0.021866156,idle
0.44884385997693077,0.3355596140024971,-0.1813507,0.9998532,0.4230166929093321,0.31070333045886933,-0.16595225,0.99984753,0.4602394625636551,0.3100414800307658,-0.14844191,0.9998125,0.4227347952862752,0.3277484730443582,-0.0491372,0.9998527,0.48336542778788105,0.3244423174840687,0.029229766,0.99980634,0.4487766123317417,0.36681201733028934,-0.13668717,0.99935156,0.45895810403715565,0.36194435170965633,-0.11463022,0.9988731,0.37890421664613005,0.44668580115822637,-0.03297866,0.9994364,0.5319406413471741,0.4398968284921587,0.11717751,0.9993134,0.37414978017548417,0.5774102111157863,-0.265679,0.999349,0.5661190359653283,0.6140699217755754,-0.06746043,0.9969333,0.5577538234918221,0.48419876736233697,-0.40589088,0.9991898,0.4644902517335793,0.4535318641423765,-0.4876469,0.9995825,0.5242719559975206,0.7808034892350302,0.018657234,0.99992657,0.42897772583011784,0.7968759032924899,-0.018207442,0.99994737,0.5340172614201656,1.0231693491034741,0.019072428,0.87502015,0.42741440324090507,1.051244047736746,-0.13690148,0.7871386,0.41737270955071293,1.2920741476656485,0.13207722,0.017636595,0.5766946047115684,1.2602403144572032,0.25393254,0.037435994,0.4239083921078809,1.3213021352343932,0.15488887,0.017177131,0.5718342392202549,1.2896814215477013,0.2740767,0.022053298,idle
0.44696972920076017,0.3436141093939874,-0.18482016,0.99986047,0.44477182895216594,0.32072010710562904,-0.17289951,0.999856,0.47346352202769104,0.3062463760145962,-0.15337482,0.9998213,0.4240781331761827,0.32525404471606956,-0.06753997,0.99986136,0.4806959556649748,0.3236435834196061,0.021127101,0.9998157,0.446159708325336,0.36294497197224423,-0.14350127,0.99939495,0.484737482814495,0.3577562219617752,-0.118678585,0.99894845,0.3758888550069517,0.43587434801185876,-0.05248178,0.99946404,0.5395012037126116,0.44285953803854805,0.112588964,0.9993447,0.38965557114218885,0.5914274398066514,-0.2720893,0.99935466,0.5828573953007433,0.6124512500044427,-0.06750803,0.9968616,0.5536085111742213,0.480537429657747,-0.41677794,0.9991977,0.47053834346454193,0.43688812584851666,-0.49719763,0.9995878,0.526482791102897,0.7747730394309975,0.021186184,0.99992377,0.43920198856181014,0.7952955169755579,-0.02076285,0.99994636,0.54797832915782,1.0238842137190127,0.009688263,0.87508655,0.43500949315427384,1.0494513538636456,-0.15728529,0.7940943,0.4270119530788652,1.2899565707238543,0.079309225,0.018555323,0.5673743477904647,1.2665227715981724,0.26081818,0.03724686,0.4220321171677591,1.3151227627370812,0.09793145,0.01814943,0.5745446269295196,1.2814538135878293,0.28336582,0.022751532,idle
0.466782464426884,0.3392170668518564,-0.17970857,0.99986863,0.44680644020313787,0.31404348363320433,-0.16361128,0.99986476,0.48241702493293304,0.3135905121642359,-0.1464724,0.9998317,0.420649068221026,0.3419799003177923,-0.059164595,0.9998697,0.4922708174065281,0.33509032757060214,0.026028683,0.9998267,0.44760150419314726,0.3574282852968477,-0.13494809,0.9994363,0.48021052008702536,0.36305117366249107,-0.11226769,0.9990235,0.3848477006831813,0.45248976991632733,-0.047661476,0.9994846,0.534349538998611,0.4366385043488528,0.113719895,0.99937433,0.40051966873918676,0.5926125119709683,-0.2507783,0.999355,0.5744389555012344,0.6074472533280907,-0.054971725,0.9967833,0.5670594611221939,0.4948923680733884,-0.38903713,0.9991927,0.47375777754353154,0.4377029298576151,-0.43072304,0.99958146,0.5248506118940572,0.781735409665764,0.023826046,0.9999197,0.4359247465209064,0.7922304013165321,-0.023440095,0.9999444,0.541719442312632,1.00601175605033,0.016332593,0.8731904,0.44580163734623934,1.0471937165973517,-0.14197114,0.8011386,0.40911229603931376,1.2741109635532637,0.112135306,0.019357396,0.5626761322359352,1.2348486639842935,0.2823683,0.03657828,0.42982032521630076,1.2954101364375648,0.13323691,0.018991861,0.5658017065558185,1.271252700943159,0.30755818,0.023612883,idle
0.4640496400360429,0.3452001715550028,-0.17555629,0.99987453,0.4523468910869608,0.31942022913230406,-0.15935314,0.99987066,0.47682610573598383,0.3097483912389146,-0.14285001,0.99983877,0.44006227053065794,0.3393128482290956,-0.050012596,0.99987465,0.4929809021663716,0.3202807032711609,0.029683128,0.9998325,0.4570214356736364,0.35208824603613875,-0.13083291,0.9994664,0.48661511182980943,0.36504729390276086,-0.108933374,0.99907833,0.3910899084819932,0.45591692532121947,-0.04074701,0.9994963,0.5347509458994703,0.4430547399601752,0.11463988,0.99939364,0.40537868449542125,0.582978778852032,-0.2494595,0.99931985,0.5796995316884211,0.6000356702205084,-0.05675459,0.9966536,0.5678417249124098,0.48778410163947394,-0.3920527,0.9991743,0.48473664932043503,0.44936149517450064,-0.4310452,0.9995668,0.5387227403948,0.7697972660741716,0.024947416,0.999915,0.4429047834184885,0.7808571190368142,-0.024602666,0.9999414,0.5572247886914268,1.0232347095955256,0.010538941,0.8684538,0.4461170272398284,1.0385945869615085,-0.15671001,0.8008148,0.4238566837002583,1.2708066219504526,0.09194137,0.019689545,0.5681571950211282,1.2319881659108043,0.26982778,0.03674096,0.42094773274391084,1.3087706216395616,0.11233225,0.01901828,0.5679980937803215,1.2733909886336146,0.2937813,0.023745544,idle
0.4783045025798984,0.3330784241246477,-0.16609524,0.99988073,0.45781869959361177,0.320208354359931,-0.154655,0.9998776,0.47607910848003254,0.30821289454693784,-0.13251293,0.9998472,0.43884562199007193,0.3366285519043533,-0.047092814,0.9998811,0.4979335890741112,0.311678448469368,0.042073317,0.9998409,0.45613624916277873,0.3625328976001518,-0.12813868,0.99949235,0.49000724127644246,0.35299562322818295,-0.09978029,0.9991232,0.39804426830822703,0.44477529376654745,-0.0413298,0.999507,0.545332423750725,0.44726769996402893,0.124936774,0.99941516,0.40501113395874266,0.5959020624513166,-0.2627911,0.99932593,0.58248403868402,0.6075080859737574,-0.053664047,0.99665797,0.5769724984616607,0.48745714458038875,-0.39261883,0.9991993,0.4791298031689355,0.4413299420462533,-0.4701612,0.9995769,0.5402243013287777,0.7851027915884802,0.0257524,0.99991673,0.4394382165026307,0.7779317746978346,-0.025391465,0.9999428,0.5575955421375379,1.0227050977948475,0.007316459,0.86229175,0.44091419658611275,1.0371664437855252,-0.15831028,0.7937479,0.4226316761713338,1.2731939415638733,0.092938855,0.018629985,0.566676356653953,1.2440381718399478,0.2623121,0.034940578,0.41692021082871455,1.3103877060413438,0.11395562,0.018150667,0.5701616735195179,1.2614916886335936,0.2851617,0.022754712,idle
0.47517414458658647,0.3318229498611891,-0.15951675,0.9998867,0.46428326573655077,0.31764769944205934,-0.14443892,0.9998847,0.4891647829316508,0.30087508954135916,-0.12517741,0.9998555,0.4302808600798229,0.3261954840855387,-0.031556226,0.99988824,0.5003042270804934,0.3182986462962949,0.048832767,0.9998497,0.46789865196815994,0.36436704180031765,-0.119035244,0.9995128,0.48857942900541784,0.3479367254765529,-0.09453164,0.99915636,0.3894727232826328,0.45550629071372545,-0.030592997,0.9995217,0.540551010382529,0.45109535207814183,0.1320385,0.9994254,0.4162931714393384,0.5884906885804797,-0.25009802,0.9993586,0.5903244607219135,0.6119260750973085,-0.053571075,0.99677354,0.582426115117661,0.4894156179288632,-0.39133343,0.9992393,0.4841912029969362,0.4388906414776774,-0.45871726,0.9996016,0.5435693078418499,0.7693594892483718,0.02546427,0.9999216,0.43916690785310797,0.7865876363707254,-0.025147,0.99994624,0.5604097547491289,1.0233911312239945,0.0006703829,0.8653353,0.44560596269957387,1.0550357936925512,-0.15559047,0.79636806,0.4291727003710908,1.2795164328996522,0.11509422,0.017427476,0.5693332760905343,1.2532116682957097,0.2585166,0.032860465,0.4248332229443361,1.3045391324453102,0.14000753,0.017172022,0.5633018439082342,1.2693879931261016,0.28081074,0.021629205,idle
0.4693062391418835,0.3403127795666356,-0.16030297,0.999893,0.4571146121917091,0.31289069919309087,-0.14456773,0.999892,0.48895003437036255,0.3094770688680376,-0.12660347,0.9998636,0.4441198544206111,0.3261260030229197,-0.027711028,0.9998959,0.5021156467920961,0.32598943956880966,0.047111914,0.99985856,0.4598287952288004,0.3645538659476135,-0.11885841,0.9995419,0.47874415903119716,0.3550048858759596,-0.09531864,0.9992057,0.3994483854109846,0.4536781204535935,-0.020625053,0.9995491,0.5560317900294802,0.4453661037064295,0.13435712,0.99944556,0.42148434308130367,0.5868104099554867,-0.23172376,0.9993914,0.5922311309251758,0.6095537414653305,-0.05030918,0.9968182,0.580091936669522,0.4913992076935044,-0.39019385,0.99925166,0.4763210119271587,0.44857127597772656,-0.44640437,0.9996239,0.541862597016471,0.7677087093038024,0.02282417,0.9999246,0.44294848178112567,0.7823178584250325,-0.022441503,0.9999485,0.55547597533237,1.0205707876075407,-0.017002951,0.8703477,0.4525322163272921,1.0411082505795934,-0.1491837,0.80334765,0.43034376434581956,1.2728864948503829,0.13573232,0.017003002,0.563294509711481,1.2517474895127025,0.23085663,0.032343693,0.42432206171010023,1.3009192351036292,0.16089639,0.017036429,0.5728907435143844,1.2850910874012338,0.2521171,0.021674668,idle
0.4759602261616488,0.33292836910583407,-0.15306595,0.99989885,0.4607437273592735,0.3165285397287611,-0.1371235,0.9998982,0.47380640338221525,0.30785208879255094,-0.119622305,0.99987084,0.45277709809177824,0.3208209347740692,-0.025125653,0.9999018,0.49919760608110386,0.3282183608648297,0.049471386,0.9998662,0.46774095575300234,0.3531265860974347,-0.112683915,0.99956304,0.48482712919920556,0.3562349028780997,-0.09041283,0.9992445,0.40529056181633794,0.4452774691497198,-0.018547732,0.99956286,0.5477889523562123,0.44884889631784286,0.13476883,0.9994593,0.41724297896202467,0.5823063033945413,-0.21752489,0.99941915,0.5820769995426274,0.6105309418743906,-0.048774436,0.9969032,0.5748920310143705,0.4807329060810674,-0.37478524,0.9992705,0.4902798294552524,0.4479253415468087,-0.40677625,0.99964267,0.5349491141076516,0.7847166221942999,0.02154205,0.99992657,0.44209409596190685,0.7759723415589084,-0.021152394,0.99994963,0.5584022789090315,1.0178841992937178,-0.020150535,0.8745464,0.45643046802460774,1.0348432762410928,-0.11701778,0.80915385,0.4326275163667339,1.2539602154914713,0.16924056,0.016462265,0.5613927468718395,1.2482581250484384,0.23281276,0.031100294,0.4223198002492985,1.2875477334394105,0.194421,0.01666504,0.5661615394121235,1.2716697308476825,0.25419366,0.021347467,idle
0.476613244831676,0.32969161692274485,-0.15318485,0.99990475,0.4730605373837865,0.3090310121976672,-0.13943008,0.99990475,0.4970559285742383,0.3152818236648637,-0.11990486,0.9998784,0.4513948951605772,0.32657390951516907,-0.041409105,0.9999082,0.5076123882416348,0.31756510490325945,0.04833441,0.99987406,0.47169218502450405,0.358728314459074,-0.116043136,0.9995875,0.49088486130660236,0.3547394030281982,-0.09088605,0.99928546,0.3913468907855492,0.4379753256291717,-0.03885894,0.9995771,0.5489222306639941,0.4451583236933118,0.13420044,0.99946845,0.42119521152535055,0.591571493975145,-0.23708773,0.9994424,0.5862453403260857,0.6085755577572854,-0.045460492,0.9968606,0.5828963421112554,0.4886611474670235,-0.37726435,0.99926853,0.4891934739141326,0.452393554117522,-0.4208265,0.9996569,0.5319549541567183,0.7820788385226041,0.02247526,0.9999279,0.4325096583976833,0.7814348532020687,-0.0220968,0.99995095,0.5524988734153532,1.0195189029957368,-0.018632436,0.8753787,0.45148611406741923,1.0422870709864192,-0.12464712,0.8128614,0.4263264543632015,1.2663847968336295,0.15228954,0.016083688,0.5679676933518889,1.260958781118486,0.24367313,0.029785085,0.4379588236510833,1.2974659172062235,0.17628732,0.016411414,0.5635904653023727,1.2577681475791551,0.26797202,0.020915527,idle
0.48141677211574185,0.3333678699397525,-0.15333092,0.9999078,0.4650398008752641,0.3234412460017859,-0.13962528,0.99990827,0.4933066357820065,0.311129439214178,-0.12005826,0.9998826,0.44779141972468606,0.31925699807048563,-0.043772947,0.9999114,0.4964945235327395,0.322143211231293,0.04839513,0.9998787,0.463605845831879,0.35420758250635126,-0.11619272,0.99960005,0.4911438868303881,0.35763170260619703,-0.090832725,0.9993071,0.39309927725703375,0.449227650851028,-0.039314028,0.999579,0.5461765225888484,0.4607451273098061,0.13379636,0.9994757,0.417914942890556,0.5862503484937902,-0.24303909,0.99945235,0.5977507901078772,0.61576033977545,-0.043738846,0.9968013,0.5784270604951272,0.48258330198658933,-0.37820128,0.99927056,0.4897526178678977,0.44516549254515386,-0.42216545,0.9996633,0.5369279983679822,0.7746114965463535,0.022235863,0.99992806,0.44556090150145844,0.7732875432529172,-0.021859145,0.99995106,0.5518256013027385,1.0213944456488144,-0.026485622,0.8751592,0.454345310565645,1.0325212699986188,-0.122899964,0.8116997,0.4316453990788143,1.2588597843604359,0.15641762,0.015605612,0.5698426933228218,1.2479768053342224,0.23101544,0.028744198,0.4291074175967413,1.2819155192905547,0.18060377,0.016023071,0.5669764105830541,1.26542549519503,0.25495738,0.020432042,idle
0.4825234931217932,0.3380304804011177,-0.15115872,0.9999125,0.4574228562942566,0.3133812724451342,-0.1391108,0.9999134,0.4865242953583977,0.310470839688818,-0.11830993,0.99988914,0.4454874382398969,0.32875274443775854,-0.046106778,0.99991626,0.512463102123143,0.321069018975823,0.048529394,0.99988604,0.47346393430528866,0.3642270736665029,-0.11586539,0.9996195,0.4866829819066214,0.35613672736605373,-0.08923991,0.9993419,0.40260922809063227,0.45203501524761697,-0.0409949,0.9995841,0.5436721181873666,0.4407062232860652,0.13369502,0.99949294,0.4135889935799991,0.5850956872524784,-0.242932,0.99946415,0.5845232856320062,0.6148901218245221,-0.0396583,0.99680436,0.5824821045802961,0.47676213626377195,-0.37150347,0.9992836,0.48925641517206586,0.44544400929140066,-0.42422813,0.99967164,0.5279327103715742,0.7740880035590617,0.022160476,0.9999296,0.439074042369788,0.7719883005216767,-0.021764433,0.9999521,0.5527534336851152,1.0228526913490288,-0.028929293,0.87700814,0.45715036166937995,1.0417331963508238,-0.115919575,0.8130787,0.4299570078907021,1.2700484362266993,0.16736417,0.015154684,0.5772309667898564,1.245648417953963,0.23230843,0.027617669,0.42618586848839934,1.2887454819561632,0.19224337,0.015641771,0.5724022404259634,1.2630484093361207,0.2557978,0.01993068,idle
0.4858645976806142,0.3410027946649548,-0.14523801,0.99991703,0.4728397545357318,0.31526474327120624,-0.13456163,0.99991804,0.48976380060975877,0.31318697747496677,-0.112840846,0.9998947,0.45165236813035436,0.32477352602717724,-0.04464173,0.99992055,0.5050605104929007,0.3270368050517233,0.051454097,0.99989194,0.46895319857191764,0.3528609065702626,-0.11153034,0.9996383,0.49187604479258085,0.36161822323954274,-0.08391259,0.99937415,0.39292912072508657,0.44083639351544623,-0.039110497,0.9995925,0.5432997594414752,0.4552051229225836,0.13339481,0.99950564,0.4143534233686126,0.584781730025087,-0.23892446,0.9994715,0.5931099823552761,0.6064429006477778,-0.03774586,0.9967117,0.5878739884503548,0.49190926577263155,-0.36389363,0.9992653,0.4869494622741215,0.44273369928102496,-0.4187811,0.9996774,0.534248725048097,0.7728858455722778,0.02208793,0.9999289,0.44823385435958885,0.7741543357027174,-0.021677248,0.99995166,0.5575256077401636,1.016170911873868,-0.031076942,0.87782604,0.44930992045580387,1.0392130555636279,-0.115698375,0.81432587,0.435276290662472,1.2623990439508628,0.17093061,0.0150518445,0.5764459634076866,1.2363395133855652,0.23084012,0.027035858,0.42122587220223606,1.2847161367245312,0.1963524,0.015639775,0.5637175326812793,1.2502180194292851,0.25513968,0.019812794,idle
0.47760468056046346,0.34559506575592064,-0.14627266,0.9999177,0.4621873041761837,0.3207657640202499,-0.1332036,0.9999187,0.49001586339919645,0.3176275274349064,-0.11370294,0.9998944,0.4378116109724164,0.32649523226037336,-0.02809229,0.9999208,0.4934654660834906,0.32904122953538306,0.05132256,0.9998912,0.46066772941151457,0.36850398124716854,-0.10913575,0.9996422,0.4905009673295102,0.3644188953798143,-0.08461851,0.9993817,0.39599425220613893,0.4471759421530027,-0.01831631,0.9995994,0.5475758087121106,0.4507662013387875,0.13326369,0.99950135,0.41385413940160154,0.5892415554583971,-0.2150224,0.9994728,0.5949310716023536,0.611733959158069,-0.038856037,0.9964557,0.5832427971009234,0.48777515268717536,-0.36713547,0.9991878,0.48628360054265174,0.4462412647948033,-0.39849287,0.9996799,0.5210524420682104,0.7604820920771622,0.017896201,0.99992555,0.4489653181709863,0.7722516572168922,-0.017532995,0.9999498,0.5552282969180846,1.011511454176043,-0.03719067,0.87919885,0.4513711512659745,1.0367032764394752,-0.11115899,0.81707937,0.42803094684583,1.254315435151874,0.17184922,0.015499019,0.5646044827760683,1.238529083561975,0.2183735,0.027368775,0.4340915765486889,1.2722171123925705,0.19668844,0.016154867,0.5685227263404479,1.2555707382354542,0.24162622,0.020057242,idle
0.4727358844056164,0.34042543430701955,-0.14932826,0.99991906,0.4652066823084007,0.3168098268858504,-0.13332988,0.99992,0.4934532019348554,0.3130214466022862,-0.11615249,0.9998952,0.44430326351713845,0.3309815942122609,-0.023388844,0.9999216,0.5014314777016811,0.3131507182522419,0.049667515,0.9998917,0.4658151227594224,0.37092418335526783,-0.1093656,0.9996474,0.48585637109044044,0.3490490422079024,-0.087549716,0.99939203,0.3890600542732767,0.447408392704064,-0.012687962,0.9996123,0.5448115746889224,0.4472239901205915,0.13246748,0.9995018,0.40903142176493656,0.5934680254731334,-0.21385404,0.9994856,0.585734462380146,0.6164119997398211,-0.044297513,0.99631804,0.5871068604237222,0.4889172097136025,-0.3810849,0.99913824,0.4762359547181939,0.44496984221464025,-0.4079024,0.9996885,0.5259078148011866,0.7549385087871453,0.015234942,0.9999228,0.44262484803223956,0.7824522637845623,-0.0148727745,0.999949,0.5456124628185806,1.025864458526059,-0.04365246,0.88083214,0.456445232352932,1.0381632664157805,-0.111758366,0.82106286,0.42867181026519674,1.2539225941448908,0.16967584,0.015840657,0.5680271926925116,1.2331030114924342,0.2191334,0.027202565,0.429144931305683,1.2751194351999025,0.19428869,0.016575903,0.5653529798439929,1.2625725948751612,0.24294464,0.020166205,idle
0.4716254271582011,0.3367690617180622,-0.145208,0.9999214,0.4632950005177797,0.31891455657418294,-0.12952408,0.99992234,0.49355685801562665,0.3159837014367742,-0.11172451,0.999898,0.44568837219210655,0.3254547197983306,-0.022991005,0.9999234,0.5068489308703368,0.32223458610700173,0.053398617,0.9998943,0.46929728901168266,0.36439426388090457,-0.106015846,0.99965334,0.48585620251512984,0.3602874075968002,-0.083844416,0.99940157,0.39736703892083824,0.43850806155021876,-0.014192833,0.99962157,0.5394919487152353,0.44947861504525366,0.13331136,0.9995096,0.40116651542945847,0.5888125861490541,-0.21764274,0.99950564,0.5905633047590295,0.6214056089547519,-0.04147128,0.99630237,0.5728907295912475,0.49205967171230036,-0.3784483,0.99913615,0.4789753048240434,0.4580844677464976,-0.41013202,0.9997001,0.5344954461591946,0.7634045411900418,0.015251909,0.999923,0.44431382650150164,0.7750201979604864,-0.014901929,0.99994916,0.5568334675745934,1.013326412502419,-0.048751324,0.8834922,0.45108813193938946,1.0180321901875258,-0.10864936,0.824842,0.42646815421597073,1.2477227677010765,0.17787817,0.015736088,0.5544134316467191,1.2392031077809287,0.21554093,0.026641618,0.42495954889090926,1.2825064629642804,0.2033586,0.016470475,0.5599045684019457,1.257784600607603,0.23997393,0.019992152,idle
0.47329270033899606,0.34105611450772305,-0.14164232,0.9999237,0.46336900894297894,0.3141883777188455,-0.12823436,0.9999242,0.4920690009054327,0.31079048569594275,-0.10864569,0.99990016,0.45204916751609037,0.32668416566113506,-0.027489305,0.9999244,0.4928980589108719,0.3287881694302125,0.054150097,0.99989635,0.4675375074278275,0.35828084781706454,-0.10532117,0.99966145,0.4938209231997678,0.3538589647373806,-0.08112826,0.999418,0.3920323864954547,0.4414380435683193,-0.018339794,0.9996287,0.5427995112888768,0.46169215284567755,0.13500227,0.99951786,0.39666158635325766,0.5878991277428607,-0.21975806,0.99951506,0.58715600741523,0.6109701134384512,-0.0308485,0.99626595,0.5853664291406708,0.4909480798193791,-0.3654161,0.9991281,0.4857582052034808,0.45671420144706465,-0.4134721,0.99970806,0.5325748302134881,0.7647323779631094,0.015480153,0.9999181,0.4355061367701697,0.766183972260404,-0.015165602,0.99994564,0.5578531058233598,1.015157509243777,-0.053865455,0.88476145,0.44361798302101907,1.0372665351063863,-0.10900666,0.8278772,0.42024566984906764,1.243985425080698,0.18326348,0.016162923,0.5598497775702445,1.2364058427663513,0.21017802,0.026710507,0.41879509719280017,1.2651112305229248,0.20939636,0.01679313,0.5610738202331409,1.2495413271331186,0.23505929,0.020273887,idle
0.4853473099260879,0.3386112353540112,-0.16687176,0.9999214,0.46413261907309666,0.32141267328027373,-0.15637466,0.99992245,0.4892811889711367,0.32136755585404,-0.13466446,0.99989605,0.4507733582273957,0.3358067476386602,-0.06176616,0.9999226,0.4986812730595127,0.3224763609136887,0.033170886,0.99989223,0.46381255704484026,0.36754427459276684,-0.13075167,0.9996597,0.48980105852529743,0.3673009886937233,-0.10355471,0.9994112,0.3980199814619054,0.44969600130647225,-0.04940737,0.9996328,0.5471494500997727,0.44689735475308334,0.12825556,0.9995122,0.40169240988000754,0.5857065914462818,-0.2538324,0.9995198,0.5925937618281654,0.6104876710474884,-0.027552104,0.99616086,0.5816281717046081,0.4822043118695475,-0.3651958,0.999128,0.47502171796247084,0.44307367506177436,-0.45745438,0.9997154,0.5299097997443376,0.7630221266063388,0.016526226,0.99991333,0.4477781823489262,0.7609741241643017,-0.01623701,0.999943,0.5459093504598345,1.013972063196317,-0.05347223,0.88234377,0.44503181570809935,1.0204906778537532,-0.11515494,0.82556075,0.4319068176518186,1.24299395855994,0.16902736,0.016244698,0.5582473043831107,1.2251443226381273,0.21394554,0.02653891,0.42288486271277936,1.270066116823514,0.19362256,0.01693649,0.5524379000645253,1.253865566142219,0.2387712,0.020276288,punch
0.4832780187320921,0.3373367450913952,-0.17364787,0.99992067,0.4525689231530149,0.31883047248962626,-0.16404362,0.99992204,0.4988227764463752,0.3063621423980195,-0.14135149,0.9998933,0.44811623120480815,0.3381344445091834,-0.07352501,0.9999225,0.4940515789662667,0.3335250648218681,0.02715351,0.99988836,0.4652874668193282,0.36133564208807356,-0.13886389,0.9996663,0.4845024791052567,0.3660688287665019,-0.110199556,0.999414,0.3922040967185829,0.4437241134251523,-0.06423358,0.99964166,0.5310786443504456,0.449132183977951,0.12428685,0.99950504,0.39946368360636797,0.5873772872543667,-0.2704691,0.9995317,0.5937204113583239,0.6016419029060414,-0.023660827,0.9960387,0.5961746437130904,0.47337718930917305,-0.36339715,0.999113,0.4849124312649439,0.43531541633491927,-0.47218242,0.99972373,0.5307086100339755,0.7626867516607582,0.017853007,0.9999081,0.43828955335030717,0.7650280602821775,-0.017564042,0.9999405,0.5547374347529485,1.0133735656076455,-0.04774358,0.881811,0.44887567962258046,1.0303359985803644,-0.1296862,0.82736117,0.42468455702723296,1.2413982868674471,0.15150392,0.016883006,0.5707320693424895,1.2248555104067929,0.23125033,0.026830388,0.4144614264894909,1.268195166212614,0.1754196,0.017491939,0.5703659672007453,1.2382586703636855,0.2567743,0.020610295,punch
0.47669533516144846,0.33836532817332476,-0.17745006,0.99992037,0.45787932287150723,0.3169466956255898,-0.1656593,0.999921,0.49030194955841444,0.3137818695294424,-0.14468998,0.999891,0.43913451435465567,0.32505771142850376,-0.06941691,0.9999211,0.4914494614307606,0.32565635945022986,0.023410967,0.9998845,0.4596576445373992,0.36105182554957116,-0.1411223,0.9996733,0.4880980543536182,0.365000563198331,-0.11476519,0.9994244,0.4037865018712461,0.44088953774564366,-0.06265444,0.9996492,0.5376768839601478,0.4508337211264311,0.12017242,0.99950135,0.3906398076205708,0.5880319430185602,-0.2696986,0.9995409,0.6000401967699704,0.5911266221890288,-0.0262391,0.9960234,0.6177875454065762,0.4679212443650986,-0.36567464,0.9990996,0.47822431439672164,0.4402399742989482,-0.47400323,0.99973214,0.5193572399819888,0.7626126530173358,0.017853487,0.99989474,0.44901257895412894,0.7710137216711447,-0.017565511,0.9999324,0.5503905589267188,1.0124723668237974,-0.04513907,0.8804649,0.45173252317120727,1.0266846012256952,-0.12806143,0.82696736,0.4244125963868445,1.241314104421541,0.15311505,0.017907783,0.5633122103424215,1.216410742704309,0.21973626,0.028150836,0.4215178800352768,1.2682809441966245,0.17715327,0.018313512,0.5790759814341885,1.253017364096099,0.24291055,0.021234723,punch
0.4780386521209492,0.3413123120195213,-0.17368259,0.9999187,0.45956274083668613,0.32499316298002023,-0.16208224,0.99991924,0.4931401593834406,0.31545358858690786,-0.14141084,0.99988484,0.43600304100010034,0.3242173082472763,-0.06920041,0.99991935,0.5098832850857586,0.32368084638749745,0.024638308,0.9998749,0.45681361912075513,0.3552083726189061,-0.13677903,0.9996764,0.48734024507201146,0.36846158017138675,-0.11104661,0.99942195,0.3944046360612471,0.4426649128834224,-0.05854488,0.9996589,0.5393635305984763,0.454772779597719,0.1276276,0.9994687,0.4017075925533965,0.5794224566920276,-0.27315035,0.99954414,0.5996451060888874,0.5730521928943283,-0.010466063,0.9958473,0.6360961443933751,0.45362115771961714,-0.33772704,0.99901605,0.4840155624947702,0.4386692232059098,-0.47116393,0.99973667,0.5259518078704335,0.761188353242583,0.019689266,0.99986964,0.43229266761935403,0.774912940658553,-0.01940075,0.9999191,0.5553004770678155,1.0108638528885534,-0.04363952,0.8759582,0.448785511682367,1.03750035718659,-0.12730888,0.82311344,0.42400595042868106,1.2455790031627578,0.15378526,0.019234087,0.5656178031203029,1.2235355500006626,0.21059196,0.030501822,0.41888284939066545,1.2671523946326337,0.17750767,0.01925692,0.5616159467099167,1.2488307659788775,0.23214558,0.022350367,punch
0.47067717770331496,0.33069720581414647,-0.18664008,0.99992156,0.452501937750331,0.3224009184250377,-0.16822508,0.9999221,0.4869044331532668,0.3075237108078325,-0.15188211,0.99988705,0.448013681691375,0.3403045972473299,-0.0629735,0.99992275,0.49555434631309525,0.33369157684201667,0.021793388,0.9998767,0.4555841830511831,0.36882952899137716,-0.14232597,0.9996964,0.4893950731079426,0.3655068887659697,-0.12242254,0.9994561,0.4012391109899742,0.44952128010335596,-0.055109132,0.9996774,0.5303842270014084,0.4562609777902392,0.12765816,0.9994701,0.38857361594240014,0.5835842090286486,-0.27593744,0.99955267,0.6186510239478626,0.5458708390606292,-0.01598271,0.9956568,0.6634288557046848,0.4347583274095442,-0.36593845,0.99889445,0.4893039760888206,0.4512784417470618,-0.49319082,0.9997445,0.5294441969898505,0.7643714651148225,0.019568913,0.99985373,0.4300189904973153,0.7717834583468729,-0.019277986,0.9999102,0.5547160444812524,1.0150053171435776,-0.051477432,0.87359375,0.45714764121354223,1.0289461890167664,-0.12671667,0.8243432,0.43250536965917463,1.2432742496677842,0.16833434,0.02194578,0.5689168495480821,1.2254864300727957,0.1925817,0.03564043,0.41981991850310674,1.2653760978205701,0.19312105,0.021482226,0.5671642436059079,1.2537619135542508,0.21233782,0.024557639,punch
0.47363285082592077,0.3449305123448293,-0.1826168,0.9999251,0.4455906431876878,0.31348179095570544,-0.16452484,0.9999265,0.4788462261665818,0.32107104336573217,-0.14989427,0.9998897,0.4366841227906594,0.32948414767453293,-0.037289847,0.99992794,0.49898467423420634,0.3213358290242177,0.026727224,0.99988055,0.4584338288495149,0.3670034569927017,-0.13820636,0.99971867,0.47386726147513825,0.36493872327485355,-0.11944201,0.9994929,0.3836664756255207,0.4460379839742631,-0.05008071,0.9997014,0.5321867420424371,0.45432753728989744,0.15062228,0.9994688,0.3954931671193038,0.5892552288922864,-0.27433342,0.99955386,0.6099841601514248,0.5317684614263165,0.07819303,0.99481016,0.6871879977892464,0.4452093626150688,-0.22199929,0.99834925,0.47726009184620244,0.4327901056601711,-0.5062852,0.9997499,0.5108121265774205,0.7631409216465911,0.019172244,0.9998445,0.4368513528764949,0.7661134850818271,-0.018853782,0.99990755,0.5598110407921623,1.0164203730090973,-0.073449194,0.87610763,0.4439613303615635,1.0214920113998316,-0.11605642,0.8306478,0.42825032216795655,1.2405763827126142,0.19690083,0.026783338,0.5836834211300629,1.2277712294016834,0.18385531,0.041786443,0.4226528954917669,1.2613938202597075,0.22316699,0.024512779,0.5628917866464349,1.2458949617438253,0.2048239,0.02693309,punch
0.4596565182401431,0.3375849931786607,-0.16525336,0.9999293,0.45514246734477437,0.3256409122583525,-0.1429763,0.99993074,0.47709326571004773,0.3183884383495891,-0.13422982,0.9998924,0.44582562906426715,0.32572915266378033,-0.012494518,0.99993217,0.49619094727720003,0.31921111794409573,0.02908593,0.99988544,0.4482219752907497,0.36750111751505904,-0.116690174,0.9997415,0.47403754132635967,0.3604329016602242,-0.10602157,0.9995335,0.3916336288779966,0.45227684965279047,-0.022965323,0.9997235,0.5323840278525569,0.4482610640570195,0.14627731,0.9994827,0.402333824820729,0.5922671659887213,-0.23022918,0.99952525,0.6316475330427804,0.49109435910492766,0.132049,0.9947661,0.7260895732603004,0.42118273560454006,-0.062330466,0.997915,0.47934321755393494,0.44005722490689636,-0.48403573,0.9997502,0.5308896858933216,0.7606807416542989,0.015011273,0.99978894,0.4409105367128957,0.7698283100155702,-0.014668906,0.9998752,0.5482221006056076,1.0109966853819488,-0.10037781,0.87710166,0.44661322012373506,1.0232904671578413,-0.10307486,0.8370253,0.426409272718573,1.230039732931252,0.19465262,0.03706307,0.5749955793847839,1.2220169631220599,0.15534054,0.05098143,0.42592118798407286,1.261357964493199,0.21970597,0.030972445,0.5678942665181503,1.2478179295682494,0.17687695,0.030673308,punch
0.45498725890959546,0.33566462591532803,-0.22639206,0.9999303,0.46057062434804774,0.3199633552674263,-0.20441334,0.9999314,0.4846178394892108,0.313585251543726,-0.19765183,0.9998843,0.437532478413587,0.33180151321942813,-0.060404193,0.99993277,0.5002084049301441,0.32678189235619975,-0.0353102,0.99988383,0.4575913963832894,0.36283502746013346,-0.17224517,0.9997618,0.4712868223390796,0.3507335048614935,-0.16495878,0.99957037,0.38495505513376627,0.4366344458241233,-0.043790296,0.9997384,0.5255656430852902,0.43907560358187564,0.08741487,0.99947834,0.40873809208421996,0.5802949599749325,-0.23619409,0.99939185,0.6511176347456482,0.45477532157641976,0.14755511,0.99453187,0.7576432459690428,0.42222110903206556,0.025859002,0.99623317,0.4859010366132318,0.4474918825892164,-0.5040538,0.9997145,0.5203030719056287,0.7634880321320427,0.008987578,0.9996145,0.44032745216203273,0.7738965110984564,-0.008641427,0.9997756,0.556974803370121,1.0110685728330735,-0.09990008,0.87646306,0.4515678861056751,1.026894512851209,-0.09645883,0.8422641,0.4249935595215373,1.2317398486919267,0.20433529,0.057652246,0.5769705669802696,1.2133888564154751,0.17266795,0.06483346,0.4223945919957618,1.2637526707812852,0.22935502,0.045119602,0.567390006551609,1.2379498112739957,0.19493356,0.036137957,punch
0.45572069739582155,0.3497265044356146,-0.28107035,0.99993217,0.44529275549136527,0.3201472787670151,-0.25969213,0.9999329,0.48244224990735773,0.3213171721262666,-0.25264218,0.99988043,0.43331516379522794,0.3262169186700759,-0.113989435,0.99993396,0.49765706714117397,0.32091206120252513,-0.08747437,0.9998851,0.441179326486684,0.3612832384803518,-0.22590479,0.9997818,0.4723207554100818,0.36958464402464314,-0.21829708,0.9996069,0.39486201514780717,0.4538032292632846,-0.09037664,0.99975306,0.5344302698882288,0.43622300166398337,0.041580778,0.99948883,0.39475257068017644,0.5918558055785954,-0.27986944,0.99927104,0.6609311889939125,0.45978653661799235,0.11301236,0.9945387,0.7608106806708692,0.42682265789279705,-0.015444589,0.9949737,0.48281011383497263,0.4462575216123138,-0.5676866,0.9996872,0.525417669445521,0.764343898895366,0.005862995,0.9994177,0.4362095296700781,0.7704703615653037,-0.005560634,0.99964017,0.5429045480190149,1.009563158923588,-0.10528765,0.87431175,0.4457329954135709,1.0362830846215,-0.08492197,0.84514064,0.42759207516597975,1.2331191662190335,0.21447435,0.07778763,0.5655146345652482,1.223476691868701,0.17182639,0.077605255,0.4221591255556765,1.2516025262128414,0.23880808,0.059558608,0.5689062852482685,1.2497551730670013,0.19447662,0.041001603,punch
0.4590225703804166,0.34428012391207413,-0.29158562,0.9999319,0.44712268514387965,0.3188944942607228,-0.27178067,0.9999314,0.48323308635047757,0.3163774754491284,-0.26401815,0.99987036,0.42295261534190787,0.3337623940825752,-0.13079903,0.9999316,0.4907798066110589,0.32460087973105856,-0.100923404,0.9998811,0.44770801596599474,0.36869472335168474,-0.23779228,0.99979836,0.4713641903975381,0.362236625267809,-0.22927041,0.99963796,0.39012682822671796,0.4486436213026698,-0.10525383,0.9997613,0.5330164082012863,0.44208465950367265,0.02892453,0.9994983,0.4031533349225389,0.5819603983489491,-0.29447055,0.9991161,0.6541175105533661,0.4625021621433957,0.1056067,0.99441695,0.7633990333200987,0.42783622780912955,-0.015201597,0.9934656,0.4906481846980626,0.4414489090178155,-0.57132286,0.9996403,0.5207020343961506,0.7707095630421468,0.00500026,0.9990995,0.4412701227238607,0.766060224946568,-0.004728107,0.99938256,0.5539835189543854,1.0077236869403094,-0.109496534,0.8708978,0.44569255426594245,1.0270350312067231,-0.08734485,0.84683186,0.43123540013546413,1.2217251756687202,0.20658906,0.10232568,0.5684367960848069,1.2114774378417676,0.15042464,0.09339684,0.42688050250320175,1.241576790437251,0.23293515,0.07788561,0.5658002595469127,1.2257815843706041,0.17085972,0.047273144,punch
0.4589443966869673,0.3411097068440391,-0.32216945,0.9999319,0.43491627416966483,0.32154729831645146,-0.3021204,0.99993116,0.47605688830357185,0.30978720242659974,-0.29506004,0.9998624,0.4327880465192352,0.3299055181309797,-0.15591098,0.99993116,0.4926701314794326,0.32312691323152615,-0.12869774,0.9998796,0.4395412215211647,0.3650747118320531,-0.2657873,0.9998141,0.461696496759324,0.3617587054277733,-0.2580337,0.9996668,0.40234438295078556,0.44698673427879015,-0.12055925,0.9997715,0.5355420926490614,0.4433199528417185,0.008751267,0.99950296,0.39085249181445647,0.5900475054088312,-0.29876214,0.99890995,0.6551000352719476,0.4495230186042019,0.09567734,0.9943267,0.77087685296851,0.43320715644467694,-0.013019564,0.99183804,0.4783578359258973,0.44974782278563835,-0.56706774,0.99957824,0.5253022004669083,0.7629335075728597,0.004295236,0.99881357,0.43520490181259797,0.7671354866302742,-0.0040264917,0.9991912,0.546537943739277,1.0137161559889674,-0.0992461,0.8693405,0.45121069241334644,1.0356171529440552,-0.084473565,0.85109735,0.41456196619291996,1.2106709565091656,0.213167,0.12974763,0.5726414077701563,1.2054748624802827,0.18214604,0.106563166,0.42469290641803337,1.2408480194233504,0.23813744,0.095901385,0.5761620657554332,1.2295374785935491,0.20664918,0.052702095,punch
0.4566291509144217,0.3408330587396241,-0.2782986,0.9999318,0.4388582139389581,0.31992703454832366,-0.25859058,0.999931,0.47121505336467673,0.3155171887826414,-0.24978784,0.9998559,0.4321605554475103,0.3331481315094922,-0.12237102,0.9999305,0.48885095164029624,0.32737424572730334,-0.08585728,0.9998786,0.445046575918675,0.35824915974499716,-0.22582722,0.99982774,0.47257831316706744,0.36454716196967063,-0.21565755,0.99969167,0.3955363032343673,0.44816072917202815,-0.102755144,0.9997818,0.526848524957487,0.4388818602512158,0.03852471,0.9995115,0.3932423395767737,0.5813459392672586,-0.2817201,0.99882615,0.6523924056025177,0.45707081946031447,0.12408577,0.99433243,0.7618426031662088,0.43749701765392884,0.010376358,0.9912537,0.4847248888513551,0.44715830655902944,-0.54519194,0.9995593,0.5231580280260971,0.7582861556935883,0.0039668013,0.99870807,0.4258074680764258,0.7767831928262222,-0.0036765519,0.999132,0.5506235016716873,1.001296831477792,-0.10860069,0.8668257,0.44587867301797546,1.033981648158375,-0.08771403,0.854192,0.42329859627069066,1.221686507624391,0.20867224,0.14258775,0.5762474910189651,1.1876530885245875,0.18310526,0.109998636,0.42326958824240823,1.240227254908259,0.23347576,0.10421921,0.5772365580404197,1.215686328932243,0.20947154,0.054366726,punch
0.4594573395488868,0.3433533120180381,-0.26477817,0.999928,0.439106521961674,0.31161675033318637,-0.24508062,0.9999269,0.47716472786908715,0.3086122806607497,-0.23627679,0.99983877,0.44050917632512354,0.33476461647990774,-0.11060248,0.99992526,0.4884735011963428,0.32545493881126497,-0.07366828,0.999869,0.4511592506771378,0.3637519232512633,-0.21299632,0.99983716,0.4689384260795251,0.35784863280370993,-0.20268273,0.9997088,0.38554820013694613,0.4493572505058864,-0.09608443,0.99978596,0.5353668942266441,0.4418784558460333,0.048190046,0.9995016,0.3967736911395999,0.5812244748188621,-0.2687903,0.9986921,0.6538816758995147,0.46870535297314375,0.13230042,0.9941411,0.7647518185391875,0.43261667183348745,0.01747649,0.9904044,0.47517584450219874,0.44192869549822505,-0.53841716,0.99952346,0.5195609455255219,0.7625205700110383,0.003921858,0.9985822,0.4311239730110361,0.7664338443735973,-0.0036232348,0.99906933,0.5379655640652471,1.001233175300139,-0.11593213,0.86737084,0.4469609740028281,1.0242070891846595,-0.09014736,0.8598884,0.41752267180511626,1.2246294742190487,0.20322725,0.15993288,0.570925554608471,1.2004424985029072,0.1847637,0.11510266,0.4203522115689967,1.247727032434089,0.22733955,0.1126298,0.5733204534728102,1.2127224004602364,0.21273331,0.056396913,punch
0.45733114632337446,0.3299077848343497,-0.22570713,0.99992776,0.44240573457930243,0.32060543467073677,-0.2060804,0.9999267,0.47276594309730124,0.31412700106981056,-0.19773492,0.9998343,0.4312903163949341,0.3291181960189827,-0.078014344,0.9999241,0.49861448342384485,0.3236541143257737,-0.04338409,0.99986637,0.4487864625002602,0.36321781419169474,-0.17692193,0.99984616,0.4800565769862546,0.3694765550637082,-0.16690828,0.9997247,0.38489034589067395,0.448401597784759,-0.06782501,0.99979335,0.5301602766739051,0.44511782013798296,0.06379698,0.9995033,0.40240968916633546,0.5822028232523752,-0.2377679,0.9986379,0.6550504285472458,0.4628774278740263,0.14502364,0.9941091,0.7527816238282115,0.41888511146902796,0.02961419,0.99038893,0.47877049206174993,0.447059311510677,-0.47444052,0.9995145,0.5178862701548775,0.7563575503748325,0.0042453753,0.998551,0.43876899269466907,0.770801663353346,-0.0039421823,0.999067,0.5532667465510057,0.9959348172787035,-0.11882405,0.8680231,0.4438539490613166,1.0282326326843254,-0.093383,0.86469215,0.41743243402942665,1.2193173072241512,0.20034277,0.16966422,0.579771750865115,1.1972798129617133,0.18570334,0.1166946,0.42202586373265516,1.2521911601220381,0.22514541,0.11715489,0.5743772527191368,1.2088610234090487,0.21506646,0.05745114,punch
0.4542380725620524,0.3408980237748877,-0.19005623,0.9999329,0.44495649241600554,0.31266713698610316,-0.16866304,0.9999319,0.4777771050791585,0.3145548144512911,-0.15510735,0.99984705,0.42989387584441796,0.3292094083583255,-0.03914788,0.99992985,0.489249657914525,0.3318611112263285,0.019098263,0.9998758,0.4402286043564254,0.35590410262052885,-0.14279369,0.99985665,0.4749808546505414,0.35428517613800836,-0.12655528,0.9997433,0.38751049879472743,0.43803242548535704,-0.032798458,0.9998055,0.5301033764949675,0.43927872234635135,0.13279344,0.99951905,0.4004154044304804,0.5898201509142089,-0.22739694,0.9987455,0.6233030221948257,0.5405424172089461,0.027347092,0.9943166,0.6880468341724221,0.4416674526198005,-0.31586486,0.9911913,0.4728773850710246,0.44240453250694267,-0.43435565,0.99954873,0.5179293425280693,0.7624020701198587,0.010076559,0.9986649,0.4389613241009124,0.7628008472428032,-0.009739589,0.99914414,0.5522878282945476,1.0022597826221449,-0.055605043,0.86939806,0.45152929752918447,1.0298268764897975,-0.10359482,0.8664435,0.42502705952971787,1.2310573272508953,0.19405237,0.15895091,0.5699200815753687,1.2079895933785096,0.21278529,0.11328152,0.4158000645123159,1.257527638144948,0.21842043,0.11024679,0.5684590898611023,1.21798307944792,0.2364736,0.056901496,punch
0.4567339708789532,0.3359890604955383,-0.19991913,0.9999342,0.4432123020776849,0.322993979205963,-0.17976585,0.99993306,0.47452653432148684,0.3117959860278644,-0.16630247,0.99985236,0.4282429851662559,0.3272516794429139,-0.05178243,0.999932,0.5018394257117403,0.32164773669203267,0.0061056754,0.9998769,0.4512016890721129,0.35834747016259405,-0.15262337,0.9998607,0.47862342485988596,0.36412569156085334,-0.13635902,0.9997492,0.3844461071365566,0.44810465719575215,-0.042263485,0.9998095,0.5291770699654526,0.442598061225403,0.12449141,0.9995112,0.3941628874437104,0.5829067810033591,-0.23588419,0.99882,0.6138731045135459,0.5716401486696562,0.006749338,0.9940754,0.6557613188374888,0.46092385353903026,-0.3354116,0.9918341,0.4783504488359742,0.4385707995383586,-0.44515413,0.99956936,0.5229707648682707,0.757505369222067,0.013808834,0.9987447,0.42893577298303764,0.7622343818045463,-0.013532634,0.9992013,0.5403694593684367,1.0136036354069418,-0.03271111,0.8671594,0.43950216942365283,1.022313176205715,-0.103501916,0.8650203,0.42448774034989845,1.227135203587018,0.21041957,0.15009366,0.5591595651147909,1.2116135960439387,0.22956064,0.11204673,0.4262371673474433,1.2529098653803015,0.23698707,0.10486653,0.5592431238282638,1.2340220289180175,0.25215283,0.057288203,punch
0.4540982178509798,0.34100729258847134,-0.20681767,0.99993557,0.4462222757715434,0.3073311032296233,-0.1867877,0.9999347,0.4747396212216388,0.31266894147867114,-0.17427754,0.99985886,0.43317526945524887,0.3310804282886066,-0.053332157,0.99993455,0.49152706124203394,0.329000142900343,-0.0029771854,0.99987906,0.4419459909710387,0.37244377635013737,-0.15840195,0.99986345,0.4682659676839762,0.35977532096885795,-0.1436114,0.9997514,0.37746083550503273,0.45176608422110887,-0.052965112,0.9998104,0.5247139423482614,0.44394146690925496,0.113106176,0.99950397,0.39577843884487374,0.5832508361252836,-0.26077777,0.9989056,0.6041722106463467,0.5820820169712178,-0.041862182,0.9938586,0.6286578802085496,0.4616927222864374,-0.41282684,0.9924729,0.47208238879630393,0.45193911673276893,-0.45986018,0.9995944,0.5178156978612675,0.7549098905297671,0.01718356,0.99882805,0.4325595408431646,0.7674564902183233,-0.016953224,0.99925786,0.5490636350815148,1.0163881596904998,-0.022299899,0.8620325,0.44446146866234393,1.0333252221715405,-0.105023995,0.8589571,0.419546790620837,1.2296680091142775,0.2095319,0.13858259,0.560884400659541,1.222969574104863,0.2229106,0.10723295,0.4141783803993758,1.263710853954065,0.23615046,0.0977461,0.5525682278133741,1.2442924520605745,0.24459513,0.055907797,punch
0.4555727844744274,0.3384637356149194,-0.20005123,0.99993587,0.44059187651653653,0.31966383170470913,-0.18135038,0.99993527,0.4744065161638634,0.313157052888029,-0.16577056,0.99986374,0.43245228686182613,0.32616630944719144,-0.054716222,0.9999365,0.4865105233785719,0.32660641601483703,0.012699081,0.999881,0.44646350293264603,0.36331687258640916,-0.15306756,0.9998623,0.46645172613004093,0.3611284187418269,-0.1339175,0.9997475,0.3822152093644423,0.45538860626955313,-0.04999615,0.99981284,0.5342213438051695,0.4530780290795195,0.12452984,0.9995131,0.39431578125514266,0.5980894467590282,-0.26046777,0.99898875,0.5949564208747956,0.5926825209912702,-0.02530373,0.9938885,0.6129672311119228,0.4655854861981154,-0.39380318,0.9931166,0.46528576491021834,0.4536616214299521,-0.4675266,0.9996188,0.5234692632686866,0.7640658783610709,0.019161744,0.99892473,0.4304202115645924,0.7814800109983586,-0.018910997,0.9993207,0.5540849627842687,1.01260762794992,-0.0351903,0.86148834,0.43732789050060783,1.0278381722619643,-0.109020635,0.85590905,0.4266974925518936,1.2432411077586993,0.23572257,0.12716609,0.5545083112145902,1.2355469081341526,0.23530439,0.101000585,0.4160060872135505,1.2704181614499135,0.2670698,0.09052207,0.5526234748388037,1.2446354204546504,0.25963113,0.05384405,punch
0.45994628092946477,0.3342476569162071,-0.20002306,0.99993384,0.43969269183458404,0.3125510494580552,-0.18148896,0.9999335,0.4714360864175844,0.30792554530603267,-0.16553698,0.9998649,0.433105441139052,0.3250004742745608,-0.05690359,0.99993604,0.4879948629866103,0.3237098582225515,0.012688962,0.99987954,0.45329574806257145,0.36922043961009443,-0.15343294,0.99985707,0.4735311271302154,0.3630086835685118,-0.1337337,0.9997367,0.3830482843794025,0.4418599547976899,-0.0476807,0.9998086,0.5270261736679278,0.45170372508000334,0.123252645,0.99951243,0.3904432217801521,0.5829318899282278,-0.25095165,0.99903953,0.5827748913095482,0.605109710292888,-0.018495234,0.9937052,0.5994097465559429,0.47119357334297907,-0.37233177,0.9936539,0.459522763509395,0.444153766560878,-0.4545392,0.9996255,0.5242305431280299,0.7750836368416761,0.020299783,0.999008,0.4335849288658383,0.7723247156288524,-0.020042853,0.99937564,0.5465863508458809,1.012740711939649,-0.03784811,0.8569242,0.4459031213922573,1.0334219840521197,-0.12240581,0.8491748,0.42285343726105207,1.2407032383973076,0.22858568,0.1167839,0.5570236857367841,1.2239661422672796,0.2452229,0.0950946,0.41831767382071394,1.2765433830228523,0.25925767,0.083975084,0.554066109897606,1.2441793648746826,0.27100062,0.05189688,punch
0.46610366866347264,0.3396791063396552,-0.18296978,0.99993104,0.4426923534748728,0.31652649730915305,-0.16623281,0.99993193,0.4858720360816864,0.3113034948148089,-0.14830282,0.9998642,0.43336219405571463,0.331898420548083,-0.04969555,0.999936,0.4973286511742885,0.3200433336266261,0.029278154,0.999877,0.4456984218575424,0.35385363872576214,-0.13906957,0.9998464,0.47707205644408446,0.3608869493720775,-0.116631866,0.999711,0.3820529576713656,0.4430393280830901,-0.040005445,0.99980825,0.5337371982577026,0.4510804854103381,0.13403769,0.9995091,0.3824312532168772,0.5811810098184876,-0.24335058,0.999098,0.5780612157506035,0.6085760463785366,-0.0031619123,0.9935911,0.5857281947348378,0.4781875443740016,-0.33866817,0.99414814,0.4596089929300763,0.4445797978078533,-0.44215235,0.99963725,0.5239349965401373,0.7663344892387955,0.020160992,0.9990935,0.4373231228822544,0.764272155763625,-0.019871123,0.99943125,0.5486071936445823,1.015038566564069,-0.042172693,0.85644156,0.43483648084667936,1.0237338102413642,-0.12371014,0.84484285,0.4310833806642226,1.2451464857111405,0.22460017,0.10678202,0.5546158218134452,1.22141135573566,0.24660048,0.08840663,0.4260833589205153,1.273235690530173,0.2528263,0.077562705,0.5491517868084964,1.24163515163252,0.27335528,0.049471572,punch
0.4560387383787484,0.3403112500376707,-0.18119869,0.999927,0.4399428161667257,0.306865718338286,-0.16437756,0.99992853,0.4834911999152972,0.31386306119106533,-0.14787632,0.9998631,0.43753459954525786,0.32586569332074905,-0.047628332,0.9999339,0.48731519243931376,0.31195280712495843,0.025361966,0.9998748,0.4433165747715786,0.36515783726476075,-0.13689935,0.9998251,0.4785346763220647,0.3630465193929791,-0.11635168,0.9996712,0.37586084544450427,0.4510348875424737,-0.035346102,0.9997995,0.5293340679335374,0.44066645898435464,0.12663507,0.9995053,0.3819985841209885,0.5839187739133066,-0.23719127,0.9991577,0.5661028051710739,0.6225612516386114,-0.043394323,0.99375266,0.5833841372831704,0.47965637848000725,-0.38156277,0.9946505,0.462235995883884,0.4513757013506317,-0.42986766,0.99965245,0.5231467564794192,0.7611336795000532,0.019500647,0.9991738,0.4410460042424781,0.7734830178960191,-0.019186769,0.9994827,0.5366789503996767,1.0130370370430324,-0.03810257,0.8541442,0.442831686252941,1.0227759897372406,-0.12058599,0.83856004,0.433225616673906,1.254739138100098,0.22405675,0.097036816,0.5508608759330641,1.2371308325334658,0.24254492,0.08127499,0.42355511571048,1.278666369234919,0.25173578,0.0710329,0.5434268099448331,1.2435373010556687,0.26844537,0.04637631,punch
0.4619538560758971,0.3312194262043258,-0.16324878,0.9999205,0.44537488703821226,0.3176826883107453,-0.14665675,0.9999234,0.48178784923089324,0.3170161724234546,-0.13354757,0.99985766,0.4240877914685096,0.33153406810918096,-0.026668778,0.9999306,0.49441900796858373,0.32503862896836044,0.031826884,0.9998688,0.4494106080646999,0.36577977733694705,-0.11698492,0.9998025,0.4629034617708869,0.3554280367475895,-0.10071453,0.9996232,0.38032470426923015,0.44879384007225176,-0.0055996357,0.99979025,0.5225810850937294,0.4538279524805219,0.12491862,0.9994895,0.38031673680254097,0.5865459412194417,-0.19856752,0.99920005,0.5596345575932111,0.6154660050924018,-0.069048345,0.9936652,0.5592439833940516,0.4898710050353116,-0.39442876,0.99500513,0.4610922196764684,0.4438235038014783,-0.37113833,0.9996572,0.5183272495425928,0.7584597332446569,0.0099778995,0.99924713,0.43246934171164386,0.7630692891931214,-0.009519413,0.9995292,0.5377780809292494,1.0124204136903685,-0.036926027,0.8572919,0.42797257336674943,1.0293765053852608,-0.096717484,0.83980304,0.4206861956785912,1.246600530565936,0.2065126,0.08884559,0.557235018951376,1.224841949636676,0.24272256,0.07528621,0.42398214581950977,1.2729210841731677,0.23091713,0.06569897,0.544151550891601,1.2557638181573145,0.26832217,0.043683555,punch
0.46793209110965706,0.339094666101935,-0.16161507,0.9999163,0.44166326502401065,0.31201498837608516,-0.1463773,0.9999197,0.4790349501787802,0.3162750670700442,-0.13193654,0.99985564,0.4282241080163185,0.3272877658668047,-0.029821187,0.99992806,0.48766422372528584,0.3242026251913054,0.03458265,0.9998666,0.4475341696996016,0.36348727194623215,-0.11660825,0.9997838,0.4654151165460594,0.3567480590888836,-0.09842505,0.99958634,0.3822934259589035,0.4348838232887295,-0.009056287,0.99977905,0.5243870120216473,0.45056041964821525,0.121304214,0.9994874,0.3735484232427039,0.582507967087989,-0.21012959,0.9992454,0.5537244389904512,0.614456763631963,-0.080249116,0.9939034,0.5610048381762425,0.4888014579319627,-0.40055376,0.9954206,0.45780022038029244,0.4335073001759973,-0.39693674,0.9996693,0.5189897628936986,0.7597028051990986,0.007167177,0.99931616,0.43157611173283195,0.7716890110847731,-0.006710163,0.9995724,0.5311273234598667,1.0164971658972148,-0.024224518,0.8595031,0.4380453443898701,1.0225815349325977,-0.09419279,0.8371203,0.42410317864403224,1.2662081549903885,0.18989493,0.08095193,0.5509865247880739,1.2372805331414167,0.24132974,0.06963052,0.4235670625154434,1.2771562873140307,0.21343203,0.06039521,0.5514862686259167,1.2526416543296668,0.265881,0.04093843,punch
0.4571751751723421,0.33437341279216626,-0.15580565,0.9999123,0.44712166599944414,0.31395373353111355,-0.14079835,0.99991554,0.46979269241751986,0.315647968478241,-0.12643024,0.99985355,0.4253264709490152,0.3295596378423253,-0.026843056,0.99992424,0.4904245977076489,0.320367096970277,0.037510656,0.9998639,0.44248576892355207,0.35442469366138984,-0.111872174,0.9997649,0.4776597500525174,0.3606336550536205,-0.09375714,0.99955416,0.3728604686549005,0.44321995636490014,-0.0072054886,0.9997625,0.5289650626437838,0.44652990616914795,0.117510855,0.99948454,0.37218407655878494,0.5748619153061271,-0.20979004,0.99927557,0.5473993755097856,0.6104985072827009,-0.083765715,0.99407077,0.5536096255718042,0.4880229558402017,-0.3999421,0.99576676,0.4586570068871034,0.4510838355402146,-0.39712048,0.9996712,0.5235467880675937,0.7650407280333413,0.0058548637,0.9993764,0.424383657744839,0.7576737444982616,-0.0054025585,0.9996099,0.5308476021502531,0.9978027670975049,-0.021780085,0.86395,0.4404041153136885,1.0338097356308207,-0.09449994,0.83843994,0.4191477372285105,1.2631218782495497,0.16850588,0.07449234,0.5556571569877127,1.2317771091541643,0.24002767,0.06537445,0.42318545228605764,1.2780761307355228,0.19034621,0.056224957,0.5458538281577376,1.2546150158475873,0.26418516,0.03892868,punch
0.4600189213703668,0.33527275406850604,-0.14883709,0.99991226,0.4396768805554897,0.3181317002644509,-0.13269064,0.9999161,0.475074151001604,0.3131996315210123,-0.1182785,0.999857,0.42771323061343824,0.32849679482651123,-0.016492758,0.9999254,0.49158285415308345,0.3231263355510685,0.048137367,0.99986696,0.4422937481643062,0.36818259603108205,-0.10427423,0.9997563,0.46084608998619614,0.36003075503044657,-0.0861389,0.99953187,0.38295247404311783,0.43937383116912987,-0.00021997513,0.9997573,0.5283792279669532,0.44780123107069236,0.1196311,0.99948823,0.38566552696461254,0.5859121473631037,-0.2098161,0.9993279,0.552475013317524,0.6230684971373787,-0.069310024,0.9943634,0.5535873557583063,0.49322503884558017,-0.38283932,0.9961347,0.4636927293613652,0.43923652588714546,-0.39997068,0.9996895,0.5091305022288999,0.7673957670848063,0.006233947,0.99943477,0.42915795962483616,0.7650570550313601,-0.005791015,0.99964637,0.5429503573198442,1.0107530780214753,-0.024239663,0.86798584,0.43209793017320286,1.0318894524363558,-0.09575414,0.83939016,0.4217193680997333,1.260982651229559,0.1697227,0.06781272,0.5645232684971234,1.2432037618406584,0.24206989,0.060372453,0.4220515969442008,1.2908491418679755,0.19071512,0.05165865,0.5575337784532943,1.2566842702557746,0.2664317,0.036536288,punch
0.460243184759515,0.33336203709309825,-0.15263584,0.9999119,0.43678576506018807,0.3177029846975384,-0.13587308,0.99991626,0.4711638154001986,0.3085520736993199,-0.122312106,0.9998596,0.42518301314789586,0.33677821943709996,-0.015467529,0.99992603,0.48497932198279614,0.32587961307219293,0.04516118,0.9998699,0.4539341228112549,0.36728025446450213,-0.10630791,0.9997513,0.4618627037253017,0.3573065296159983,-0.08933104,0.9995203,0.3821953115497113,0.4428718630769712,0.0055259364,0.99975497,0.5304053350389475,0.43681068463553974,0.1184019,0.99949497,0.35894748566859247,0.586511909264165,-0.20928672,0.99937135,0.56256386577481,0.6143934467521264,-0.070048295,0.994619,0.5654032673192666,0.4918314082385778,-0.3828919,0.9964685,0.45971444127562777,0.44458219236554,-0.40764898,0.99970496,0.5185734059965688,0.7572192299509597,0.0047943955,0.9994867,0.4290102867029775,0.7685651879034602,-0.004340966,0.99967897,0.5427881317169991,1.0079902183700913,-0.025037441,0.8689585,0.4359063634867546,1.0266386370852836,-0.09440172,0.83618397,0.41835656279694267,1.2627555436820441,0.17861137,0.06168969,0.5666133323591109,1.2334650951088697,0.24140036,0.05576438,0.41411082783070885,1.2931250019831169,0.20053002,0.047435246,0.5659596394370057,1.2696189099389719,0.26555917,0.03421425,punch
0.46571838027358825,0.3486113734424295,-0.14979157,0.9999164,0.4387185707981388,0.31098078748830377,-0.13095531,0.999921,0.4727296459397421,0.30340601415963914,-0.11956228,0.9998687,0.42427614503725697,0.3301112261698511,-0.0012242089,0.9999307,0.4866631968709374,0.3277283758326729,0.049578615,0.9998791,0.44603383465003177,0.3600338105232657,-0.10037539,0.9997597,0.4687833493641018,0.3569355672839218,-0.086093076,0.9995385,0.3730413058627964,0.439164122150053,0.023434957,0.99976087,0.5331207428921763,0.44131432975062157,0.11939144,0.99951416,0.3729713234155554,0.5890366325485363,-0.20274965,0.9994234,0.5454891223797232,0.6088536952779945,-0.07237053,0.995018,0.557674322297999,0.49993363204580504,-0.39165315,0.996799,0.46368259073073426,0.4558810174279577,-0.41174024,0.9997272,0.514049510741516,0.760500497613835,0.0025158995,0.9995357,0.41908208305708217,0.7724209276019804,-0.001943632,0.9997096,0.5292869251397883,1.02141647364701,-0.01679011,0.872092,0.42283591350235905,1.0260566708774523,-0.07195394,0.83711624,0.4209256740234377,1.2792490393593878,0.20749173,0.055928547,0.5391006151155311,1.245172388425096,0.24483976,0.05110788,0.4151934174832158,1.2955180826971,0.23064773,0.043305017,0.5354228680761102,1.2746718859960167,0.26799026,0.03178275,punch
0.45795558047873186,0.3297920364489626,-0.1522868,0.99992096,0.43744240324956685,0.3215903432426269,-0.13371469,0.9999258,0.4643642584858785,0.30241285009709196,-0.12125663,0.99987704,0.41553620263067714,0.3203449422486015,-0.0055368664,0.99993527,0.4802900724585776,0.32481978513417686,0.051128455,0.9998873,0.4379958582100595,0.3630289222175965,-0.10330896,0.99976856,0.46729269114472827,0.36227553770673343,-0.08761276,0.9995544,0.3650370933792645,0.4422945822932337,0.016397169,0.99977034,0.5218384183003172,0.44443615002549075,0.12552044,0.9995316,0.364795170028531,0.584515419959847,-0.20616846,0.9994706,0.5505571250295347,0.6221449501084267,-0.06413211,0.99536854,0.5533256113867547,0.49675428963749435,-0.38424578,0.99709886,0.4473605726839849,0.4466227383248439,-0.42565662,0.9997488,0.5019025746434567,0.769414276231945,0.002685201,0.99958026,0.4194276079170234,0.7746297200313506,-0.0020931903,0.9997376,0.5338438802119005,1.0298959684373243,-0.014079044,0.87215877,0.43135923436075574,1.035518728961175,-0.0764986,0.831469,0.4239420030871609,1.2769073491259064,0.20965593,0.050619073,0.5413762264355161,1.2612427261299897,0.24559966,0.04673529,0.4196997602023913,1.3072993740992558,0.2336611,0.039442167,0.5406671449501006,1.282557993290392,0.26831302,0.029370645,idle
0.4555608608296815,0.3337785719429879,-0.15342441,0.9999238,0.43006322555562126,0.3098094714373348,-0.13487898,0.99992883,0.47008349595512944,0.3124469637852408,-0.122438096,0.99988276,0.4205311190600195,0.3311162728444805,-0.010084867,0.99993837,0.48580112136497566,0.31946022864231305,0.04713052,0.99989283,0.4400119447788231,0.36219237170099056,-0.10601082,0.9997759,0.4655113928543304,0.36084217078063047,-0.09022917,0.9995674,0.37402931958263774,0.4411240071841084,0.009344218,0.99977493,0.5174549778396299,0.4565892283013652,0.12399416,0.9995395,0.36231425425282615,0.5861425011577585,-0.21052453,0.9995012,0.5557322496637811,0.620713838216118,-0.06288347,0.99556494,0.5481262370753976,0.49450217754277226,-0.38796994,0.99734735,0.46028694462230824,0.4542882842104384,-0.43271202,0.999762,0.5094697861312476,0.7678555266717868,0.0027427392,0.9996182,0.4079390746619256,0.7708778922111919,-0.0021866995,0.9997615,0.5335678988338235,1.0358567616083434,-0.011714827,0.8705483,0.4249195439521932,1.0433971845979702,-0.07947599,0.824789,0.41728592065454717,1.2827947757187959,0.20419662,0.04609682,0.5472946983742557,1.2564165284562234,0.24474509,0.04350095,0.4186458859876011,1.3094201453189267,0.22792909,0.036262553,0.5457527628900064,1.2813950656091977,0.26761305,0.027680526,idle
0.4427132375866718,0.33488660218735156,-0.15458225,0.99992615,0.4271584541279875,0.3095118860067704,-0.13627155,0.99993134,0.47149187636253476,0.30779252461667517,-0.12281041,0.99988747,0.4223779191042494,0.33165793356878936,-0.011976004,0.9999407,0.482886981612597,0.32207670257617016,0.049414046,0.999897,0.43936341578896854,0.361741093026341,-0.107306816,0.99977857,0.4686386803863326,0.36166151958455894,-0.0903915,0.9995722,0.36424122538353076,0.43666994009075855,0.006581758,0.99977595,0.5235309778502244,0.4425945074579812,0.12797081,0.9995384,0.3619721084182621,0.5891410714828582,-0.2122473,0.99952984,0.5433703223190967,0.6190865680822258,-0.060369503,0.99572915,0.5437814044173614,0.4989245180044659,-0.3843509,0.9975658,0.4473090846310164,0.4475491809685625,-0.43336287,0.9997742,0.511629333820723,0.7663224816847292,0.0031427436,0.99965215,0.41847051321320006,0.7832531111531471,-0.0025648219,0.99978304,0.5323596483712458,1.0236120119605165,-0.014716503,0.8721697,0.42538182201719343,1.0454290402869513,-0.083709806,0.82259023,0.41983795877025665,1.2737544233407239,0.19947582,0.042151958,0.5529684734603063,1.2637307843031442,0.23587546,0.04087291,0.41082288669273936,1.3032255772842096,0.22340325,0.033547956,0.5545029640767056,1.2864023776532008,0.25714904,0.026353758,idle
0.4440311211123992,0.3437755773642359,-0.15313128,0.99992615,0.43581354878076517,0.3236329649187346,-0.1352824,0.9999316,0.47009478720833964,0.30779653400776397,-0.12221278,0.9998893,0.4160126120835187,0.3241349858831163,-0.011770075,0.99994075,0.4837591053465309,0.3181622425303486,0.04779227,0.99989897,0.4396434199058894,0.35591876915413156,-0.10595469,0.99977106,0.46098168237018844,0.35439320154095566,-0.08955194,0.99956113,0.37130574845220377,0.44492198746180484,0.009185765,0.9997711,0.5282088945674579,0.4539724630341192,0.12501048,0.9995357,0.36891801884471864,0.5921883878745815,-0.21115284,0.99955606,0.5416253642575849,0.6157002100500629,-0.06965208,0.995937,0.553348961661042,0.4901777695499521,-0.39043254,0.9977726,0.4493916847497875,0.4477662761170965,-0.4293619,0.99978566,0.5110524507828292,0.7634636953487658,0.0015556891,0.9996834,0.4079104384252088,0.7710327208973556,-0.0010161871,0.9998026,0.5316558240721465,1.0321178685572705,-0.016210526,0.87448794,0.4271735301537264,1.041607903295763,-0.082251504,0.8224104,0.42026039633747014,1.2811917908955017,0.20468685,0.03851966,0.5433002575532392,1.2456786079128432,0.23082776,0.038177017,0.42807172934354853,1.307048438477972,0.22912474,0.031011594,0.5510898717688635,1.2813714256621733,0.25203016,0.024979029,idle
0.4423107718054785,0.32564153800324724,-0.15361696,0.9999281,0.4324443579108054,0.3122066077114253,-0.13548093,0.9999336,0.4604585100085329,0.3090284284420917,-0.12315041,0.9998933,0.41840429196496376,0.324935504639642,-0.008361607,0.9999431,0.4722756073423434,0.3185131993920177,0.046742268,0.99990314,0.4345596134320957,0.364786806436344,-0.10510101,0.9997738,0.4549432056698788,0.3566227733100295,-0.08983856,0.99956447,0.36021259605587386,0.44606019357924903,0.013240384,0.999775,0.5236125222968442,0.44043934639805676,0.12225771,0.99953955,0.36319272214656295,0.5818593306876717,-0.20411682,0.9995827,0.5359000264615201,0.6224011526661769,-0.0752084,0.99613994,0.5478512163690419,0.49861145247051775,-0.3907493,0.9979569,0.4467121551888247,0.44231609714404135,-0.41231638,0.99979657,0.502250417310359,0.7668870597932609,0.0018535763,0.9997116,0.4063713025979826,0.7792903741002243,-0.0013029334,0.9998204,0.5292894061472144,1.0373303643876561,-0.00089023093,0.8689327,0.42606867563135975,1.036993648135889,-0.0802379,0.8118766,0.42121216304279574,1.2750300061354376,0.20136361,0.034994718,0.5414933244470179,1.2458988993384659,0.235733,0.03522575,0.41256661522815397,1.3071588151052635,0.22462538,0.028429411,0.535823558201992,1.2834124575751775,0.2553578,0.023319941,idle
0.44500522508615703,0.33720919665846966,-0.15586135,0.9999253,0.4289831794363762,0.3113138759745121,-0.13747075,0.9999308,0.4612850699892236,0.312567300878761,-0.1273288,0.9998902,0.40222987008591926,0.3216252007343846,-0.010143103,0.9999413,0.47934329015076826,0.3319682627907766,0.040411852,0.99990034,0.42746056417591827,0.3630207233935739,-0.105654776,0.9997653,0.4545837678580046,0.3537255000687101,-0.09218353,0.99954677,0.3643817304595145,0.43742924552661056,0.014172291,0.9997726,0.5203239319789781,0.4476056112393641,0.11422622,0.9995247,0.36704543296761627,0.5925816883428834,-0.19572355,0.9995915,0.5426111100304782,0.6253669188744396,-0.08276042,0.9961617,0.536773812048194,0.4938396150905467,-0.39510518,0.9980893,0.4403098358576326,0.4548989835381561,-0.40017873,0.9997991,0.4914050218101639,0.7659172084297152,0.0013145367,0.999734,0.4148219892857984,0.7830285357145185,-0.0007539087,0.9998347,0.5304880556267709,1.0321849058150283,-0.0025973765,0.86397207,0.4260445610649446,1.0446885848281322,-0.07969074,0.8030132,0.41409347155834975,1.2791707556223755,0.19279498,0.03213901,0.5517006280666508,1.2613603496927006,0.22919278,0.033367965,0.4194769878853669,1.300049218540219,0.21438387,0.026490636,0.5352180275300215,1.2729002890428327,0.24732244,0.022292195,idle
0.4421199816676059,0.33255852931687035,-0.1563086,0.9999242,0.4282865460431097,0.31109779277614946,-0.13821784,0.9999301,0.45586569991679404,0.29538644076670634,-0.12709832,0.9998901,0.41531766373275336,0.32823964006519596,-0.010362669,0.9999412,0.4871936401150887,0.3203646405152583,0.042429708,0.9999004,0.42279630894823705,0.36113693872182334,-0.10672815,0.9997619,0.4627228771129067,0.3524368806705718,-0.092154324,0.9995387,0.35454826089547664,0.44379589516028034,0.013163929,0.9997636,0.5129118469796775,0.4544344779356739,0.114963196,0.99951667,0.35558803588923393,0.5723712405093061,-0.1990544,0.9996014,0.5368688528719734,0.6166315078550284,-0.07784183,0.9961638,0.5337415599620847,0.4940617005819086,-0.39198458,0.9982037,0.4413963538283583,0.45241437161748127,-0.39635313,0.999798,0.4999008222774721,0.7701023777265008,0.0031931947,0.9997544,0.4110854643533187,0.7858401897938707,-0.0026649695,0.9998476,0.5339598204565267,1.0260293411718628,-0.004487208,0.86725,0.4200110884296201,1.0361936395268976,-0.08669357,0.80574536,0.42073901544107106,1.279226173914957,0.18489113,0.030043352,0.5427762393102111,1.2476130940974721,0.24568228,0.03229052,0.41091717308488585,1.3090690755078251,0.20741805,0.025224406,0.5450854424958098,1.2806924741043635,0.26747063,0.021946942,idle
0.43312468626006495,0.33634253203034975,-0.14257626,0.99992245,0.4243734536228242,0.3114264291184893,-0.124482855,0.99992925,0.4587426421963299,0.3038730656991804,-0.112518765,0.9998889,0.4050184276968184,0.31742851746832224,0.001608386,0.9999407,0.4700002647166699,0.3122515363600051,0.056158543,0.9998996,0.42531403390929867,0.3616734122552165,-0.09389638,0.99975044,0.4483648681625766,0.35439763663417767,-0.07867755,0.99950933,0.35905155507121056,0.441460611592337,0.023450542,0.9997616,0.5053207238067627,0.4330495736031157,0.1221815,0.9995077,0.35789301712233434,0.5864813420176578,-0.18374898,0.99961823,0.5276841605092479,0.623754226133553,-0.072107665,0.99621624,0.5339324165825745,0.4962884976645364,-0.3737914,0.9983193,0.4430171484068377,0.4484677781463405,-0.36953968,0.9998025,0.498186711574763,0.7743442808031296,0.0028660863,0.9997754,0.4089290387116107,0.7865107708146404,-0.0023359673,0.9998609,0.531963328785514,1.024351978759336,-0.0133093875,0.8700332,0.4192333934390994,1.041315689286979,-0.08665014,0.8086856,0.42350089475519803,1.2853623254316993,0.18540078,0.027798058,0.5457452028762275,1.2504569404856205,0.2544294,0.03026508,0.40903337297286013,1.3036215860562603,0.20833127,0.023716426,0.528752244740192,1.2754114250296549,0.27938575,0.020993004,idle
0.4423000043268124,0.33362902436977204,-0.13084719,0.99991935,0.4287172413386341,0.31460404944102677,-0.1118384,0.99992734,0.4618490101850288,0.309260525482633,-0.1010679,0.9998859,0.40837885528783857,0.3212540523417621,0.015910225,0.99993926,0.46160101521504104,0.3208796016595767,0.06467653,0.99989724,0.4276755868435652,0.3592306267510724,-0.081769064,0.999736,0.44638296293854907,0.36212455270521204,-0.06821476,0.99947196,0.35565233563887155,0.4409112136686577,0.03786996,0.9997578,0.5105012471765317,0.44145307319835686,0.12514046,0.9994854,0.3559062408668272,0.5907673909898159,-0.16507657,0.99962926,0.526234240287478,0.6234503117204272,-0.063781396,0.9962497,0.5293974320385522,0.4983583420381689,-0.34479767,0.99842376,0.4345808795025031,0.45394866883475754,-0.34332773,0.9998051,0.4989100817724852,0.7704680814302859,0.0012964137,0.99979395,0.4027938219089966,0.7896341832578608,-0.00075215154,0.99987274,0.5222908081912164,1.026662806418751,-0.017562944,0.8700234,0.42189193978565565,1.045671438396297,-0.08667959,0.8075256,0.41207303538928486,1.2840790779245594,0.18378289,0.025649173,0.5467767275894648,1.25057406439527,0.25193834,0.02833847,0.41378853179572883,1.3084604049493826,0.20667675,0.022212898,0.5414841193291247,1.2731626310662,0.27593365,0.019921195,idle
0.42925585447774295,0.33569235940139946,-0.13641913,0.9999123,0.42205605400490276,0.3190037134055331,-0.117845856,0.99992204,0.45461603835037834,0.31248708533982755,-0.10638908,0.9998783,0.40726258982884467,0.3257251422368462,0.009070071,0.99993515,0.46742905276802826,0.31810474521672616,0.060747176,0.99989045,0.4252258177175374,0.3574272540761866,-0.08765133,0.99971,0.4415832249145889,0.3568472354809309,-0.07326163,0.9994156,0.3434467512656726,0.4434903018102841,0.03095076,0.9997433,0.511065932780794,0.43106874292974373,0.122102186,0.999451,0.3487687920028104,0.6004175880748562,-0.17568119,0.99963593,0.5146878986336427,0.6274898062074904,-0.07196264,0.99626064,0.5381764414849115,0.48373670185453216,-0.35255545,0.99850416,0.4332920163372199,0.44764137754103683,-0.3633172,0.99980426,0.4984407503037649,0.7606675007253548,0.0007683051,0.99980956,0.397226821187063,0.7842739034504811,-0.00022785905,0.99988264,0.5220907095961868,1.0285590091098655,-0.017708942,0.87177825,0.418526130718632,1.04237736971082,-0.08371551,0.8087801,0.41300431409323934,1.286173840757041,0.18552166,0.023884587,0.5423481561375391,1.2411997429805344,0.24795362,0.02693129,0.4098041120942999,1.3005742142965027,0.2081651,0.021034915,0.5440385870072468,1.2762824519564075,0.27133277,0.019175801,idle
0.43764190117556867,0.33556186546337863,-0.13689639,0.99991155,0.4212896487808774,0.31089827040981294,-0.11851028,0.9999215,0.45111798091223443,0.3009435786466983,-0.10627647,0.9998787,0.40812250299320263,0.3246769195577667,0.006588042,0.999935,0.46419605086122195,0.3236880478741699,0.061279465,0.9998909,0.424921401360713,0.35950787267404605,-0.089071505,0.99970573,0.44067348229218006,0.3641583404796466,-0.07370344,0.9994089,0.3564044015955027,0.4462679567777805,0.027498707,0.9997373,0.5110491523828711,0.4388289493982465,0.12366538,0.9994553,0.34856568120006504,0.5899593472875981,-0.17750202,0.9996438,0.516165598159989,0.6208041064434364,-0.06750182,0.99630207,0.5225338377070469,0.48732701041585036,-0.35439187,0.9985626,0.43449521239700706,0.4506414554192895,-0.36020225,0.9998003,0.5008282039976635,0.7657587690118534,0.0024440025,0.9998229,0.40773259249553884,0.7846013763411736,-0.0019067585,0.99989074,0.5221885068094219,1.0099265488142353,-0.02072217,0.876483,0.42530944400467585,1.0432791920950635,-0.08371784,0.8151999,0.41550556642561076,1.264352587080564,0.19430783,0.022802306,0.5456119168918752,1.2364017470063393,0.25217885,0.02619499,0.42469077376609987,1.297546855676632,0.21857662,0.020465668,0.5432428025053258,1.2584796347934288,0.2773059,0.01930019,idle
0.4325110182075801,0.33494393770743325,-0.13890353,0.9999129,0.4241602827558659,0.3104536877077462,-0.12049516,0.9999228,0.4380113175324306,0.3182516685375195,-0.10835073,0.999882,0.3963032897612643,0.3338386238335217,0.006426557,0.9999358,0.457703146485092,0.3229263853770176,0.05961249,0.9998944,0.42642438031067886,0.35801006759891335,-0.090828285,0.999708,0.4410791506710796,0.3568957607266185,-0.07557308,0.9994192,0.34918787399001927,0.44416305919690513,0.027326476,0.9997355,0.5026906079603116,0.4261257726430997,0.12350056,0.9994684,0.33361007591421843,0.5901609072339082,-0.1803157,0.99965125,0.5218761619738502,0.6192699999768093,-0.06785872,0.996419,0.5274108793945638,0.4917624990948288,-0.35890394,0.99863535,0.44291593013731434,0.44474036568067776,-0.3652425,0.9997997,0.490083445800239,0.7583450529968595,0.0027898035,0.99983585,0.408201401809401,0.7856999282498645,-0.0022724706,0.9998987,0.5229421644113731,1.0165924498351324,-0.024030237,0.880717,0.42576087054121436,1.03495441135403,-0.08383408,0.8203164,0.41863527863822414,1.263346200649826,0.19422562,0.021856308,0.5335756698223293,1.2315121249479442,0.250148,0.025576204,0.4082882883270409,1.2933639842972295,0.21844892,0.019911047,0.5414486890149965,1.2539008995282226,0.27604002,0.019170456,idle
0.43115151690538234,0.3383649742165605,-0.1398931,0.999913,0.4126627114588596,0.31294605859534214,-0.122413956,0.9999228,0.44932344163182103,0.30727601336891996,-0.10961276,0.99988294,0.396868912938808,0.3220757101107327,0.0018102957,0.99993604,0.463300421058093,0.3202368476813865,0.058418196,0.99989563,0.4167650662599215,0.3618783966338858,-0.092402205,0.9997089,0.4430257559529882,0.35357228482202696,-0.07628023,0.9994236,0.3543678857835282,0.43700185097155786,0.026191747,0.9997335,0.5010465933610478,0.42927094606139626,0.12155446,0.9994755,0.345891634909532,0.5891570655856709,-0.18170841,0.99965537,0.5185237629380547,0.6286617900607355,-0.07030138,0.9964483,0.52925620053511,0.4822344239750161,-0.3632277,0.9986726,0.431775374249475,0.4500660621380155,-0.36913744,0.9997958,0.49448527624871785,0.7622935536664008,0.0028617966,0.99984574,0.4077197011259839,0.7790501904027705,-0.002346873,0.9999044,0.5215624991333285,1.0096637852812855,-0.023775136,0.8849902,0.4269222294166799,1.039070803477446,-0.08331772,0.82611305,0.4101614929103635,1.2718526312875962,0.18788251,0.021515088,0.5439081557693347,1.233251368855421,0.23415363,0.026006315,0.41181353933901543,1.2958082458951403,0.21013227,0.019895736,0.5554054402499753,1.254814328859632,0.25603765,0.019741092,idle
0.43800890087134603,0.3385234310677344,-0.14931448,0.99991256,0.4098855966023368,0.3138182617864241,-0.13321485,0.99992204,0.44673014134596123,0.30471737909730645,-0.1186653,0.9998829,0.40125652038837234,0.3192367936234495,-0.013096511,0.99993515,0.4618779831549146,0.3196577033248659,0.051985174,0.9998952,0.4331308812529574,0.36499713219885344,-0.10329385,0.999707,0.44118542466015187,0.3524573673142541,-0.08474131,0.9994216,0.35105810489676925,0.4378253524345608,0.0149306655,0.99972993,0.5025291357968378,0.44553446227253274,0.11721866,0.99948394,0.3410869811293131,0.5990466308757246,-0.18740341,0.99966437,0.5236992402102445,0.6263534613845385,-0.07169376,0.9965277,0.5214906437945795,0.49475248441418823,-0.37163386,0.9987234,0.42316804154869714,0.45746280943559375,-0.38526723,0.9997967,0.48700978079232526,0.7568476182666221,0.002874954,0.99985516,0.3965455448012224,0.7785456543067519,-0.0023560901,0.99990964,0.5118373272557768,1.0104903665773959,-0.025739646,0.888939,0.4199993297066964,1.0233873128051576,-0.08345684,0.8310027,0.4241444582899835,1.2536196145739174,0.18775654,0.021026721,0.5417265226459034,1.2255955176799753,0.22968765,0.025999669,0.406222924948094,1.2901930537000839,0.21016431,0.019641286,0.5520689727025392,1.2541212589817798,0.2516548,0.020005826,idle
0.43279914196134206,0.3284749896114527,-0.15475701,0.999916,0.4245885444901859,0.3212426333356043,-0.13916448,0.9999247,0.4478292501153667,0.3068081129963004,-0.12313924,0.99988747,0.39716836841294445,0.329481444922767,-0.02257965,0.9999371,0.46062903994499527,0.3246674068969495,0.049052097,0.9998986,0.41637447648436743,0.35667960231464957,-0.11036853,0.9997161,0.44193638837220206,0.3581462348131584,-0.08990237,0.9994396,0.356673002870596,0.44185993096215664,0.0020297312,0.99973327,0.4980889932379642,0.4425630831028304,0.116855145,0.9994991,0.345791815522388,0.596306332791687,-0.19954658,0.9996777,0.5180841909379112,0.6286199437181473,-0.071529485,0.9965989,0.5122437596937262,0.48964780501799465,-0.3773697,0.99877703,0.4344342180632136,0.44456367300971567,-0.40005416,0.9998016,0.4870243197598726,0.7584184511785577,0.0043134326,0.99986386,0.40404323523959207,0.7744476735673202,-0.0038364541,0.99991477,0.5272902876395792,1.0175198752506898,-0.025512327,0.89287543,0.4297693923007646,1.0271797966850396,-0.086324796,0.83594364,0.41395953207217673,1.265349829155596,0.1775879,0.02064111,0.5448454819575455,1.2296053224306551,0.22912446,0.026133014,0.4171728102734946,1.287266113523421,0.1993435,0.019493526,0.5479817608402504,1.2574424000660116,0.25119597,0.02051118,idle
0.42932143712880266,0.3303045460756871,-0.15446296,0.99991846,0.4189581452484392,0.3210001277852778,-0.13907778,0.9999268,0.4463626619845691,0.3184403740690008,-0.122582555,0.9998908,0.3977092517383487,0.32730160847688283,-0.021049207,0.9999388,0.45355501280262556,0.3228160455060312,0.050825816,0.9999013,0.42395960470968763,0.36626300914868953,-0.1102715,0.99972373,0.44966470173250894,0.3547555931706257,-0.08908035,0.99945325,0.3484284407428686,0.4405811969653967,0.0021597687,0.9997394,0.49216450334917583,0.44442045513039413,0.11935158,0.99951094,0.3380001132362557,0.5991915767817612,-0.19910805,0.9996896,0.5196460560674497,0.6132287283053719,-0.067310855,0.99667835,0.5263616689759754,0.48924079205915216,-0.37451202,0.9988349,0.43327741301621214,0.4510504070156225,-0.3986511,0.99980634,0.48357768247792665,0.749040688321541,0.004736963,0.9998721,0.3966023107048585,0.7705328379423296,-0.004270125,0.9999199,0.5260288452339662,1.0066774290882148,-0.02524003,0.89577174,0.42058574064489207,1.0289434263663768,-0.08946927,0.83988494,0.40711684031559126,1.2616272325320346,0.16548751,0.020388516,0.54510024307048,1.2319931193531135,0.22988553,0.026256021,0.4155888934103549,1.2913756233172753,0.18634374,0.01944615,0.5451547702509472,1.2518227165504605,0.25207463,0.020733666,idle
0.4280521749136782,0.3308384077883011,-0.1520493,0.99991906,0.4094782562034621,0.31060117128518655,-0.13527957,0.99992734,0.4500600093444235,0.3010097802144595,-0.119118884,0.9998923,0.3901348622004601,0.3218270879897039,-0.016195316,0.99993885,0.4496958299887639,0.3134297911824738,0.05529573,0.99990237,0.4223784779972649,0.35983981862867304,-0.1077631,0.99971986,0.43369900182193866,0.34971850139005795,-0.08673593,0.9994461,0.3393706182005033,0.43709456032028565,0.0028254308,0.9997343,0.49371170084838645,0.43359095777906,0.1196511,0.99950624,0.34283847369906817,0.5957473223185412,-0.20696795,0.99969995,0.5237370242071742,0.6253457081932107,-0.07251234,0.99680877,0.5307812915642629,0.4900911868403664,-0.3796803,0.99890393,0.43211490338184855,0.4505839997268117,-0.41229826,0.9998112,0.4880917411282222,0.7629564215420178,0.0047054226,0.9998811,0.40106705524255326,0.772263108720928,-0.0042411545,0.9999254,0.5156036729349668,1.0203633098758782,-0.027609387,0.89822096,0.42237336994007335,1.037619891086313,-0.08775495,0.841745,0.4114459493330732,1.2664664207987957,0.18585208,0.01940651,0.5450398970724384,1.234040570474706,0.220132,0.025577756,0.41017171068861746,1.30079280103639,0.2090641,0.01868146,0.5461228086262937,1.2487570340514502,0.24148674,0.020255312,idle
0.43020768021904454,0.3338377237246598,-0.15382276,0.9999177,0.4113856622374287,0.31219187298452283,-0.13613024,0.9999262,0.44180449792813414,0.3059690896347208,-0.121425524,0.9998909,0.3938947469009828,0.33180538132922127,-0.015817694,0.9999378,0.4471258967055486,0.3147898433383905,0.05288542,0.99990124,0.418279026779411,0.3615857708239834,-0.10784346,0.9997158,0.4368360878599733,0.3561147955019527,-0.08863599,0.9994356,0.34915376484735927,0.433137761959576,0.0061642765,0.99972886,0.4933077736159214,0.44157385224367024,0.11602428,0.9994938,0.3405531923443692,0.5818814429229167,-0.2077661,0.9997027,0.5222032231182911,0.6231798905965281,-0.08232014,0.9968802,0.5220851511480089,0.4952315990980403,-0.3916631,0.99895567,0.4233499729060539,0.45181712675078345,-0.42238322,0.99981177,0.48577561823887117,0.7597467660724351,0.0039835004,0.9998884,0.3964768728150452,0.7772979561081353,-0.0035150512,0.9999299,0.5232838368375499,1.0174599754986522,-0.027222842,0.9000327,0.421344586703557,1.0297756864930192,-0.08739079,0.84351367,0.40729200783506303,1.2746025030791008,0.18835206,0.018720718,0.5471985701721773,1.2485864212680535,0.22232333,0.025200713,0.41253584405741983,1.3042949526685155,0.21159692,0.018179476,0.5534891738819455,1.2735034061204151,0.24398991,0.019895311,idle
0.42505088278994185,0.3332728322141972,-0.14630075,0.99991673,0.4048172158308553,0.31682474575143943,-0.12827969,0.9999246,0.43016941530653974,0.3071532377011575,-0.11396004,0.9998898,0.39534467978551935,0.3332158681173671,-0.009741205,0.99993545,0.4400395440413245,0.3092975502488164,0.056543283,0.99989915,0.4076288122731285,0.3618565762318914,-0.10136934,0.99970806,0.43515945388179944,0.35445445991626445,-0.08276289,0.99942315,0.3282378544542185,0.4374491277701004,0.0071429135,0.99972224,0.49885603007562296,0.44515614851124197,0.11607339,0.999488,0.3423382018119472,0.5917030863352746,-0.20744953,0.9997005,0.5234565499868343,0.6184199907598452,-0.08335018,0.9969301,0.5217353784421046,0.48355144247615744,-0.38902536,0.9989844,0.4244366595198422,0.43884959564864584,-0.41650647,0.99980885,0.46854456484012663,0.7514264314027901,0.0037562638,0.9998935,0.3953776425400114,0.7711376322897143,-0.003301174,0.9999327,0.5188372608627635,1.0115711900015185,-0.03379745,0.9015089,0.42108834364378345,1.0343750794828905,-0.0858645,0.84450024,0.41789716108995933,1.2674618922635446,0.19698073,0.018329205,0.5359669973973133,1.2335139460844626,0.21131983,0.02522771,0.40916511933831745,1.2873277979748678,0.22109775,0.017906021,0.5471417965710412,1.2605165215824623,0.23274176,0.01982724,idle
0.41767074918294467,0.3341557482811792,-0.15434894,0.99990886,0.4100801218502751,0.30661869869845176,-0.13656984,0.9999154,0.43245303944027413,0.3052933991199722,-0.12248739,0.9998798,0.3860639377362729,0.32722746321423063,-0.014470553,0.9999263,0.4504788035586982,0.3110782660787014,0.05067761,0.99988896,0.40622884524492675,0.35362647571499073,-0.10765395,0.9996906,0.432595666682555,0.3510492032391763,-0.08935189,0.99940026,0.32987920477512,0.44200638110675394,0.007135771,0.9996918,0.49591971749912,0.45065576247683986,0.110620596,0.99946165,0.3312498975440802,0.5877676143228433,-0.21580501,0.99966633,0.5202365626794329,0.616894125563793,-0.09411459,0.9968161,0.5189381206187887,0.49267334520490796,-0.40137225,0.99895,0.42599273236712376,0.456745137482885,-0.42880625,0.9997816,0.48326444347699293,0.7609262054428535,0.0032360493,0.99989015,0.3781042258013554,0.778754436533872,-0.0028008143,0.99992913,0.5222522568892207,1.0117666977690585,-0.032898635,0.9019448,0.414568996904744,1.035871883460977,-0.0847714,0.84432185,0.41061697994389657,1.258229628038575,0.19844887,0.019340284,0.5474169389561026,1.2348032920008722,0.18707955,0.028728405,0.40923873806781386,1.2920425459649874,0.22186518,0.018758975,0.5328260991822794,1.26360500221795,0.2037818,0.021128636,idle
0.4217332517847844,0.3216302000989049,-0.163254,0.9999055,0.40353484116198224,0.3082586569886121,-0.14641711,0.99991137,0.43997801332263897,0.31159914219575424,-0.13306019,0.9998751,0.39409581117392845,0.3204163617479381,-0.021591013,0.9999228,0.4458929209746698,0.3092052088395315,0.039879017,0.99988544,0.41055397604469157,0.35784403801402564,-0.11480284,0.9996902,0.43757937365047894,0.34881843838482957,-0.09749375,0.9994049,0.327588758071923,0.43882543432424964,0.007449118,0.99968773,0.48721653227386486,0.4361149975989051,0.10715405,0.99945784,0.32616970950666757,0.5985559494994143,-0.21337727,0.99964756,0.521782807761745,0.6047969627924444,-0.09180848,0.99677074,0.5212659758519356,0.4868376684044731,-0.3991785,0.99893767,0.4189426778773224,0.4479689624633773,-0.42292133,0.9997673,0.48991443278450786,0.7593281065566168,0.002364216,0.99988925,0.38408977775601616,0.7746806679548347,-0.0019462897,0.99992764,0.510921605046255,1.0051035174062841,-0.032811213,0.9026315,0.4175054336618521,1.0314892949480938,-0.08641214,0.8456765,0.403953462445682,1.261933337223229,0.19711027,0.020699056,0.545648895308225,1.2303862410000357,0.19305484,0.032490157,0.4164036097451793,1.2938063934526187,0.22008863,0.019959405,0.5485765205781536,1.2734333895333805,0.21057078,0.022610331,idle
0.4126065095206072,0.33317217858646986,-0.1632966,0.9999019,0.4063801068468954,0.3173209920449391,-0.1462557,0.99990785,0.4351083827198764,0.31068970984629884,-0.13311864,0.99987113,0.3808228640128658,0.3243663827455719,-0.020710818,0.9999196,0.4379011418357688,0.31409852729769355,0.03978867,0.99988204,0.406642930267212,0.3506749874429615,-0.11457078,0.9996876,0.42440446943347454,0.34981096552113494,-0.097611666,0.99940145,0.33616673061407065,0.43216477946282533,0.0077567836,0.9996764,0.4871846494834646,0.43962355860776625,0.10283686,0.99944067,0.3325130946256466,0.6042212989001258,-0.22339249,0.9996304,0.5136245884617758,0.620023037918776,-0.11237381,0.99671316,0.5073909053354562,0.48631792350168673,-0.43369246,0.9989373,0.42587478336574736,0.4576359309325034,-0.4495921,0.99975914,0.47578763235902954,0.7504928242817803,0.001166288,0.9998907,0.39006420077827064,0.774957741477968,-0.00076793064,0.9999283,0.5290288033258956,1.0117354707571797,-0.032127135,0.90387225,0.41326946377033513,1.0369542790726214,-0.08700704,0.8468772,0.40632525046309254,1.2709901631192744,0.18488823,0.021356994,0.5514252284975031,1.25141249352285,0.19548698,0.03435761,0.4140338652014893,1.294695260888902,0.20600092,0.020516753,0.5492684050464343,1.2715497376844007,0.21353754,0.02308093,idle
0.4135451109945987,0.333258798550333,-0.14853102,0.99988806,0.3974834347906664,0.310658039385258,-0.12981984,0.99988824,0.42260539862216895,0.3079790868667534,-0.116624154,0.99985015,0.3736500799158692,0.31802711556586966,-0.0026888254,0.9998998,0.44051554793679903,0.31839836799662224,0.0578896,0.99986386,0.4036690115448536,0.35828418206155926,-0.09937693,0.99966353,0.4340259781896918,0.34403233622208645,-0.08237128,0.9993711,0.32298264546972044,0.4330591460067215,0.01454245,0.9996443,0.4867382817750219,0.4437114389500699,0.10935527,0.9994235,0.3288458668837687,0.5858848230153567,-0.22608812,0.99952304,0.520311888629633,0.6108592625425481,-0.1046164,0.99624187,0.5116593539969602,0.4832675850627548,-0.42396903,0.998825,0.40289758901655703,0.45515770261163097,-0.45640665,0.9997076,0.48599143533402867,0.7666604336325649,0.002431895,0.9998798,0.38749435976080404,0.7740184272023372,-0.002142755,0.9999165,0.5442960367574572,1.007485574535595,-0.073169485,0.90213305,0.4069696411518522,1.0546930351690897,-0.09321755,0.8400596,0.4117275666037028,1.263657043203842,0.18810974,0.024026252,0.5551535159120531,1.2374241359083094,0.15875363,0.042130727,0.41690080108545835,1.2937532956885187,0.21053413,0.022294585,0.5492061921239973,1.2653319068150026,0.17717806,0.025482066,idle
0.409159145657086,0.33128101322909076,-0.14165331,0.99987674,0.39395202822685926,0.30726270059127514,-0.12179677,0.99987274,0.4268914350196612,0.30251087302952806,-0.10779861,0.99983114,0.37301881297119166,0.31672027951585136,0.0069347983,0.9998818,0.43963106267038565,0.31906748952161035,0.07175149,0.9998436,0.4004208203597811,0.3541509308264119,-0.0922938,0.9996448,0.4158840990308368,0.3524675050773576,-0.07417989,0.9993387,0.3263867643413423,0.443646755091153,0.02209878,0.9996241,0.49032219566814794,0.4314062000277448,0.123320505,0.99940026,0.3147701481356533,0.592653240758613,-0.23184952,0.9994327,0.5043456740615485,0.6235016346162586,-0.08665689,0.9957228,0.5157712205216045,0.47687463052971024,-0.4051756,0.99873334,0.411231502492458,0.45781564173816175,-0.47348174,0.9996656,0.48465742875183315,0.7629336980778988,0.004007678,0.99987406,0.3783662237058103,0.7754598803609971,-0.0038009603,0.9999096,0.5453059929465348,1.0058007560890094,-0.13315862,0.9009722,0.40933122638274244,1.0472804846442025,-0.10153959,0.8325277,0.425092991052324,1.2779191039743731,0.19248545,0.026990743,0.5631235870522688,1.2440873281140183,0.08901005,0.051005322,0.422455708205977,1.2963308278158634,0.21623269,0.023919683,0.5643973820078496,1.2784388312677142,0.10651455,0.02770019,idle
0.4004659699390587,0.3275575075292861,-0.15631333,0.99986213,0.38602465854920753,0.3105092966581474,-0.13439815,0.9998441,0.42597830413691096,0.3003029012040171,-0.12365444,0.9998,0.3741823920458701,0.3217841468851145,0.0063920133,0.99985224,0.4365941250576726,0.3049993032394325,0.055758536,0.99982125,0.40155325613268145,0.35916773801203866,-0.102392994,0.99964345,0.4117263965817263,0.348991147037859,-0.088055015,0.99934286,0.323077889713133,0.4289716618413647,0.021419164,0.9995965,0.481186406754882,0.4452169389260228,0.110841535,0.9993719,0.3156902182487601,0.5835202360310435,-0.22818625,0.9987881,0.5059352532712553,0.6153361662126509,-0.09665628,0.9930887,0.5054502480952743,0.48081662357278143,-0.42072827,0.9978667,0.40441026992837814,0.46368062240107344,-0.46580476,0.99934644,0.4839696707747351,0.7600730810521864,0.0070826234,0.999839,0.3848167973927783,0.7859545195755335,-0.0069517717,0.9998794,0.5596230911164878,0.9829614845591862,-0.15906188,0.9009787,0.4130379324654353,1.0570814009925937,-0.14407554,0.8303588,0.42764258648684694,1.2773567302066828,0.18941793,0.042348832,0.5648740814231523,1.2153460223663846,0.19153307,0.0671652,0.44153081656700244,1.3033348917607885,0.2156125,0.032963697,0.5473345551585178,1.2320776214669327,0.23119041,0.035659637,idle
0.39779411305002943,0.3393203284685104,-0.170261,0.9998296,0.38772053843437815,0.3129534091634709,-0.14302127,0.99977946,0.4114569417479319,0.31094546084251523,-0.132759,0.9997365,0.3718036906761303,0.3113672506251624,0.00567423,0.9997891,0.4354812100458957,0.3220583622638702,0.056170277,0.9997766,0.39033368046611605,0.3537702413552809,-0.11092396,0.99961185,0.40363999451508925,0.354292678157141,-0.097016364,0.9993175,0.3169657107735492,0.4343913489154158,0.02036256,0.9995479,0.4756464855409801,0.43496398925546564,0.11977522,0.9993177,0.3169155239674617,0.594630167172033,-0.269912,0.99827194,0.5119473959462413,0.6312591108709315,-0.09591092,0.9879596,0.502504508328617,0.4813376779942511,-0.43653998,0.99634576,0.3921232170645762,0.4596131544733344,-0.53972286,0.99898595,0.47541382265280085,0.7517373442330043,0.019399539,0.99977905,0.38268250604004483,0.7874884261785422,-0.019206505,0.99977225,0.5668171075565551,0.9436852654015366,-0.3234893,0.90279126,0.4129032176819627,1.057580129597552,-0.17813405,0.8200676,0.42544724526231015,1.253661503223895,0.21218698,0.05586423,0.557349435234801,1.1943793730123964,0.03358593,0.10919537,0.4296862627144412,1.2845625392248974,0.2456793,0.04025171,0.5580446028453296,1.2289676203366875,0.066050924,0.055160467,kick
0.38987051918162197,0.3296679764380391,-0.17016713,0.99982804,0.38724008556429335,0.3095777699529196,-0.14324361,0.9997704,0.40438453220368487,0.30850714887026276,-0.13272475,0.9997228,0.37131350975077493,0.3244989900735104,0.008322722,0.99978596,0.4258589760281153,0.32246430774812007,0.0600532,0.99976987,0.3917072474464077,0.3527539756247031,-0.11086539,0.99962705,0.4160906568686643,0.3413074379877668,-0.09652062,0.9993454,0.316135613988606,0.4404904938250843,0.020254126,0.9995491,0.47004587811985576,0.4365459022926441,0.15224533,0.99925834,0.31346275821828307,0.5905656586842422,-0.25788662,0.99804443,0.5046034445542313,0.6322098588451261,-0.017644351,0.97960734,0.4959374085111071,0.48003020428704624,-0.35227865,0.99469024,0.4006264432508243,0.44361823495729924,-0.51253045,0.99880826,0.4810767723244166,0.7562666112799524,0.039277773,0.999657,0.388225325309848,0.7923070600853572,-0.039035954,0.9995802,0.590952861600966,0.9017364459770683,-0.34100407,0.9070511,0.4142442526271267,1.0626783411939762,-0.22688095,0.82487404,0.4223088573973418,1.2283265200321014,0.20389764,0.08916872,0.5540067042488566,1.096484943935451,0.015186931,0.16273493,0.4430033375257889,1.2571969555397557,0.23963323,0.058384802,0.5314786485843641,1.1773916254414922,0.04763589,0.09734373,kick
0.39998554665493224,0.33503992286700046,-0.17685905,0.99982685,0.38098841640093994,0.30594075294132844,-0.15043947,0.9997626,0.4129618797996305,0.3060945087554506,-0.14101778,0.99971235,0.3615259389834251,0.3236489271087869,0.0059300642,0.99977994,0.4308426137938607,0.3195192339997334,0.050016534,0.9997666,0.3868016349006871,0.35198914473376575,-0.117195405,0.9996428,0.4138422039028663,0.3458338796130462,-0.10411005,0.9993761,0.31514563415524177,0.438228842499236,0.012228585,0.99954325,0.47914363450278896,0.4398167099016357,0.14317305,0.9992142,0.31212977458688507,0.5904569501333431,-0.26285157,0.9978075,0.5042123745170592,0.6291011369593048,-0.038491704,0.97255534,0.49595065571473707,0.48683956379033966,-0.36209106,0.9933329,0.38485365149229644,0.4528414404712947,-0.5267784,0.9986396,0.4871396241253796,0.7431489063956359,0.04370314,0.99950486,0.38566136702467635,0.7925128669076957,-0.043412007,0.99931073,0.5909647189091136,0.8568755184032185,-0.38888904,0.91255754,0.4246650821947291,1.0605950938858528,-0.22100165,0.8326521,0.4349999337853613,1.222409703185589,0.1754676,0.12902167,0.5518996450734692,1.068395694388732,-0.048757393,0.20870906,0.4392400186986215,1.2349611239321754,0.20937654,0.078655854,0.5313570854898901,1.07524905190095,-0.016957365,0.13424563,kick
0.39250567261716274,0.32849650069716596,-0.23329096,0.99983984,0.37881020698488843,0.29978232837682817,-0.2132216,0.9997771,0.4116465320939995,0.3053033979591152,-0.19942603,0.99973184,0.3509835124693761,0.32556578655457485,-0.07963656,0.9997853,0.4198886407079697,0.3153491145937436,-0.014619371,0.99978083,0.3708097865558738,0.3545169436227964,-0.18092202,0.99967194,0.40351016618326807,0.35242966486181104,-0.1621952,0.9994306,0.3099576028993565,0.4447597614612948,-0.07254296,0.9995649,0.4624792001758885,0.4270080611855377,0.1096674,0.99925375,0.30131697136875857,0.5816880497017429,-0.30797163,0.99776334,0.49860722732797225,0.603348628603875,-0.048335936,0.9680816,0.4966508012072812,0.477967750802723,-0.389899,0.9925405,0.4006421451872313,0.4473566464064441,-0.54849726,0.9986233,0.4762706729295554,0.7210813794504218,0.053206135,0.9995021,0.39776697065948463,0.7803572126508007,-0.053022437,0.99927694,0.5813245169188894,0.7763979194824426,-0.43945274,0.92029005,0.4214787629990093,1.044294405438756,-0.18930848,0.8477144,0.43496394927531723,1.1984929307299832,0.17335531,0.2106781,0.5730041604947383,0.9453088775998489,-0.11383071,0.2772705,0.44139484465039147,1.2283510534075595,0.20142493,0.13687791,0.5385777674418915,0.9692170986913676,-0.083471455,0.20020913,kick
0.38342012317532104,0.3150733498165571,-0.2203416,0.99984986,0.3658453184811925,0.30269159704028253,-0.19983418,0.99978876,0.4092115103239723,0.3110842134406431,-0.1879002,0.99974537,0.34328199806166204,0.31839743298246004,-0.066917196,0.9997906,0.4190675398221625,0.3062597923055284,-0.010090664,0.9997905,0.3737754763579124,0.3525618501619252,-0.16840222,0.9996958,0.4005962562615617,0.34987023000099293,-0.15196732,0.9994741,0.3064662825533264,0.4437318905125796,-0.056816407,0.99957997,0.4640060084912895,0.43984971079452595,0.10805675,0.9992464,0.3035772939463752,0.5960951737979773,-0.2832334,0.99757,0.500807682920696,0.607993159399927,-0.02190732,0.9604485,0.49518403938362454,0.4703579397530307,-0.33384103,0.9909442,0.3846625978286935,0.45884249795876114,-0.5132372,0.99853826,0.48714565024876944,0.714846945218264,0.053988338,0.99945253,0.3907417652663927,0.7801504234096541,-0.053748995,0.9992206,0.5887515936306612,0.7363477392602362,-0.3911185,0.9271341,0.42440965762502436,1.0398195748738297,-0.18731911,0.8611772,0.4322766578973508,1.200483840855279,0.13513257,0.2826174,0.5780653055936621,0.9175150730736115,-0.05795033,0.33430257,0.4594031630105284,1.217067286466843,0.15833274,0.18837014,0.5425277065788675,0.9438529854023362,-0.026279798,0.2562719,kick
0.38079812247566247,0.3262219751738263,-0.22441801,0.99985933,0.3681018090794951,0.30450175909417987,-0.20600936,0.99979955,0.38658814248577766,0.30822148045785397,-0.19237033,0.9997599,0.350751650702845,0.3186559611745856,-0.08250846,0.99979436,0.4119300275925091,0.3034329106824565,-0.018347446,0.9997996,0.37537189297371254,0.3553569790918055,-0.17569497,0.99971735,0.39092677045906643,0.3436177919820265,-0.15734325,0.99951607,0.31093867861600544,0.45020693790529986,-0.08063324,0.99958736,0.45792114311309984,0.43064839705959074,0.10255402,0.9992645,0.30448856881757436,0.601850660874155,-0.29117137,0.99742424,0.49008033389989436,0.606084659615546,-0.034333117,0.9545308,0.49869891424169965,0.481019995027907,-0.35397485,0.9897475,0.3803219588121869,0.46214789244690996,-0.5079074,0.9984988,0.4716664469478118,0.7092580729664002,0.056817196,0.9994581,0.3960669614087907,0.7739198087092496,-0.05661272,0.999191,0.5829887949693338,0.7201524294015875,-0.4089617,0.93352455,0.43725836521763406,1.0412024089978675,-0.18004708,0.87350184,0.45082318259201715,1.1595525799036237,0.21246319,0.34504887,0.5717086872137944,0.904734579619326,-0.10948441,0.3896957,0.4560514176750172,1.1736408400839209,0.24650979,0.23064204,0.5438723667823974,0.9339920701307063,-0.08019591,0.30946532,kick
0.38210510941699205,0.3294040248033096,-0.24294174,0.999869,0.3601492903365464,0.307628509340827,-0.22828674,0.99981195,0.39152635756336873,0.29461919021655425,-0.21238807,0.9997756,0.34492899259056997,0.3132295889902701,-0.11368401,0.9998041,0.404621706818755,0.3150754369393598,-0.03860088,0.99981153,0.36817591760411417,0.3578665286068669,-0.197094,0.9997402,0.39989679632863284,0.35034340831067784,-0.1755068,0.99955684,0.29906446034247236,0.45025834434950424,-0.109654784,0.99960256,0.45591033365599565,0.43352369591089074,0.093084104,0.9992943,0.30235258815142285,0.6055503757176395,-0.32166815,0.9973453,0.4975788342630135,0.6056853173285032,-0.04005577,0.9468994,0.49653177521491443,0.4751729863170053,-0.365644,0.98844075,0.3800386633741937,0.46018658880392843,-0.5382542,0.9984512,0.47587618158687117,0.6995460780362399,0.061188627,0.9994436,0.3967490691945247,0.7759182834990485,-0.060985584,0.9991379,0.5855575873956129,0.7194652393343385,-0.3735668,0.9389863,0.4421140010706136,1.0324867766608963,-0.18263952,0.8843354,0.4468564467865289,1.161406058606085,0.2108933,0.40080875,0.5819524861267047,0.8793400783653674,-0.07526511,0.4380446,0.45379220029931566,1.169963739024156,0.24127038,0.26953495,0.5507386574938798,0.9132288154992036,-0.04714308,0.35895517,kick
0.3748503424673013,0.33414953968157474,-0.24702299,0.9998783,0.3544550462002921,0.3066288673045819,-0.23047683,0.9998234,0.3872754407888871,0.3044019449470581,-0.21577577,0.9997907,0.34387145964727284,0.3175599078927248,-0.11083312,0.9998133,0.41005827025419606,0.31420648497861986,-0.041322526,0.9998219,0.3570012988061829,0.3603951266282677,-0.19965638,0.99976015,0.3816477136823172,0.3447070318538999,-0.17963149,0.99959284,0.30116678163644095,0.4510646026498619,-0.110071875,0.99962276,0.45020213946087406,0.4345208731778108,0.08502941,0.9993247,0.30449863688275824,0.6064857708323086,-0.32361212,0.99740183,0.4918340616475685,0.6058630972254408,-0.074284345,0.94108456,0.49484236737729037,0.46703775441356715,-0.43710732,0.9876269,0.38207504422329763,0.464180087539109,-0.5362026,0.99848837,0.4788586657266243,0.6976366981632194,0.060204647,0.9994528,0.39315970068181616,0.7686307299388632,-0.060033083,0.99911255,0.5899861913221692,0.7057484789645115,-0.37637657,0.94366395,0.44302410642835965,1.0212162813887187,-0.1855313,0.89384073,0.4499226763204335,1.1361730953815907,0.22182694,0.44591093,0.5936329341407534,0.8841605208611938,-0.08387667,0.48314735,0.4605625761745724,1.1438278745172785,0.25588608,0.2984619,0.5669272316900912,0.9198169986966765,-0.056851752,0.4050808,kick
0.36550459888192,0.32194684108352173,-0.2437594,0.9998889,0.3487846500450291,0.3135724161635358,-0.22649541,0.9998375,0.38042019036021535,0.3107519800332599,-0.2141597,0.9998091,0.33955912984641334,0.3201691301314744,-0.09838776,0.99982744,0.40809013839379604,0.325761933480417,-0.03812098,0.9998363,0.3534549040410877,0.3509540640221604,-0.19403902,0.9997813,0.3775404427918231,0.3500117425765526,-0.17751914,0.9996308,0.3046137450275638,0.4511659743007249,-0.08559492,0.9996484,0.445512054113668,0.42882781517289303,0.088531576,0.9993805,0.3096767132270717,0.6130441165125398,-0.30864626,0.99749017,0.4994381147411855,0.6040823144881494,-0.08299579,0.9420273,0.49604145288338775,0.4663008286511905,-0.44367418,0.98780316,0.3746480213692569,0.4594806665221292,-0.5204415,0.9985362,0.47969415839700513,0.6965298130164379,0.056883376,0.9994982,0.39038868819682804,0.7574311486632569,-0.056665264,0.9991475,0.5873576950317441,0.7036750933028142,-0.40910572,0.9485383,0.4412888542689605,1.0181697332326616,-0.20727858,0.9020446,0.47838046814491275,1.0472685231584098,0.30218104,0.45992637,0.6245687405373942,0.8972811811682329,-0.17086282,0.53165245,0.4837705538139121,1.032577105923944,0.35237616,0.3158364,0.6050223802895128,0.9365968286975387,-0.14832935,0.4571425,kick
0.3835678967261912,0.34061708827116194,-0.2446903,0.9998983,0.34864995495609397,0.3060279559443911,-0.22830164,0.99985075,0.3882350142394646,0.3130941679796273,-0.21287875,0.999825,0.32680758999690307,0.3281265106272073,-0.10354036,0.99984163,0.3943168295430556,0.3040809204631388,-0.029987033,0.999849,0.3576955946291388,0.35255894034566293,-0.19506055,0.99980104,0.3845284603110197,0.3580083375292884,-0.17424035,0.9996648,0.2997516985838967,0.45684927863715225,-0.09545408,0.9996758,0.4523086981759219,0.4420234478415783,0.09212735,0.9994261,0.30007897084841684,0.6155442289147462,-0.32520995,0.9976165,0.4982055236164624,0.5933060014295763,-0.07837765,0.93672097,0.4903860270406205,0.4742413053777635,-0.45693773,0.9872837,0.37081114211297106,0.4607107824035077,-0.5602006,0.99860907,0.4713010195223408,0.7059659231125529,0.05724313,0.999528,0.39429223009466974,0.7686207224562526,-0.0570167,0.99916464,0.5931330056307806,0.7204216184751305,-0.38893571,0.9525276,0.43567117275435874,1.0243432949715348,-0.19991286,0.90957093,0.48210885395094993,1.0925109248333167,0.26413646,0.48675376,0.6622127514851393,0.9042620145118545,-0.15159683,0.57301646,0.49043504579291153,1.0866913556924414,0.30464095,0.335999,0.6332826368640039,0.9426047304442688,-0.13077801,0.5007555,kick
0.3726276610151349,0.33335550252370355,-0.25133228,0.99990654,0.3354222348771435,0.31430579967479344,-0.23637204,0.9998624,0.38170741141563624,0.30766805534587033,-0.22078271,0.9998387,0.3276007013052329,0.3275763526823101,-0.11043443,0.99985397,0.3905383421418581,0.3136499257181468,-0.035192013,0.99985963,0.34466577595853254,0.3721603395549014,-0.20076331,0.9998188,0.37827290474671504,0.3587408790527879,-0.1792787,0.9996945,0.2904001359901297,0.4498169267898519,-0.08843233,0.99969655,0.43754526134602356,0.42839306197988536,0.0877914,0.99946135,0.30136386507453483,0.6151218802824197,-0.33916697,0.99768126,0.49230522271850286,0.5999791735150203,-0.08757061,0.9326052,0.4878584710312893,0.46964161307254576,-0.4845717,0.9866307,0.3768937688936188,0.4666886162440827,-0.62946874,0.9986309,0.47415837338412614,0.68715077511498,0.05630646,0.9995252,0.39299956106194145,0.7694002736819089,-0.056132168,0.99911135,0.6152034810240549,0.7213902716514519,-0.3711123,0.9552898,0.42988787251798033,1.0286658176768317,-0.16583028,0.9152762,0.47198541740366007,1.123290288691256,0.18153761,0.51860154,0.693161532476644,0.9128350184572518,-0.1592042,0.6063053,0.47643904756179933,1.1313975315439775,0.20547414,0.35902065,0.6935755581293632,0.9437824933517412,-0.14221516,0.5366456,kick
0.36091601332815526,0.3244664644344238,-0.24962685,0.99991375,0.3462427305700164,0.3152653042548466,-0.23653105,0.9998725,0.3815187771328563,0.3045064979796811,-0.21970873,0.99985135,0.32525962277130704,0.31451115725979834,-0.113569036,0.99986446,0.38398479155403675,0.3105963932302146,-0.03217684,0.9998693,0.3529325570452515,0.3571839704029905,-0.19939543,0.99983466,0.37623337820848457,0.3482301997262484,-0.1761777,0.9997217,0.2795840319924787,0.44735353671233796,-0.08209057,0.99971145,0.43314442056163904,0.4229263985678791,0.088812426,0.9995003,0.2938558589022726,0.6130052070655003,-0.341721,0.99766374,0.5042508131427165,0.5891057517382304,-0.08612113,0.93063253,0.4779630984002705,0.4796501010296229,-0.47806215,0.9857703,0.3728448542726255,0.46356264464618524,-0.6470333,0.99855655,0.4815981199686735,0.6883771163967167,0.055271387,0.99953467,0.4025486452952689,0.7581174952484147,-0.055064447,0.99903244,0.6121764050873846,0.7158071886212911,-0.37387338,0.9580773,0.4367440154036627,1.0341130958546991,-0.117410325,0.9206363,0.46408304678624246,1.157843211108431,0.18270548,0.55298,0.7412262498050898,0.9038440394837821,-0.2544997,0.6403479,0.48444987962756714,1.17426153896628,0.20486513,0.39175645,0.7300864680663982,0.9457805724491736,-0.24641006,0.5735668,kick
0.36704942329913226,0.3283973493988533,-0.27250117,0.99991935,0.3410851560138154,0.3063671376115909,-0.26031557,0.9998805,0.3679944014240871,0.3058665204849968,-0.24336211,0.999861,0.33186923453695816,0.3298718916849202,-0.13273913,0.99987346,0.3852578144879246,0.3334513958413595,-0.04930303,0.9998759,0.3419443798351135,0.3615250942431906,-0.2198852,0.9998487,0.3712057764324058,0.35294981796663744,-0.1959871,0.99974513,0.2872287404351975,0.4506155684085375,-0.08278287,0.9997283,0.44067174430116907,0.4196533974598497,0.07375411,0.9995364,0.3015113493471816,0.6202905834093981,-0.35204682,0.9975759,0.48679608360028104,0.5946494352939933,-0.10410289,0.92867184,0.4783996746102144,0.48356547447524134,-0.5095253,0.985546,0.3561104546936078,0.483006230098566,-0.6739768,0.99841833,0.4855583768081634,0.6937199819543972,0.054128606,0.9994841,0.408842487373575,0.7519083049143324,-0.05402372,0.99881184,0.6321463413341136,0.7379491039517015,-0.3469233,0.95974547,0.44410043233636665,1.0312140116487851,-0.1179039,0.9227265,0.47944683899694485,1.1916614878104586,0.12969854,0.57299703,0.7924182971713495,0.9135960811896175,-0.23596236,0.6667652,0.4813588494024116,1.2113889962012563,0.14561294,0.40513614,0.786590092953659,0.9593449816343141,-0.2294172,0.60024637,kick
0.35553142117667014,0.32977831541819025,-0.25677663,0.9999229,0.33481567193857786,0.3151484744107782,-0.24502322,0.9998857,0.37520883346091405,0.3123613769487409,-0.23008342,0.9998685,0.3268080018989451,0.3164140729202428,-0.11254799,0.9998785,0.3817352613465238,0.3158735588297281,-0.035748024,0.99987996,0.3490178659548746,0.36423490844969436,-0.20273581,0.9998593,0.3692942999349047,0.34798595854401415,-0.18057609,0.9997635,0.2754877541095878,0.4589117605213832,-0.049230862,0.99973625,0.42774752994086107,0.4306426866078589,0.07482354,0.99956906,0.29003271743531855,0.613244741438873,-0.34708124,0.997331,0.5084859038835305,0.5979515005591982,-0.1146218,0.9281426,0.47881529596651695,0.4702734686583618,-0.4928433,0.98484355,0.3567958337046825,0.4689427807179907,-0.6341596,0.9981898,0.48303856629188624,0.6888827809035339,0.03657599,0.99947155,0.40113939454474923,0.7593909702349649,-0.03653777,0.9986863,0.6333769831753001,0.7345086542876139,-0.31040314,0.9614329,0.4437472774123131,1.03715629410925,-0.080872156,0.9222529,0.4786553476337858,1.1884489238180593,0.1579308,0.5836632,0.8199519165337088,0.9045945835245798,-0.24392757,0.6917503,0.4940487080377409,1.197331780040773,0.18012668,0.41851744,0.8077823427976331,0.9578900450626902,-0.24022289,0.62124836,kick
0.35314216063872905,0.3355489278380066,-0.25245252,0.9999194,0.33026244858609055,0.31326310990496264,-0.23913538,0.99988264,0.3677306222552036,0.3109034121112162,-0.22239003,0.99986655,0.32419846389027995,0.3197720795910014,-0.1100346,0.99987584,0.3757908718189147,0.3142252916983292,-0.031588532,0.9998705,0.34550376509458824,0.3537142137099374,-0.20144887,0.9998635,0.3651706399773147,0.35748082279236293,-0.17733492,0.9997684,0.2729090920200973,0.4551350169459812,-0.040819798,0.99973774,0.4430643124661886,0.41891053608040746,0.06535582,0.9995785,0.289996401904805,0.6046545659873378,-0.31901485,0.9969046,0.4938047021628934,0.596957089460172,-0.121240854,0.92624754,0.4764555754723755,0.46796297336455644,-0.48404726,0.9831909,0.353729978709996,0.4773421143602522,-0.61269534,0.9976615,0.49624409404478054,0.6960824615763441,0.027670538,0.9993202,0.3985755392488962,0.7614644741073323,-0.027610254,0.9985566,0.6470041175879915,0.7749263095945307,-0.1326833,0.9613344,0.4450840261680854,1.048639795758376,-0.087472335,0.92418045,0.46878205636872916,1.215130682209296,0.12171678,0.6035404,0.8392710106390366,0.9106122763308246,-0.036425542,0.71148694,0.4825264029956057,1.2255110713438424,0.13633148,0.43533352,0.8522147715011779,0.9414987056200139,-0.030908158,0.6313098,kick
0.3476282847239609,0.3327667148343924,-0.23041639,0.9999114,0.3328617544356244,0.31138485806610056,-0.21498466,0.99987346,0.3669209916140077,0.3148110270609069,-0.20242675,0.99985874,0.3136619521817988,0.31514336565356177,-0.08587819,0.9998655,0.37896148675141716,0.3178251731932715,-0.020573217,0.99985373,0.33431457544054055,0.3604658623320304,-0.17900884,0.99986017,0.36158603160737646,0.349200978616567,-0.1597615,0.99976087,0.270398840809032,0.45083744101399353,-0.025045937,0.9997357,0.4291677416429227,0.4166620516905837,0.06451087,0.9995801,0.2786446462876587,0.6165422978188502,-0.2935717,0.9964835,0.4918035654171631,0.6027654408649447,-0.13426802,0.9262427,0.48175093003038116,0.4644760901075211,-0.48514777,0.9819426,0.3513953154211301,0.4736846497832678,-0.58224076,0.997198,0.49437775169963294,0.6909540531128263,0.017568272,0.99914956,0.3986122098945013,0.7720446097851966,-0.01748786,0.99842596,0.6599735337660719,0.7862794551040254,-0.10891694,0.9616649,0.43289892410301223,1.0467452631890253,-0.06925653,0.9253232,0.4771667230519656,1.2226209541053175,0.12537368,0.6211445,0.8533867142864326,0.904056499162359,-0.03224737,0.7299141,0.48892709325689887,1.2447026080994186,0.13925263,0.4513905,0.8619534344036459,0.9442316882345875,-0.027415285,0.6370343,kick
0.3324369643008639,0.33543253892562425,-0.21493116,0.9999003,0.32509793936385867,0.31694574774265827,-0.19952384,0.9998579,0.3629527659752013,0.3054873556782495,-0.18867332,0.99984586,0.3136650029397796,0.3297177864759424,-0.07388178,0.99985117,0.37689222550638,0.3250957558963384,-0.014307325,0.9998328,0.33946916274989347,0.3508333226168943,-0.16429085,0.9998539,0.35427570647339135,0.3627909500718499,-0.14708552,0.9997479,0.2676085846530548,0.4525040377666542,-0.019540856,0.99973416,0.4246500606868264,0.43028520111445623,0.0629922,0.9995774,0.27210300742128757,0.6123679829951105,-0.27535602,0.99625814,0.487308875335985,0.593866955010636,-0.13670263,0.9287818,0.48320356297972156,0.45315755243791417,-0.47936597,0.9817005,0.34939675999075226,0.46610693446320645,-0.5412591,0.9968188,0.49706125921701827,0.7037223765071207,0.016687911,0.9988065,0.4062519998084674,0.777405094235323,-0.016548978,0.9982024,0.6623639027773522,0.791977809517083,-0.068649426,0.9616191,0.4301720223280795,1.0466384561828985,-0.09006588,0.9273494,0.48124400457775207,1.2394214343556444,0.06720107,0.63700104,0.8682127579782848,0.907979146024363,0.0036718003,0.7439608,0.5059639375633971,1.2607209786468625,0.07681374,0.46297497,0.8608400886234744,0.9494290056573156,0.007312274,0.63927764,kick
0.3431902586333072,0.3427049878875063,-0.22377118,0.99989843,0.3215620020557457,0.3180607063638649,-0.2089161,0.9998565,0.3577197620190947,0.3106687751145193,-0.19911635,0.999846,0.3072260713762196,0.328243168272429,-0.07906754,0.9998512,0.37479090494912637,0.31345686618156726,-0.024129098,0.99983084,0.3291350091315073,0.36261701712825384,-0.17119998,0.99985844,0.3633529211024962,0.35952949924412025,-0.15581796,0.9997564,0.2592905243515691,0.45415011936490246,-0.026778335,0.9997382,0.43792222899749755,0.42048187112100305,0.05160155,0.9995875,0.2763733185428381,0.6199649333165465,-0.28033572,0.9961233,0.49412920032193497,0.5941353359635937,-0.14854802,0.9312855,0.4847737313076479,0.45773158797206354,-0.5013002,0.98164356,0.35541662942036545,0.4708233307652493,-0.5516615,0.99657255,0.48422771782259144,0.70101169891199,0.015018417,0.99852145,0.4029454908152479,0.7737337938721641,-0.014851454,0.9979676,0.6614640070869744,0.78850779669693,-0.09156788,0.96145403,0.44338427607212105,1.0569289139249594,-0.09767672,0.9276582,0.49966388533474415,1.221373630310507,0.07185988,0.645064,0.8548220238074331,0.914751138953724,-0.004266481,0.7556271,0.5161665407594858,1.2531299162710554,0.082825504,0.47082156,0.8625843875425248,0.9495122863624513,0.00041812193,0.63946885,kick
0.3343443379285366,0.332969085023854,-0.23238489,0.9998977,0.32378902068772886,0.3027411190850354,-0.2161748,0.9998563,0.35450333939307965,0.31412754811348165,-0.20637052,0.99984604,0.31006321729546427,0.3194800778358553,-0.079653725,0.99985415,0.37459034055459983,0.3147366373760474,-0.024262914,0.9998277,0.3337605664679044,0.36304136251967467,-0.17592081,0.9998635,0.35725546443926914,0.35639818225854447,-0.16088568,0.9997636,0.2757350400243247,0.4580333666878823,-0.02435083,0.9997421,0.43715013979850637,0.4150114278918646,0.05769398,0.99959236,0.2747109251659451,0.6169324897858401,-0.27716923,0.9959987,0.48857278824148187,0.5947263594696449,-0.13798477,0.9314506,0.4753329674185397,0.4526565183818437,-0.5034758,0.9813798,0.34363668383472823,0.47016075646628175,-0.55645704,0.99621487,0.4970412963920001,0.7008757972054327,0.01721747,0.9983095,0.3994531572157065,0.770284868217032,-0.017052684,0.9977635,0.6699292145614152,0.7993160688240918,-0.10571053,0.9618341,0.43904955404832835,1.043025359796666,-0.10188997,0.9285512,0.49918726881821074,1.232768392501288,0.06232221,0.65351415,0.8421810405453146,0.9351079657737702,-0.012556423,0.7691073,0.5111089733994976,1.2485463690179075,0.07209021,0.47881904,0.8700713488770238,0.9795283733383624,-0.007993924,0.6477184,kick
0.3438969011384422,0.32521996806558506,-0.23432353,0.9999031,0.31593138769649387,0.31386866001618696,-0.21842928,0.99986386,0.3514094203994311,0.3022464312542615,-0.20752089,0.9998548,0.3057691040619097,0.31941507212270837,-0.07987532,0.9998629,0.3707380628112902,0.31334208461351054,-0.022189872,0.99983597,0.3376721845479229,0.35456977563356995,-0.17626265,0.9998721,0.349055366088318,0.3611973595595951,-0.16093563,0.99977946,0.26658596643734866,0.4538774209454233,-0.016716462,0.99974823,0.42307616713031815,0.4101983216416324,0.07027729,0.99960846,0.2722441108914262,0.6107425080959166,-0.26679713,0.9959922,0.49820534904387004,0.5871126433997109,-0.11944653,0.93181336,0.476933625243681,0.44565610690652696,-0.49812025,0.980787,0.3383936583532542,0.47530906700086734,-0.55005914,0.9960396,0.4923156583438587,0.6963254787444279,0.018935163,0.9983371,0.4070204140345324,0.7717302180375194,-0.018776922,0.9976873,0.664085184307726,0.81190623598401,-0.11649917,0.96404696,0.43617301298610467,1.0471711283183454,-0.08682637,0.9323226,0.49708689089574165,1.20906531693517,0.1300064,0.66528165,0.8532531717017671,0.9459216508591333,-0.0344442,0.78767574,0.5220633330239616,1.222097948135714,0.14623065,0.49383208,0.8596815845677952,1.0078400531698992,-0.024178622,0.66593564,kick
0.3272027801502435,0.3333385538455198,-0.26893562,0.9999065,0.3138311747505065,0.3151582166442347,-0.25431117,0.9998691,0.3575853781434968,0.31003033628006316,-0.24194327,0.9998613,0.3130604673952385,0.32796170323291224,-0.11085232,0.99986935,0.36701309774689594,0.3130432357962906,-0.048221678,0.99984133,0.3330534234601348,0.3607605346253725,-0.20971076,0.99987954,0.3575820832209554,0.35441997978255,-0.19204426,0.99979424,0.2726037020485086,0.4549800492209235,-0.034017146,0.99974996,0.42638552721079914,0.41855588756543893,0.063943334,0.9996249,0.28059396582465546,0.619476556237429,-0.27975762,0.9959974,0.5006705066993116,0.5880307307576917,-0.11953531,0.9330997,0.47139172787453776,0.4623865111620259,-0.50721717,0.980879,0.34507500605570496,0.4784735346305876,-0.5845402,0.9959875,0.4981684740516257,0.6944886954528332,0.020265745,0.9984114,0.40062484232973783,0.7747153163454775,-0.02011127,0.99757105,0.6640907450825684,0.808687844874779,-0.17440291,0.96633744,0.4463278744147663,1.0374095540449129,-0.06541986,0.9355381,0.500348479886523,1.1704127119047951,0.20776813,0.6721022,0.8303735720871357,0.9714450297074352,-0.1491383,0.8051162,0.5137889299211253,1.1729553317377561,0.22926426,0.5049814,0.8374005565606663,1.023794306768227,-0.15063277,0.68477684,kick
0.34226644116646754,0.33681615534891324,-0.30283546,0.99991053,0.31670470223578784,0.31459383270960767,-0.28749332,0.9998748,0.35304352251350324,0.31264911133558226,-0.27607903,0.9998686,0.30827148683160344,0.32031812392420644,-0.14200372,0.99987596,0.37499734716368405,0.3138963995379197,-0.08343372,0.999848,0.3345675372251038,0.35746401483463974,-0.24327488,0.9998871,0.3657562548816329,0.36006595576662825,-0.22659251,0.9998089,0.27400026354163187,0.4646093764262781,-0.06931088,0.99975145,0.423211461970996,0.414001433064276,0.03552378,0.9996415,0.2821413168043101,0.6172010411831415,-0.3149299,0.9960466,0.4956666502678161,0.573180104246675,-0.15722328,0.935565,0.4732589144879036,0.46054696968725406,-0.56526035,0.9814759,0.3435289617113164,0.46827483407445947,-0.61096966,0.99598587,0.4897611621259754,0.69736184381248,0.020986175,0.99848676,0.4141915767039275,0.7768296839216601,-0.020831753,0.99739796,0.6535765034179677,0.7949591832303503,-0.22419074,0.96888864,0.4430969102518788,1.0401690376869674,-0.070755355,0.93935305,0.51298229739282,1.1487007577308952,0.2517989,0.6792543,0.8161119575225961,0.9888177620123646,-0.17299804,0.8221204,0.5170401940367155,1.1587860918854955,0.27803174,0.51441467,0.8200398788928186,1.042864758979868,-0.17366548,0.70547336,kick
0.34203246249654307,0.3452598136071649,-0.29740024,0.9999102,0.31398506509931257,0.32304516658869126,-0.27894652,0.99987406,0.351301081689833,0.3135427527388217,-0.2687568,0.99986976,0.3102700422965544,0.3226241154195689,-0.12918955,0.9998756,0.3704222894916326,0.32387888182005586,-0.075796686,0.9998474,0.3346711101061831,0.365403387798239,-0.23682189,0.9998895,0.3580179506014195,0.3594380429846222,-0.22203365,0.9998172,0.27711668242036525,0.457113966781382,-0.06354755,0.99974465,0.4343160568548473,0.4218330996893076,0.03466245,0.999644,0.2766002966583938,0.6248048736873076,-0.3136573,0.99605227,0.5000605486048216,0.5741939513762697,-0.1602834,0.9386744,0.4818340140435575,0.46552282979290466,-0.56644094,0.9819615,0.3467234899614876,0.4704668310022181,-0.6188847,0.99601936,0.4979435928318193,0.6968755785273998,0.021431355,0.99854434,0.4111134237021259,0.7702219454729364,-0.02126486,0.99722064,0.6482705424274262,0.8122441824152069,-0.2635757,0.97070706,0.4536730755859607,1.0284472272522867,-0.0724013,0.9403345,0.5043443134653713,1.072365729125325,0.288334,0.66537195,0.7836847486420548,0.9955239944026364,-0.1493536,0.8344875,0.5097626293624783,1.0690137411385885,0.3211681,0.50366014,0.7866626915088017,1.0282009564942498,-0.14391728,0.7131963,kick
0.3371721292996521,0.3393767874077324,-0.27673423,0.99990857,0.3212269942365157,0.30398859086607233,-0.26161516,0.99986964,0.35739586344699514,0.3042006979482103,-0.2502497,0.99986804,0.3078608154442988,0.3197927208380355,-0.1263003,0.9998715,0.36611419904699416,0.3143726998202883,-0.0721793,0.9998431,0.3217278382807486,0.35962053461937254,-0.22186372,0.9998883,0.3633242424976365,0.3642486771114212,-0.20623438,0.9998202,0.2673098596886754,0.45528449521014075,-0.060100447,0.99972403,0.42512290647146234,0.40726379533570434,0.039133444,0.9996434,0.27920065821542295,0.6260796248849616,-0.3106509,0.99604374,0.5003103517301755,0.5792082698386171,-0.15062894,0.9409347,0.4721841698185666,0.4607574906507395,-0.5419138,0.9822973,0.3459940996945886,0.46404088290217727,-0.61060345,0.9960458,0.4931422156896126,0.7008856273227935,0.02175912,0.99852383,0.4023840338209729,0.7746231463377158,-0.02159123,0.9968692,0.6393833691292778,0.8227627281215202,-0.26275378,0.97189474,0.447262151290598,1.0302913733491474,-0.12639368,0.94019634,0.5101430609910667,1.0960732276334817,0.2324621,0.6508208,0.7760706530935781,1.0251430788028808,-0.1493695,0.84241533,0.5129011220817719,1.0830889605638765,0.2762252,0.4915926,0.774199749601062,1.0494034725558092,-0.14307304,0.71086514,kick
0.3467699047652434,0.3491170640464143,-0.2300351,0.9999111,0.32370980590510257,0.30312411692729757,-0.21417037,0.9998713,0.3589347339182174,0.3157424927243665,-0.19917336,0.99987143,0.3124751462980787,0.3162928011560847,-0.09171353,0.9998722,0.3651690313329884,0.3231241766967511,-0.01797226,0.9998449,0.32364362876167196,0.35476505723199625,-0.18099703,0.99989074,0.3501317998833414,0.3609663085958458,-0.16011749,0.99982727,0.2818887839603724,0.4570291833336682,-0.053442217,0.9997177,0.43522668017124777,0.4268542929291901,0.07277079,0.99965554,0.2920368103578066,0.6185423523415283,-0.29889616,0.9960777,0.4985343456581711,0.582490534242443,-0.113104776,0.9423438,0.4850566723476676,0.45356006196063203,-0.485532,0.98267287,0.35398056295196634,0.4653516946278904,-0.5557728,0.9961133,0.5062605892486267,0.6972784059645663,0.022705888,0.99858445,0.417239534455736,0.7741772280840944,-0.022589732,0.9967481,0.6433458651583628,0.8235797398764764,-0.3096149,0.97359365,0.44383788133590585,1.0356635448301261,-0.17159964,0.94198143,0.4875193884791261,1.0647970293579003,0.21298759,0.63104033,0.733022983079731,1.0401560162204433,-0.18744555,0.8511152,0.5064126302869898,1.124273600179411,0.24673383,0.4731853,0.7304556465095731,1.0732025321316199,-0.17901905,0.7104437,kick
0.3417638687252006,0.344313996605383,-0.22134952,0.9999142,0.33130579735820076,0.3090732636602918,-0.20654383,0.99987406,0.364156934089081,0.3113653853509174,-0.19117399,0.99987423,0.31370843340626475,0.3231983229594099,-0.0873019,0.99987435,0.37472760258107163,0.31835780536856234,-0.010564035,0.99984646,0.3323293117256989,0.3537197409230459,-0.17369123,0.9998936,0.3579945246244507,0.36302547461798135,-0.15184307,0.9998314,0.2777414412760787,0.446533414824841,-0.046877418,0.9997148,0.4351006572532199,0.42231382620331187,0.0767998,0.999656,0.28759499510675046,0.6234951480733013,-0.28825516,0.996131,0.49726312015479124,0.5869063961709055,-0.10684161,0.9410386,0.4829742542500848,0.46173131033050796,-0.48329133,0.98243195,0.35753972240362486,0.4602416044779871,-0.53513944,0.99605966,0.49314448128852273,0.6998879228344487,0.023098327,0.9984656,0.4055148847207335,0.772215294171211,-0.023032391,0.9964103,0.6219604768390683,0.8322643121649379,-0.2782169,0.97421616,0.44846159623485715,1.0394578709554207,-0.16848825,0.9422821,0.4966357581034948,1.178531092030902,0.08134132,0.63038456,0.7077024083364561,1.0622806392241846,-0.16951741,0.85531414,0.5096028250072505,1.1953135470471534,0.09889255,0.4653874,0.7014949581595396,1.0776137599010385,-0.16991164,0.7079571,kick
0.3587296548531971,0.3371325447996744,-0.200465,0.99989164,0.35242355565584815,0.31309894386445203,-0.18922482,0.9998483,0.37754466023734545,0.30544428078176816,-0.17380407,0.99982154,0.3332319608812975,0.32538867211079664,-0.08103979,0.9998509,0.39317964597475774,0.3275126303941287,-0.0069103567,0.9997817,0.35480659031740025,0.3606657053814169,-0.1563952,0.9998784,0.37982453877504585,0.3609002424749667,-0.13550857,0.99979174,0.29165467112621535,0.45490444030317845,-0.04199111,0.9997263,0.4261663668015193,0.429349255882341,0.08136425,0.99958473,0.3001455837338266,0.6145446287206714,-0.25342172,0.9961674,0.49704670235859993,0.5908958577014526,-0.07143091,0.9384426,0.48803291274067984,0.46230767672651046,-0.40922427,0.98249096,0.37051407082959875,0.4652927063940872,-0.47130147,0.9962332,0.4951196645992483,0.705582603904177,0.017395508,0.9982655,0.4092577735766635,0.7731737962471772,-0.017308362,0.9965736,0.5805358527779777,0.8987882046537652,-0.09381217,0.9596033,0.4652351081851497,1.032877591123143,-0.15854566,0.92339355,0.49990148300914095,1.2223913334519818,0.104391,0.5853158,0.6186923767975486,1.1001855288394844,0.13188167,0.79467183,0.5144851684187085,1.2395110034976304,0.12171568,0.42830133,0.6359917555107807,1.1554191131753564,0.15045294,0.6460145,kick
0.37630033429854737,0.3304665538999742,-0.18798971,0.999895,0.35449995717832306,0.3201666867500698,-0.17580059,0.99985546,0.3856386647098212,0.3124799251483161,-0.16186222,0.99982667,0.33689029555004935,0.32665599608108215,-0.06038087,0.99985933,0.3960586977714191,0.3210634323149118,0.005633923,0.99979,0.36511030261022026,0.3525314623351346,-0.14135662,0.9998816,0.3722402761840944,0.35920960378340977,-0.122936204,0.99979305,0.3007688508303408,0.4524420275519524,-0.016277762,0.99974674,0.43929956730741626,0.4254875543397087,0.08775789,0.99959326,0.3019140598095027,0.6106412715820451,-0.2182457,0.99642813,0.4989485019546348,0.5985354853123552,-0.07769212,0.9419284,0.4958424395668619,0.46100650623307665,-0.41932875,0.98379445,0.38238448052844054,0.4649201616830188,-0.43495876,0.99652916,0.4937372393991294,0.7165239642299619,0.0067565283,0.99837744,0.41564832843180954,0.7671676274726531,-0.006480968,0.9968863,0.5862006007107368,0.9296822852412506,-0.008496477,0.93833077,0.44879803846215305,1.0290234146905552,-0.12398283,0.900951,0.492847467626194,1.2409115758235119,0.09620288,0.5306771,0.6097481841396367,1.114071809609096,0.19323444,0.7232466,0.5100911373795765,1.2549683682116695,0.11099136,0.38887575,0.6358475219420212,1.1720496379329175,0.20971687,0.5847243,idle
0.37514103769921325,0.33889109693103814,-0.17600212,0.9998991,0.3667013769940798,0.3142233614225321,-0.16351554,0.999863,0.3959101011186117,0.3168366734995601,-0.1471824,0.9998342,0.33705713913474755,0.3184006836673195,-0.053565152,0.9998678,0.413783602241273,0.32703695341434263,0.023165928,0.9997999,0.3624653487612618,0.3507207137375961,-0.13273713,0.99988234,0.39090775238690356,0.35329263435621616,-0.111113094,0.9997888,0.2948175536955333,0.4497393235200579,-0.018689517,0.9997622,0.44585967224051315,0.4215893556034641,0.09195502,0.99960375,0.3067075037571755,0.5993726109582697,-0.23385236,0.99670875,0.5027220706128481,0.5840078456851999,-0.08508471,0.9459186,0.4875737035543416,0.4614463420295704,-0.42353064,0.98509145,0.3797732485530748,0.4651721847376551,-0.4459695,0.99681515,0.495856465808466,0.7164869336877775,0.004885883,0.99851066,0.4132215258999682,0.7678289497822129,-0.00463302,0.99718106,0.5770907782607115,0.9499868630078256,-0.0051062214,0.9248954,0.45583099665550886,1.0344361440989454,-0.10969202,0.88470274,0.49740975102960816,1.247160867387665,0.11137308,0.480366,0.6187699533364907,1.170600957937375,0.20252268,0.6571978,0.496778457240739,1.2760367419233922,0.12823509,0.3525497,0.6099044780008416,1.2009978966692716,0.22026022,0.5292126,idle
0.397866486997259,0.33078696085125603,-0.16541836,0.9998775,0.36370876066516367,0.31853116893828193,-0.15230379,0.9998443,0.3937298990876703,0.31566241574997694,-0.1368747,0.99979657,0.33783707285556286,0.3087322950095981,-0.04120386,0.9998505,0.41198955985972363,0.3082813202962247,0.0319139,0.9997467,0.37601518796411537,0.35858490351480676,-0.12136771,0.99986356,0.388935299545237,0.3604196433362095,-0.10079453,0.99973947,0.2934994185816332,0.4520118677322838,-0.00664376,0.9997703,0.4571915879115145,0.4338293717218606,0.10166695,0.9995459,0.3126482516346434,0.5998914153600954,-0.22912654,0.99670947,0.5163786512325075,0.5889887337235661,-0.081979975,0.9433875,0.4971431410964374,0.4685770895298063,-0.42759067,0.9848828,0.39461004657842036,0.4658761675709815,-0.45284277,0.99692744,0.5025965724781566,0.7226156310835061,0.00391157,0.99848783,0.4148045947637399,0.7668852112259921,-0.0037455163,0.9973808,0.5745268239350099,0.935559811671518,-0.016292814,0.90211236,0.4471646259897356,1.0356023956859497,-0.10881442,0.8659658,0.49186214979089715,1.2430158320800953,0.08845127,0.44263545,0.6150684464641467,1.169336721195722,0.18432671,0.60547173,0.5052667532858932,1.2759678915654553,0.10119264,0.32285553,0.6071522972397885,1.1918967186308052,0.19995438,0.4805986,idle
0.3899507894953773,0.33292879088969163,-0.16365144,0.9998704,0.369360625579232,0.3147946824362538,-0.14894582,0.9998407,0.399421923559812,0.30923397626122273,-0.13482794,0.9997887,0.3508596242380855,0.3292334339784218,-0.031504698,0.9998484,0.41914262419758963,0.3224202318930608,0.03599767,0.9997405,0.37975230504212243,0.3531314341057592,-0.11778276,0.99985236,0.39984594562905684,0.34640297515797525,-0.0988374,0.9997144,0.31401128363727016,0.4565680719861383,0.0051854225,0.99977875,0.45053329817308096,0.43049394699657867,0.09850679,0.99953586,0.3143430694444719,0.6069663390741714,-0.22398195,0.99684507,0.5070031301593563,0.5809058391083586,-0.09205849,0.94633365,0.49487731977576,0.4692786687622441,-0.43769827,0.9857863,0.40337561723667525,0.4537032253260812,-0.45604238,0.99712616,0.4963226341817639,0.7223283275974784,-0.0017902678,0.9985712,0.41555207720122367,0.768954016163202,0.0020456272,0.99760157,0.5672554886442431,0.9459415040773552,-0.012554025,0.88087714,0.4466348665342744,1.0341135248402535,-0.09620531,0.84364015,0.4838162077060564,1.252328559149787,0.0967367,0.40211535,0.6098512524853568,1.1706883552878284,0.18492815,0.5512774,0.4941003536731807,1.276073842897641,0.109367765,0.29305565,0.6037950534025138,1.1979098812148676,0.19979768,0.43468106,idle
0.3959436402182501,0.334153789582412,-0.16391943,0.9998238,0.368612778986116,0.30350122732813156,-0.1502201,0.9997851,0.40398334582508477,0.30785875416016195,-0.13725086,0.99971306,0.3517050103702831,0.32702705498725554,-0.036331616,0.9997875,0.41722427318710587,0.3193079948318861,0.027629394,0.9996524,0.3836446857139464,0.3496588160831205,-0.1189277,0.999785,0.3968191014281778,0.3517422599617263,-0.10133431,0.9995817,0.3116715635543803,0.4499867620513882,0.004247997,0.9997656,0.4626807809590311,0.41806310745013525,0.090951905,0.99949193,0.31760208339689966,0.5964270406356444,-0.21908566,0.996779,0.5203882499111752,0.5967832351299915,-0.10955858,0.94919544,0.4993415471620931,0.4540066259969307,-0.43470463,0.98671275,0.39607304683378386,0.45519522745055796,-0.44656962,0.997234,0.5041943422305625,0.7172626583453343,-0.0063364347,0.9986048,0.40976338394691014,0.7647062179888042,0.006567482,0.99776816,0.5541829690675406,0.9517993292014291,-0.002098343,0.85435325,0.4400568537392605,1.0443704840505927,-0.08082848,0.81437117,0.4751448211946534,1.2556797019103034,0.07388394,0.3658612,0.583897488128515,1.1950952969085613,0.17392232,0.50242734,0.48379215831808253,1.2813332719650574,0.08173125,0.2660446,0.5863930387752234,1.2205151108736354,0.18635115,0.3928505,idle
0.3958559161339136,0.3316021583495658,-0.16220231,0.99981356,0.3790264868440011,0.31025393986225147,-0.1493626,0.9997738,0.4137526668646191,0.30418516342813556,-0.13648584,0.99969983,0.36640501393816094,0.3260417186304699,-0.03634856,0.99977654,0.42718193413587846,0.3132464533936011,0.026553784,0.9996447,0.38699781490733065,0.35138849739093475,-0.11728202,0.99976754,0.4058951376809393,0.3444357774003286,-0.09976886,0.9995507,0.3073775226371408,0.44943604010328003,0.009537552,0.99976295,0.4685579262940395,0.43308386006334904,0.08783428,0.9994943,0.32201867168996257,0.5986982644177169,-0.20818177,0.99683034,0.5154944470204895,0.5851977122942865,-0.109694704,0.95275575,0.5024511826596683,0.46149907785152366,-0.4174137,0.9877442,0.40468137053948905,0.47029743169897603,-0.43805867,0.9973598,0.4959584943942634,0.7186949995207647,-0.008538088,0.9986844,0.4096267965125525,0.7604469148727013,0.008781002,0.9979477,0.5558102329723019,0.9612765227631934,-0.014791995,0.84555477,0.4319710727657702,1.0312489782776364,-0.07981883,0.8030239,0.4800486409158946,1.2490877320796592,0.08403717,0.33502665,0.5904881103337538,1.187356401760049,0.16501167,0.46096388,0.4865747323918541,1.2792423500443801,0.0941237,0.24321117,0.60308010897664,1.2187756909437122,0.1783503,0.35603723,idle
0.4074685117975979,0.33111750573494897,-0.14046648,0.9997996,0.3855873404482336,0.31367399458791867,-0.12494632,0.99975806,0.4207874288846858,0.3143667281310557,-0.11418263,0.99967736,0.3734227748553943,0.3158545980298524,-0.00372045,0.99976224,0.42261017187979766,0.31130107722700084,0.048581287,0.999628,0.39779637444017846,0.358818185448232,-0.09291914,0.9997399,0.4137454835108564,0.3537006703336986,-0.078270964,0.9994963,0.3194548208653245,0.4516784463419441,0.044803865,0.9997658,0.4768365362289624,0.42601029611160424,0.10092118,0.99948674,0.3243623493182832,0.5975061497850014,-0.1704704,0.9969186,0.5212994866469214,0.5820830766296442,-0.08450318,0.9562674,0.5063438816824135,0.4527294692890586,-0.36096376,0.9887104,0.4026480761476777,0.4601317889604832,-0.39388496,0.99749714,0.5030537699489424,0.7251093298382191,-0.00985332,0.9987715,0.41988541303397575,0.7562947946065347,0.010116687,0.9981252,0.5595321061341565,0.9760184141764313,-0.01999541,0.8322485,0.44111780224702735,1.027855239060225,-0.07759549,0.78820264,0.47374132228112287,1.2500889893750198,0.08901973,0.30648497,0.5920725384144118,1.2052149374853294,0.16534963,0.42219567,0.47370734598132547,1.2827875863216838,0.0996763,0.2220298,0.6019940181037104,1.2194461014120994,0.17898187,0.32254335,idle
0.4117138347568322,0.33310967558856924,-0.14209527,0.99977815,0.3933754935515855,0.30432767894713936,-0.12707475,0.99973184,0.4180870867805988,0.31564572491091475,-0.11570537,0.99964076,0.37125281321139814,0.3193489002722335,-0.008746526,0.9997329,0.4324402157390276,0.3182419336953637,0.04632369,0.99959075,0.3877726061053246,0.3546844739278462,-0.095467225,0.99969286,0.4159005128887243,0.3538186479659687,-0.08012304,0.9994026,0.32879424965151915,0.447270010267426,0.036587138,0.9997594,0.47491866628667934,0.4327321071410682,0.09785432,0.9994663,0.32966407974619005,0.5995435070549009,-0.18766928,0.996983,0.5360482338465492,0.5857239572971508,-0.0877727,0.9594638,0.5021721817628582,0.44252807466883143,-0.37771356,0.98959506,0.40270771787889614,0.46038838946139476,-0.41913342,0.9976158,0.5025001420178856,0.7219588700798265,-0.010779339,0.9988497,0.4222012973978153,0.7657133661151895,0.011041091,0.99828434,0.5469481268224843,0.9763402295191385,-0.034199513,0.82078546,0.44403458822173814,1.0310153779458382,-0.0804507,0.770325,0.46764417531846025,1.2503979998239754,0.0923255,0.27947408,0.6065882978092733,1.1870780157241403,0.14902309,0.3869483,0.47902916275938023,1.28807007066162,0.104475535,0.20244192,0.6066476021148781,1.2212398176429333,0.16253278,0.2923724,idle
0.40896047471035657,0.3392448241764208,-0.14383301,0.99975324,0.4014833095843079,0.3112959727566493,-0.12729323,0.999704,0.426835534197631,0.3085985362065968,-0.115733184,0.9996046,0.38156904744245135,0.3143054278717616,-0.008717763,0.9997011,0.4404135614286895,0.31169063566062283,0.047448795,0.99955463,0.40068860034323195,0.3480733374912359,-0.09783493,0.9996349,0.4262297038745967,0.35289196298892633,-0.08214921,0.99929404,0.3341074909292161,0.44569912685310553,0.033606134,0.9997456,0.48008599242258454,0.4210390928958605,0.09615035,0.99942267,0.3255129799987758,0.5939397661982838,-0.19160342,0.99710935,0.5359270514274255,0.5824438778624339,-0.08995728,0.9626605,0.50334876620256,0.4478565964189947,-0.37250394,0.9904399,0.41641938278539226,0.46238277113554876,-0.4193181,0.9977589,0.4965183152758077,0.7191148648274794,-0.011066913,0.99892896,0.41580633949459245,0.7642092535524267,0.011290998,0.99843353,0.5476216782275799,0.9832169107299824,-0.037460238,0.81226915,0.439863042424963,1.0356836727086587,-0.08429428,0.75593257,0.4627561482211999,1.2514041788650243,0.118592635,0.2552329,0.5993108916406407,1.2037624887909824,0.15274753,0.35514218,0.4726683033369399,1.285695046060904,0.13361585,0.18454404,0.6064061332855128,1.2247957753400696,0.16704255,0.26499382,idle
0.42262560438905006,0.33125682887391983,-0.14523193,0.9997391,0.41010717432313226,0.3067527804396128,-0.13071045,0.9996872,0.42844340866779584,0.3044832481407759,-0.116459146,0.9995824,0.3874151316598101,0.3172009857588877,-0.016580667,0.99968046,0.44337481278915947,0.3134479893904508,0.049377363,0.99953127,0.41869233819120266,0.3507962886078736,-0.10152532,0.99960434,0.42919809424447464,0.36279411614615303,-0.08258204,0.9992332,0.3415917386033186,0.43781831389538167,0.026533836,0.9997333,0.5027902091729407,0.4250966155141329,0.09881699,0.99940187,0.3331804289881386,0.5967953489167868,-0.19400975,0.9971744,0.5449961700647643,0.5846164567370205,-0.082051024,0.9652716,0.5229097800809333,0.4470775105287891,-0.36262625,0.99114585,0.4135005592298757,0.4621263365657717,-0.40911055,0.99785566,0.510046025158976,0.7326342452746598,-0.009853948,0.99900365,0.4193967220311572,0.7625540581109808,0.010059548,0.9985706,0.5522874834612259,0.9880604206928579,-0.0320884,0.80315465,0.43146601346406965,1.0470818846978105,-0.09458837,0.7397848,0.4644063348038392,1.2642231836159101,0.11029369,0.23360309,0.5979764828605216,1.1851189316771547,0.18155934,0.3265776,0.44914992943009613,1.27587551388549,0.1255494,0.16852444,0.5933674170876113,1.2320604459431228,0.19888201,0.24028733,idle
0.43389260214559433,0.322753750194292,-0.1468302,0.9997122,0.4079087801755956,0.3161245230736364,-0.13055116,0.9996545,0.4394874795757797,0.30523734797299107,-0.11702999,0.9995457,0.3908430545743765,0.31863708964772514,-0.015180023,0.9996372,0.46007891938484424,0.31666354496613824,0.048913985,0.99949145,0.42427457046522477,0.35499362497036985,-0.102699,0.9995397,0.43641869757383245,0.3476955799037801,-0.08451527,0.9991351,0.34144690443095305,0.45269178019506773,0.025313858,0.9997055,0.4976799782213648,0.4264500762097513,0.09827544,0.9993525,0.33442264707439384,0.6052396093407131,-0.19385338,0.99723846,0.5531528241719479,0.5968019872305537,-0.084632345,0.96782404,0.520826327921354,0.4494744271004758,-0.36333537,0.9917553,0.4199364524743716,0.46721542235325253,-0.41091108,0.9979316,0.5128590243258385,0.7251146695373931,-0.009152317,0.99905866,0.42915258550446245,0.7660255017368074,0.009344214,0.99868554,0.5519144364560361,0.9981428795679257,-0.036127046,0.79897755,0.42868502212306403,1.0371532216170378,-0.09187838,0.7307864,0.44902378609030336,1.245557125876254,0.11680241,0.21546414,0.5805113823851528,1.2084940369409307,0.16528088,0.30235103,0.45484335545491483,1.2831941384209908,0.13214886,0.1546766,0.583490438142012,1.2326564702252287,0.1809496,0.21837665,idle
0.43720815322925777,0.32006921065278077,-0.14524145,0.999708,0.41872515100248175,0.3112416930666983,-0.12786339,0.9996483,0.449036771207877,0.3059177723623516,-0.11502224,0.9995452,0.4046645953368191,0.3141051899416536,-0.0061316183,0.9996299,0.46644557328594494,0.3179102376879965,0.054573137,0.9995015,0.42209097368086157,0.3434246709371038,-0.09899128,0.9995105,0.4469100233171923,0.3498642886723288,-0.0818884,0.99909824,0.34643165934042,0.4449074069640552,0.035913937,0.99968547,0.5157566706068,0.43159470250970644,0.097933605,0.9993564,0.3433144726143007,0.5995381654277718,-0.18578614,0.9973837,0.5627066265094309,0.5812803585880282,-0.0860945,0.9706751,0.5161604449268439,0.44583708927362026,-0.34191737,0.9924694,0.42457829552364834,0.46098499368887125,-0.400203,0.9980398,0.5189399035319271,0.7470071183911287,-0.010795957,0.9991427,0.4365959649922665,0.7725676438365986,0.0110379085,0.9988105,0.5432602844932324,1.001574233266297,-0.03905832,0.7949738,0.44009261216717477,1.0414090622540717,-0.103820994,0.7178287,0.4474279538424344,1.269901777282173,0.1347456,0.19539417,0.5921526746730328,1.2219735590415095,0.1893378,0.27562982,0.444594835061344,1.2979221584620815,0.15446888,0.14058886,0.5985180790233882,1.2340205357937468,0.20897456,0.19775687,idle
0.442085633167545,0.33065296416061735,-0.1308778,0.9997123,0.4282701349087431,0.3175273850459859,-0.11145209,0.99965346,0.44334614425487295,0.3062129228292682,-0.10117201,0.9995554,0.3979449210263949,0.31921594946744214,0.016503353,0.9996328,0.4653060417996484,0.30662033501423835,0.06481058,0.999519,0.42155987428750163,0.34786756876592306,-0.08218943,0.9995078,0.4537042319072804,0.3477114786538956,-0.06874296,0.9991044,0.3643010479120694,0.4487877915641209,0.056811433,0.99968827,0.5156027970249094,0.43266816015882803,0.104237616,0.9993697,0.3484601852688629,0.5953552256503014,-0.16407186,0.99752426,0.5629961558221795,0.5957721299660329,-0.07562695,0.9731809,0.528316971839883,0.44708203864622625,-0.325244,0.9931199,0.4318524527050511,0.45844041778490935,-0.38945675,0.9981641,0.5159448164210332,0.7346759989646235,-0.013074388,0.9992145,0.43831471726219007,0.7711213537102591,0.01331217,0.99892163,0.5515723863726855,1.0078731527391545,-0.049913414,0.7896312,0.43361915913377624,1.0494542616951512,-0.10963839,0.7083462,0.4556266866405313,1.2650935825249026,0.13373686,0.17817637,0.596242671119983,1.2265983778984433,0.18859932,0.25237313,0.4520354414829466,1.2941993901071747,0.15322217,0.12848811,0.595665703941799,1.2300969880095336,0.2089084,0.17939103,idle
0.44750702844581125,0.3209772540313163,-0.127905,0.99970424,0.4197253481442025,0.2995084878739444,-0.10758577,0.9996434,0.4507510609582922,0.30332959521021247,-0.09773177,0.99954736,0.41443031063054414,0.3251298729205961,0.020847904,0.999619,0.47024852752163604,0.313353155002396,0.06661347,0.9995238,0.43881285780267376,0.3492861856798107,-0.07942181,0.9994828,0.462286238173259,0.3406190437876202,-0.06669253,0.9990826,0.35961417728971057,0.4498564038862812,0.060974382,0.9996699,0.5307816128631486,0.4393286746599802,0.10487348,0.99937534,0.3499951143059622,0.6009428233684856,-0.15100123,0.9975938,0.5733534085552973,0.5911085969998905,-0.07472343,0.97549444,0.5356166217299674,0.4486797511331482,-0.3056315,0.99370164,0.42609870100130687,0.45741249666510614,-0.3553804,0.9982471,0.5307120821095788,0.7433644297611105,-0.013719779,0.99928194,0.44193511930944784,0.7802720650554213,0.013939267,0.9990224,0.5564758349964365,1.0284419393005038,-0.057538997,0.78637046,0.4547121082225466,1.0541410277104672,-0.10846801,0.6992995,0.45907102291205215,1.2709161874241086,0.14543565,0.1628004,0.6065339971120787,1.222780009460308,0.19614476,0.23126964,0.46304707082850793,1.2983170746619475,0.16629371,0.11765828,0.6035117516798341,1.249992190427844,0.21815488,0.16277933,idle
0.4398230539203253,0.33426416980908,-0.10166557,0.9997266,0.4259472427281946,0.3031336340105281,-0.07727544,0.999672,0.45944781886295805,0.29686104652846396,-0.07088975,0.99958396,0.4125284850289411,0.3235805598582371,0.06350416,0.99965054,0.47695164662850353,0.3150063474724233,0.09237785,0.9995659,0.4311902592915673,0.3443316307274334,-0.049327888,0.9995106,0.45927470527927106,0.34562252778473485,-0.041408114,0.99913764,0.37950922460650405,0.4511223357818232,0.09346576,0.9996914,0.5322356127764747,0.4358986612344214,0.12561694,0.9994203,0.3582085292588856,0.6070574564410625,-0.13441966,0.99781424,0.5773678297786005,0.6047253638838856,-0.060611837,0.977884,0.5368822767788559,0.4516529004414416,-0.29268917,0.9943188,0.4312797907077067,0.45327688313987313,-0.36389232,0.99840885,0.5369104038920267,0.7528914087349641,-0.015433796,0.9993524,0.45340614087005837,0.7749594673803334,0.015825793,0.9991193,0.5502392900187653,1.0376461398309265,-0.06680453,0.79079413,0.4505251297376579,1.0606255564010845,-0.08424629,0.69713956,0.4575556869075855,1.2811388660194545,0.21273784,0.14692415,0.5882284025444182,1.2477995053644848,0.18546262,0.20902914,0.4612431413353091,1.307482865418359,0.23801322,0.10642747,0.5963523433230947,1.2736594063950781,0.20429833,0.14700925,idle
0.44669424629021215,0.32775181664945874,-0.10505378,0.9997456,0.43009982262490376,0.30652882854102154,-0.08151363,0.99969715,0.46486633786259723,0.3074606757331366,-0.07562527,0.99961543,0.4167723831647443,0.33342561093980255,0.059985094,0.99967873,0.48368120395904834,0.3123865884423284,0.08643766,0.9996034,0.4327027121062774,0.3561586289608457,-0.051945902,0.99953663,0.46388434743915463,0.3590812896099374,-0.044793732,0.9991866,0.3737721264377254,0.4461898600336177,0.09738612,0.99970907,0.5487810384408827,0.4295659861596739,0.12493769,0.9994583,0.3648224018983328,0.6040120769674274,-0.12519889,0.9980076,0.5856961419630653,0.612364715923613,-0.062729694,0.98002434,0.5424796801468513,0.45197884477259176,-0.29660952,0.9948705,0.4385157230024157,0.45688006375731816,-0.35038203,0.99855286,0.534210509003213,0.7591036999272911,-0.017047977,0.9994159,0.4458583183641385,0.7866424303015165,0.017519316,0.9992064,0.5665148099016966,1.040262615234132,-0.065496966,0.79921234,0.45632502365475347,1.0508738887972169,-0.08081775,0.7029418,0.44826423704739826,1.2900904471048837,0.19579443,0.1328582,0.5956298138031412,1.267286421209489,0.1900936,0.18932526,0.45836208687648405,1.3195497222203443,0.21861029,0.09654553,0.597211358343533,1.2898240760360031,0.21066304,0.13296078,idle
0.4523508447473792,0.32402024339570645,-0.11378352,0.99976397,0.4468622412972315,0.310932761626197,-0.090568885,0.99972117,0.47034561650524775,0.2974083368659496,-0.083991736,0.9996457,0.43599595742487585,0.32773644635125204,0.052018248,0.9997054,0.48740549067651884,0.31283746967970316,0.07949023,0.9996383,0.44891319898498905,0.3500952110564562,-0.06139071,0.999558,0.47163385522192347,0.34901197134911094,-0.05289789,0.9992311,0.3951169514877425,0.44228947361822923,0.0864095,0.9997217,0.5442957625321092,0.44685301161007523,0.120435394,0.99948967,0.378750811365008,0.6027871042545528,-0.14135104,0.9981912,0.5894631650436154,0.6047111615137666,-0.07539655,0.981961,0.5495990110977049,0.45938577889651083,-0.31437916,0.995365,0.44375537146197275,0.454454748429708,-0.36695474,0.998687,0.548837569810825,0.7571009567979659,-0.017243246,0.99947304,0.45174674251271674,0.7925965623551087,0.017771613,0.99928486,0.574077774859415,1.049376131521107,-0.060876094,0.8055947,0.4583539810116841,1.057121481761594,-0.06315461,0.70703787,0.463713642134826,1.2960910561388739,0.22036314,0.12001774,0.6001583169089848,1.267972731253328,0.18783797,0.17123982,0.4683423353480525,1.332345284435604,0.2439994,0.0875342,0.5941948480973274,1.302036689658617,0.20708759,0.12027717,idle
0.45971140748052464,0.3199379721455672,-0.11815518,0.9997816,0.4537876880489513,0.30863461727801667,-0.095538124,0.999744,0.4742968649197533,0.30921292918710896,-0.088295266,0.999674,0.4219164411818014,0.31766728992302157,0.04490153,0.9997304,0.4996000675107257,0.3107535552824536,0.07591955,0.9996698,0.4460856603434781,0.3414537410092081,-0.06671657,0.999579,0.48146206471232644,0.3446926843669261,-0.05681611,0.9992715,0.3870735263940791,0.45364750501340007,0.07812583,0.99973106,0.5471719706847603,0.4347949102334468,0.119617306,0.99950755,0.3922145834958123,0.6061078743704938,-0.14861785,0.9983581,0.5995540853832765,0.5961731595550439,-0.08677061,0.98370504,0.5411339858028705,0.4513553761347411,-0.3219138,0.9958125,0.44619985917047134,0.4505172974419554,-0.37367743,0.9988101,0.5577066893731617,0.7602846631283054,-0.016784891,0.99952376,0.45366374269034515,0.7914234639846709,0.017287752,0.999355,0.5693385474617694,1.0369850575264066,-0.053696383,0.81379056,0.4629568609593937,1.0616577670805825,-0.057475053,0.7152583,0.4783489221899305,1.2979783815086106,0.22268668,0.1085613,0.6068190427190967,1.2742515263475223,0.18520305,0.15515116,0.475642280309421,1.3368512094013172,0.2461746,0.079427525,0.600567770919159,1.2905825480783841,0.20390753,0.1088894,idle
0.4651567769091095,0.32553350914816165,-0.12602358,0.99979633,0.4500403679291203,0.3044006090462889,-0.09909542,0.9997638,0.4807676114321291,0.31035741875198325,-0.095561065,0.9996987,0.44127539562032303,0.3256808284404183,0.03910336,0.9997522,0.510473636961675,0.31506396309039,0.067097954,0.99969816,0.450745993444594,0.3563319138703179,-0.071100615,0.99959546,0.47268185592028955,0.35862751829447553,-0.0663753,0.9993058,0.39822550660061584,0.4596660021053164,0.07372258,0.99974024,0.5456871047199525,0.44277750578195946,0.10058948,0.9995269,0.39001567309897345,0.6073715951857095,-0.16340142,0.99850523,0.606150710828979,0.6103141165230037,-0.12555535,0.98528403,0.5592405440573548,0.46234641923378206,-0.36878902,0.9962164,0.4545311102234262,0.4528063175054931,-0.40452752,0.9989202,0.5619971995175873,0.7663865251365667,-0.016980197,0.9995698,0.46412419155297013,0.7900578571798423,0.017505893,0.9994185,0.5753431388610917,1.0410080190731887,-0.040858317,0.81616974,0.4622669803864824,1.0532415700973867,-0.05695399,0.7133376,0.4750804481527471,1.2970724006799756,0.20253329,0.09810847,0.5968724323010879,1.2735107129412795,0.18659778,0.14043544,0.47662766962795555,1.331134117977165,0.22397883,0.07201844,0.6082716257303356,1.3062039488215933,0.20462528,0.09851483,idle
0.476747519394906,0.32749753998153136,-0.14961794,0.99980944,0.45702783763472976,0.30744949078603095,-0.12653276,0.999781,0.4889380481665391,0.3008312459115368,-0.1182345,0.99972016,0.4559081336587465,0.31378375237496653,0.009554264,0.99977124,0.5064805402312187,0.31980880705962195,0.05007144,0.9997225,0.47703781654760435,0.34926446259461413,-0.09807512,0.99961406,0.49332758745899485,0.35802669258826797,-0.08777669,0.999342,0.394737192622006,0.4523103108741833,0.044205055,0.9997387,0.5558100032128519,0.44555141299092205,0.089748554,0.99953467,0.4045404717959791,0.6117181122583089,-0.19008306,0.99862033,0.6169728511468525,0.6101533227279407,-0.1311676,0.9866707,0.5645827884193064,0.45149246697019196,-0.39137274,0.99657285,0.4594993898644668,0.4591399233172368,-0.42678183,0.9990138,0.5579104301953801,0.7645488135358106,-0.013696507,0.9996098,0.47354026481663136,0.7798653365821319,0.014228573,0.99947464,0.5864189100821777,1.0384521886656874,-0.022706714,0.8194751,0.4663885177274494,1.060948167865302,-0.07614885,0.71204424,0.4725492885441235,1.2920258256990262,0.15087019,0.08885927,0.6139468557355883,1.258811205715144,0.21970668,0.12760133,0.4699796128849095,1.3182207202553278,0.16937295,0.06550773,0.6110656848083598,1.2904364127919645,0.24099489,0.08935775,idle
0.4809934457013254,0.32607503495558093,-0.15302409,0.9998243,0.4809144300162488,0.31478085207899564,-0.1309445,0.99979913,0.5039781196054913,0.2982467673731386,-0.122044146,0.9997429,0.45334516011093073,0.3248987517039937,0.0024964835,0.99979043,0.5174836726422198,0.3122716845082165,0.04360607,0.9997466,0.47682798689478645,0.35738582676936037,-0.10330365,0.9996362,0.49649711925869966,0.3453319312524358,-0.09233656,0.9993819,0.4098427756077522,0.46335869372429533,0.035082318,0.999745,0.567367438057778,0.440823592400555,0.07953827,0.9995544,0.4051128817236135,0.6093021965080414,-0.1941208,0.99873513,0.6280533504774702,0.6079534913751666,-0.13833664,0.987945,0.5635803030666631,0.4551537740137587,-0.39431158,0.9969016,0.4788281841968729,0.4547310397953144,-0.42837104,0.99910337,0.5808095228758295,0.7640220574590807,-0.013675153,0.99964696,0.4867657142754046,0.785142293461353,0.014197908,0.99952585,0.5863982183202396,1.034532362987759,-0.018583152,0.81934065,0.4716941086163291,1.0556283821192585,-0.07401029,0.70391244,0.47520081108958245,1.3018123871456244,0.14655991,0.08023397,0.6190269157769053,1.2600734422787023,0.208168,0.115392946,0.4666655594351433,1.3235002174465194,0.16398421,0.059326187,0.6140653262610021,1.2932638767728153,0.22779103,0.080790676,idle
0.5074504022175111,0.3292147285797667,-0.18353721,0.9998341,0.4939856044939728,0.3079134032569048,-0.15974595,0.9998108,0.5193390254234173,0.3100284129951961,-0.15056893,0.9997586,0.48173446813071163,0.31498560250266594,-0.016306546,0.99980307,0.5389924153366245,0.3195852249593405,0.025408005,0.99976444,0.48957747037775157,0.3557428401990034,-0.13084176,0.9996495,0.522262518225299,0.3504002594073978,-0.119486496,0.99941194,0.4331661764019792,0.45815514547140035,0.026546638,0.99973917,0.5857501816624675,0.4489411705642677,0.07954274,0.99956495,0.4250635472587734,0.612446256964602,-0.19251151,0.9988249,0.6418376577849212,0.5947991413521982,-0.13009556,0.9891031,0.5807982968257812,0.46775170300243607,-0.39647803,0.9971993,0.48339035721754786,0.4638913792150509,-0.43158072,0.9991772,0.5809176134282835,0.7699807702824341,-0.010237167,0.9996793,0.4878201969832864,0.7879911405724865,0.01088109,0.9995711,0.5986924699129755,1.0425070220409964,0.003776801,0.8122881,0.4655821323942343,1.0516618293149433,-0.09722088,0.6911214,0.47953368824392184,1.2877041174941104,0.15118745,0.07243003,0.6180104504141994,1.2681227832109645,0.2732073,0.10440102,0.47825747062688384,1.3271341153462426,0.16966766,0.05376847,0.6138329888788131,1.2955673631922642,0.29698282,0.07315536,idle
0.5105140133651405,0.32456712716652547,-0.17280884,0.9998422,0.4941506710185415,0.30604215931372625,-0.15907902,0.9998225,0.517620867901411,0.30802183284912804,-0.14176169,0.99977344,0.4823092693459875,0.33230391515245705,0.018501095,0.99981713,0.549134425265196,0.31914358429940787,0.030077582,0.9997826,0.5028047015034721,0.35508626616870315,-0.1241049,0.9996669,0.5158862152934478,0.3477012843884671,-0.11116351,0.9994473,0.4367010466678338,0.45359595652899054,0.06635092,0.999745,0.5915080304136314,0.4385742158232484,0.08714607,0.99957895,0.4290568555753974,0.626192266960764,-0.15667969,0.99889874,0.6417096010537313,0.6060796883199692,-0.12742566,0.9901364,0.5896896262178453,0.45536439690150793,-0.39325878,0.99746287,0.4827603574158825,0.45716596598427306,-0.40002936,0.9992397,0.582167687880818,0.7699205595234944,-0.010266126,0.9997087,0.4844909926314076,0.7905665920947097,0.010908415,0.99961203,0.5966745759470259,1.0588361116119844,-0.0048741465,0.8137271,0.48014841405326725,1.0594565864668486,-0.102818,0.6939734,0.46722856367398924,1.2916338684802826,0.15985073,0.06573027,0.6133023231904566,1.265836562516591,0.28421575,0.09518542,0.47388105002107106,1.3297397999129597,0.18206313,0.049165986,0.6106977523015862,1.2976649354224952,0.30972704,0.06668541,idle
0.5118061577746145,0.3343717494177547,-0.15653571,0.99984974,0.4955938668722839,0.30964177449893165,-0.12792443,0.99983364,0.546517484880864,0.30503817438767994,-0.12515216,0.999788,0.48829467105267765,0.31975550479727377,0.0495814,0.9998301,0.5448786420771342,0.31811893600503016,0.045236833,0.9998,0.49682822671880733,0.35112654817718336,-0.09476791,0.9996818,0.5287134493369987,0.3439703689111326,-0.09574362,0.99947935,0.44389078956743966,0.45881890855692237,0.09891553,0.9997475,0.5907986253133042,0.445522789958525,0.087464295,0.9995897,0.4233331675290889,0.6181812753138238,-0.12886953,0.9989677,0.6440984330063,0.6023915423338757,-0.14261584,0.99107134,0.5897208190441496,0.46675136103025044,-0.4016858,0.9977003,0.48525970851212963,0.4506284612911388,-0.36847508,0.9992975,0.5890731692448052,0.7847994258082679,-0.014316933,0.9997357,0.4985136063017199,0.7847675370633235,0.015046248,0.9996493,0.6038022328934789,1.0533173200986135,-0.008252317,0.8157339,0.4716220760016212,1.062843148100836,-0.09932065,0.6996895,0.4689557106148242,1.301085589944376,0.1701781,0.059676323,0.6095787645950563,1.2715363563481872,0.2864037,0.08671979,0.4785644294172118,1.3229401671054841,0.19271667,0.045001622,0.6149962272117037,1.312537904044243,0.31171414,0.060714584,idle
0.5226380581374356,0.3293355172949022,-0.15771368,0.99986047,0.4962486992162708,0.30707219769201405,-0.12905996,0.999847,0.5313937544342898,0.2974040687899287,-0.12770726,0.9998053,0.4835091401835785,0.3187153629417958,0.04099084,0.99984455,0.5460364787262246,0.3216145825826281,0.03920255,0.999818,0.512828849160727,0.3534927675279794,-0.09576152,0.99970466,0.5380780614312195,0.34392276460404003,-0.096887335,0.9995207,0.4538366517425876,0.4609923613694103,0.09331025,0.9997581,0.6029842460463563,0.44942162931472995,0.08185043,0.99960935,0.4401943851222738,0.625076979057778,-0.12421401,0.9990396,0.6569862723259594,0.6027123572372146,-0.15883762,0.9919158,0.6006497499530343,0.46451782271500547,-0.4352633,0.99791276,0.48932003960695414,0.4675203712797063,-0.37481642,0.99935234,0.5807808277508445,0.7853873538803334,-0.01581886,0.99975914,0.492991742081929,0.787712729029032,0.016542634,0.99968225,0.5922721294286903,1.0553271692425692,-0.0116119115,0.82233673,0.4771209244136497,1.0503150759679558,-0.099381365,0.713992,0.46953263001469836,1.3031613548902001,0.17005236,0.05470651,0.6034528552216161,1.2731937560222775,0.2689878,0.079732426,0.4702219210223032,1.327209336190068,0.19239393,0.0418181,0.6102783474803901,1.310852658033742,0.29270718,0.05590851,idle
0.5248721459319685,0.32018712467050525,-0.16409495,0.99987024,0.5062704356710854,0.3035650652297301,-0.13647982,0.999859,0.5348984302798798,0.30700594722992736,-0.13530062,0.9998209,0.493101069934303,0.32206106719214156,0.033192806,0.99985737,0.5511881742953851,0.3091856661545218,0.029672116,0.9998343,0.5104478889990102,0.347234971273042,-0.10306288,0.99972403,0.5327748551500456,0.3440594127826031,-0.10333376,0.9995566,0.4478359685894139,0.4597349076332609,0.08530428,0.99976265,0.5973182873054954,0.43671861154213537,0.06582071,0.9996257,0.4352849448571908,0.6150058937364637,-0.13560554,0.9991114,0.6562530412895937,0.6058031239603655,-0.18444254,0.99268544,0.5984282429515849,0.45991568845889313,-0.46012616,0.998108,0.49166172566322885,0.46291186744013346,-0.38477832,0.999406,0.5889054399128972,0.7829735918716482,-0.01860388,0.9997811,0.4863037736131093,0.7886891881055302,0.019381678,0.99971247,0.6113750511584599,1.0582656070185954,-0.012896156,0.82649827,0.4852398148617635,1.0471289905007113,-0.09866894,0.72315073,0.4727496382858052,1.293312335027511,0.16904482,0.049717,0.617929198166983,1.2826141715544757,0.26213673,0.072509825,0.47168342620674863,1.328380973841828,0.19058767,0.038388915,0.6108003224047783,1.296354088188925,0.2854705,0.050959673,idle
0.5231400645768964,0.33226577579739713,-0.14978509,0.9998802,0.5025301207031427,0.29941207891162525,-0.12046908,0.9998708,0.5281388540459584,0.3109036666142147,-0.12023954,0.999836,0.49595391323003,0.3283970506487111,0.043937318,0.99986964,0.5604681458610921,0.3164097849691851,0.04176981,0.9998495,0.5229406114876272,0.356309384295393,-0.089431696,0.99974316,0.5508659211496727,0.35027325369830886,-0.09052427,0.99959093,0.45055838932054126,0.4560271090852364,0.094671085,0.99977285,0.5951858340584563,0.4409736765031938,0.07100366,0.99964434,0.4231460993112457,0.6119231520452212,-0.1285905,0.99918276,0.6502831307835621,0.5986423444366124,-0.16903219,0.99338406,0.5962963682769543,0.44960737359639485,-0.43500653,0.9982863,0.4807490416839889,0.4638767226879797,-0.37132588,0.99945706,0.5870490305145646,0.7908860146959782,-0.02091334,0.9998013,0.4931380850802215,0.7817686635962463,0.021736648,0.99974006,0.5991876985702451,1.0602777511882444,-0.014186542,0.8300801,0.4744621422548617,1.0471955713129768,-0.09586258,0.7313205,0.4771146627090401,1.3073539305356923,0.16562504,0.0452244,0.599041509912188,1.2629927772344762,0.25606245,0.06595845,0.4744550589157306,1.3298764142960162,0.18581691,0.03529592,0.6168442866275479,1.2989252218653933,0.27886385,0.04643377,idle
0.5254284564594578,0.32847322159716935,-0.15159465,0.9998882,0.5119115549250566,0.316474045800904,-0.1225432,0.9998807,0.5445888953969754,0.30383436923480855,-0.123271406,0.9998487,0.4924528034954063,0.32682929982091946,0.040115904,0.9998802,0.5677223187527003,0.3091927692885294,0.03687914,0.9998629,0.5205153080016074,0.3556897388890484,-0.09019219,0.9997605,0.5472447375333309,0.33471238988721075,-0.092449136,0.99962234,0.452717413932647,0.4531752493896319,0.096484005,0.9997804,0.6119794429652567,0.43589122130797314,0.06447153,0.9996593,0.4293031778708176,0.618239030937083,-0.11243677,0.9992297,0.663537970052207,0.5996699289503088,-0.17993936,0.993996,0.5961013206579086,0.45463582626699406,-0.4329732,0.99844056,0.4987722567735883,0.46301811186591113,-0.34915227,0.9994967,0.5810229776343482,0.776326731098901,-0.024123793,0.9998179,0.4980540399663008,0.7921408289396186,0.024912408,0.99976385,0.6048274302149862,1.041667930712454,-0.02061871,0.8335565,0.47597187200244817,1.0411013711468515,-0.09359812,0.7404692,0.4854685065143082,1.2890768841924758,0.1654802,0.041652985,0.6181083096856965,1.2693739674402167,0.25017077,0.060586937,0.47245118562365784,1.318841944082512,0.18545547,0.033031624,0.6149747329289096,1.2970457148998453,0.2733907,0.042651985,idle
0.517277358597825,0.31834851000855785,-0.13606201,0.9998968,0.5118683901405332,0.31360435920600516,-0.10711153,0.99989074,0.5419831410504474,0.29903370323851786,-0.10805521,0.99986166,0.5013484413473901,0.31450879094206674,0.055224396,0.99989057,0.5586240085716876,0.30551247371777385,0.049462005,0.9998757,0.5165315182493909,0.34615314260670077,-0.075494334,0.9997772,0.5399684537254458,0.3491007602138837,-0.07774692,0.99965215,0.44857876219195936,0.4518641479793965,0.11484106,0.9997922,0.6054053342493949,0.44168562903561737,0.06800623,0.99968004,0.42318582479887235,0.606949550523843,-0.10157253,0.99928963,0.6613941009394662,0.6046622271335698,-0.1731966,0.9945715,0.5992091127798205,0.4610127210446297,-0.4271637,0.9985889,0.4936990602425695,0.4595278612975879,-0.34157985,0.99953973,0.579385306645213,0.7835648712415128,-0.027966987,0.999835,0.4893273267745111,0.7889210195025828,0.02885199,0.99978673,0.5993416542478684,1.0607341031330144,-0.02060643,0.8350285,0.4829645630743551,1.0452742746957875,-0.08047132,0.744684,0.4657989423089065,1.301259105242394,0.1645253,0.03782445,0.6060059899460049,1.270919003478163,0.24951363,0.054946892,0.4738800075312024,1.3277985593166701,0.18340302,0.030275539,0.6122786364926024,1.297543158528734,0.27259576,0.038746946,idle
0.5267331341417841,0.3265224500920147,-0.12709433,0.9999037,0.5132673127637004,0.3120046771843706,-0.0979891,0.99989915,0.5473569839320549,0.29872583924125534,-0.09862198,0.99987245,0.49570778899542955,0.32336312822428664,0.065631576,0.99989927,0.5741829331664074,0.309144756987981,0.060662102,0.9998869,0.5168982062808248,0.34218485714876185,-0.06621248,0.9997904,0.5430930513333383,0.34276222100020054,-0.06800065,0.9996773,0.45814194180488754,0.4365393799723352,0.12685311,0.9997999,0.6020865889394318,0.438389590959168,0.07895588,0.9996937,0.42608665293919024,0.6135317953673606,-0.095552854,0.9993368,0.6552239583304111,0.6101157191211819,-0.17024194,0.9950797,0.6001818105530206,0.4599165715507797,-0.40107417,0.998717,0.48607643015359425,0.4619343095503619,-0.3422281,0.9995741,0.5963206002863408,0.7720933970579272,-0.028252453,0.99984896,0.4951431172283671,0.7825642044567567,0.02907041,0.99980646,0.5913487086945699,1.0552656898176411,-0.040095963,0.8415304,0.47421040792777025,1.033796017827531,-0.08151324,0.75691396,0.47053584459612374,1.2948268596691779,0.16453545,0.035167247,0.6139167622272352,1.2654060108361807,0.23669668,0.050806113,0.46955419559459344,1.3283399118977104,0.18345979,0.028714655,0.6124733885536174,1.3028755675488506,0.2604077,0.035876296,idle
0.5256344682400829,0.3175461433449078,-0.12796292,0.9999094,0.521871653867934,0.297258294466676,-0.099144295,0.9999065,0.5507602530000887,0.30310135970143537,-0.09898241,0.99988174,0.49799025939959496,0.32424925747524996,0.065121144,0.99990696,0.5612603585875355,0.3129899719814568,0.06407389,0.99989676,0.529308179718698,0.35137964236970093,-0.06684326,0.99980223,0.5504793306973681,0.3450339321065533,-0.067481026,0.9996993,0.46020831259879713,0.4503284820565983,0.12998101,0.99980724,0.6055926874251558,0.44436868843460164,0.08627556,0.99970615,0.4375129216247543,0.609080736507691,-0.091790624,0.9993821,0.6512995010814217,0.5997772585843395,-0.15019603,0.99553543,0.5988888039306555,0.4515449307878925,-0.37354392,0.9988314,0.4926414047952482,0.4627710170640382,-0.34078008,0.99960536,0.5910135272764847,0.7813714783832433,-0.028965855,0.99986154,0.4851178472421507,0.7840088771052827,0.029741898,0.9998242,0.5989532882315509,1.0580996198697248,-0.05170238,0.8482946,0.4817970470755013,1.0380572944635758,-0.08137669,0.76817495,0.47547861082890386,1.3031904061049657,0.16683522,0.032845955,0.6152664046443281,1.2762922584098433,0.23248132,0.047065224,0.4693459787152251,1.32418528866297,0.18581529,0.027266584,0.6181033940695633,1.2990523051936516,0.25663278,0.03320427,idle
0.5293511984207262,0.32456516560800464,-0.12237563,0.99991596,0.516004245588597,0.3126844318036265,-0.09333921,0.999914,0.5478803578615095,0.29458652084309384,-0.09283392,0.99989134,0.506867428692882,0.325935051159524,0.069507554,0.9999147,0.5665258608766555,0.3127380028464063,0.07014535,0.9999062,0.5222671031708168,0.35654086295966836,-0.06208974,0.99981517,0.5448583230596615,0.3500454822556665,-0.062196244,0.9997219,0.45233180791769867,0.4501725652921394,0.13233204,0.999815,0.6094997294089184,0.4441835629258311,0.09239311,0.9997193,0.43041143378798163,0.6111073855342414,-0.08649897,0.9994254,0.6577482842658533,0.6010528073626763,-0.14046678,0.99594927,0.5923654963554825,0.4534600140324345,-0.36268795,0.99893534,0.49413855441122434,0.4586055120771214,-0.32902437,0.9996347,0.5812941320966388,0.7698371209658394,-0.028874218,0.9998729,0.4803640444246271,0.779779750395884,0.029641483,0.9998403,0.5924869854871686,1.045348854281881,-0.04903814,0.8560932,0.48243352762989733,1.0477619732699792,-0.081471875,0.78157026,0.47393315264034663,1.2884356147634628,0.15847355,0.03100967,0.6033852151610661,1.2770853270000322,0.23645194,0.043782853,0.472832727221289,1.3311531487911967,0.17645761,0.026291393,0.6040674412399961,1.2975604893552828,0.2619354,0.030950792,idle
0.5246461246479162,0.32709540612389115,-0.12547433,0.9999207,0.5158396857712226,0.30173271795321027,-0.0969328,0.9999199,0.5451989728326938,0.2930620719255982,-0.09588623,0.9998992,0.5039026443616723,0.32699960577006926,0.066459335,0.9999206,0.5571865765053112,0.31017757678693275,0.06979841,0.9999142,0.5240177329397993,0.34260807534809795,-0.06540573,0.99982303,0.5349457959027405,0.3410247056548754,-0.06484811,0.9997381,0.4465089003249737,0.4490534034370451,0.1264157,0.99981225,0.602415437993272,0.4398006156113382,0.081140995,0.9997268,0.4339690753181703,0.6065521887395743,-0.091256216,0.99946123,0.6538795684870413,0.600630803942512,-0.16052169,0.99632406,0.591706122668342,0.46082096348685236,-0.37258556,0.999031,0.48590307829295754,0.4616006494008489,-0.33809477,0.9996596,0.587923845213657,0.7833562688293317,-0.028594693,0.9998835,0.49549899988313184,0.7824982666397882,0.029359018,0.9998549,0.598045372941074,1.0592956645909746,-0.029213723,0.86148965,0.48813041154350867,1.0412918628955592,-0.07819381,0.7902054,0.47108568100065873,1.3055490610764062,0.1506638,0.028772078,0.6121506569505308,1.2665374495933106,0.24798909,0.0403076,0.4773792207398093,1.335390371312323,0.16731499,0.02485169,0.6192530552054273,1.299181885978242,0.2725337,0.028558014,idle
0.5263139029909432,0.3372725608370636,-0.12852028,0.99992514,0.525509962563423,0.31052726346479653,-0.101026714,0.99992514,0.5528843769499474,0.302473633269527,-0.09950338,0.99990636,0.499014190276695,0.3166206486247885,0.0543137,0.99992585,0.5705848370747242,0.31728573470840254,0.059818365,0.9999215,0.5285897923085858,0.3476085090671858,-0.07118185,0.9998305,0.5400500240347011,0.3367999462090439,-0.069941625,0.99975395,0.46346310727273776,0.45550719438867193,0.11470876,0.99980617,0.5999495953364813,0.4389313823682594,0.07269884,0.99973136,0.42605653276834543,0.6062732675052412,-0.096512526,0.99948776,0.6618985629673975,0.6057661872735719,-0.17173712,0.9966561,0.5917016631020867,0.45884431783983115,-0.39404893,0.99911255,0.4890856150393762,0.4650096293378035,-0.341878,0.9996789,0.5783250941007378,0.770389541381208,-0.028552065,0.999892,0.4876672185812402,0.7839293714661695,0.029302174,0.99986744,0.5999699619804852,1.0518204171641665,-0.02067167,0.8681104,0.47824931617813005,1.0399777713267313,-0.07769705,0.8010882,0.4696323019548033,1.2974294971149705,0.14445779,0.027532317,0.6189941162158374,1.2714534020520127,0.24887963,0.037930887,0.47126356449306306,1.331362492234011,0.16041961,0.024396734,0.6185224331215144,1.3031893020983043,0.27278957,0.026908109,idle
0.5331474610138752,0.3272991343303586,-0.13098621,0.9999279,0.5229309359055471,0.3034921073221672,-0.10349599,0.99992913,0.5474345232730831,0.30308972297206066,-0.10266887,0.99991184,0.5004480456708171,0.3207832352257474,0.051658373,0.9999299,0.5671705925625474,0.31852357487312044,0.05395214,0.9999277,0.515916664953127,0.3446746566967617,-0.07372079,0.99983495,0.5497482722473142,0.3493844080650791,-0.07332911,0.99976563,0.46175851036749527,0.4455842019274182,0.11454002,0.99980015,0.6017579209687337,0.44634723195028403,0.06711091,0.9997317,0.43161170960241857,0.6005672857235558,-0.09950396,0.9995104,0.6565146439153426,0.6044784187883554,-0.18129984,0.996955,0.5894452047568364,0.45745885161152605,-0.40625677,0.9991848,0.4782382015304347,0.46491986746255015,-0.34224403,0.99969625,0.5841765299241991,0.7782676180497392,-0.028348798,0.9998992,0.49110925286430773,0.7904940594707407,0.029081723,0.99987847,0.5951324498395749,1.054909553964538,-0.023456786,0.8736669,0.47684390911258967,1.0458528944732217,-0.0773686,0.8106975,0.4751941708627433,1.294903114132135,0.14693354,0.026484,0.6161418421211013,1.2610714473354925,0.24355678,0.03579512,0.4717514850276432,1.3256588784471313,0.16258147,0.024087427,0.6176331243349218,1.3039389072591117,0.26732305,0.025439382,idle
0.5404222833353515,0.3362416175686084,-0.13734768,0.99992967,0.5216163192352978,0.31263585631379387,-0.10948429,0.9999321,0.5465247810038446,0.30574296312077753,-0.10913714,0.99991614,0.5054668018224775,0.3300015359037343,0.04675878,0.999933,0.5586280052620642,0.31856345548092707,0.04721722,0.9999329,0.5295833127790276,0.3535259123884991,-0.07974476,0.99983555,0.5502349226011882,0.3505668520508428,-0.07986206,0.99977267,0.45376436016429655,0.45028403779637644,0.109128274,0.99978775,0.6014714694927031,0.44742111822546815,0.060540326,0.99972534,0.4277739089667557,0.5996290213078584,-0.11577131,0.9995321,0.6608088258863388,0.6042482475345925,-0.19009264,0.99722314,0.5899124651894645,0.4631760395912393,-0.41825658,0.99924904,0.4826869498491121,0.461174655334924,-0.35826212,0.99971056,0.5873958342051988,0.7879805440797151,-0.028184474,0.9999044,0.4850728793297834,0.788996106117587,0.028909776,0.99988735,0.5952405334066602,1.054566901662107,-0.031654708,0.87937015,0.4771588971187809,1.0442484438496653,-0.07449933,0.8205961,0.4719109349750905,1.3022978242713277,0.15798579,0.025763083,0.6191204233381387,1.2681231933309387,0.22123404,0.034098446,0.47844638801087325,1.334361620178561,0.17473985,0.024097752,0.615832291355116,1.2996441728025896,0.24302152,0.024345143,idle
0.5337211834782731,0.32656761676670404,-0.14141402,0.99992955,0.5208664574165502,0.30883525300830494,-0.11396341,0.9999332,0.5518641687209525,0.30781081270785904,-0.11300144,0.99991834,0.49635912763731316,0.32315717688958595,0.03904432,0.99993414,0.5690634823412835,0.32147258624175234,0.042128004,0.9999366,0.5225603293745438,0.34877574248037874,-0.08520748,0.99982834,0.5470888082131935,0.3450012266894982,-0.0845776,0.999772,0.45468792384251,0.4432848006820516,0.09698145,0.9997649,0.6051355241771142,0.4361998395607293,0.0598014,0.99971145,0.4290440354918199,0.6059233652013821,-0.13013175,0.99954915,0.6594838922747726,0.6078265384260887,-0.18991229,0.99745995,0.5902837352338834,0.45827602685624785,-0.42194948,0.99930334,0.4914023321663883,0.4595068926224871,-0.363849,0.9997217,0.5746510309838458,0.7805843988109891,-0.027343038,0.9999076,0.4835737901238082,0.7814345374232106,0.028055614,0.9998941,0.5940285482653529,1.0582181933612609,-0.0316673,0.8843174,0.4859259645365125,1.0349862911140693,-0.071892515,0.8295663,0.46367934824701507,1.2912087363618026,0.16360493,0.025065169,0.6043217126776665,1.2673570883364,0.21505514,0.032654576,0.4742160868741019,1.3139947139941672,0.18098238,0.024095893,0.6104491204838659,1.303011854367717,0.23602729,0.023629213,idle
0.5329398979363283,0.3326192514381479,-0.14286111,0.999931,0.5231301480950813,0.3111905412579003,-0.11536244,0.9999356,0.5425508296530743,0.29996021805329337,-0.11497098,0.9999218,0.49859032373119816,0.3145069372106851,0.038803592,0.9999368,0.5691768999259608,0.3092619799229131,0.03887739,0.9999408,0.5264944806670456,0.3423895700466973,-0.08616587,0.999829,0.5521287909571324,0.3557394883600065,-0.086315975,0.9997783,0.4527219239589838,0.4560609053225409,0.09703008,0.9997557,0.609737881469615,0.443266306108261,0.05760174,0.99970704,0.4244802679862131,0.6081629324921904,-0.12876107,0.99956733,0.6622043306671627,0.6072638172094171,-0.19739395,0.9976752,0.600147706368438,0.46678082699565004,-0.4364663,0.9993543,0.4866575282069693,0.4643666153751017,-0.3637473,0.9997345,0.5781635672082156,0.7792319533877835,-0.02740783,0.99991184,0.4848255278725758,0.7845575554376191,0.02812703,0.9999013,0.5933384640542154,1.0528952819541517,-0.031657413,0.8883491,0.47578752985518014,1.033330669035735,-0.07078178,0.8378133,0.48061353018079633,1.2879900893165188,0.16386661,0.024260128,0.6132172943499279,1.2706601932209978,0.21921518,0.03100306,0.46872152331660133,1.3175241098707693,0.18125334,0.023982242,0.6140330451241971,1.3026574685030399,0.24082693,0.022763217,idle
0.5395579649397879,0.33218391926719,-0.14415202,0.999931,0.5120550441629244,0.30948199705815527,-0.1169167,0.9999368,0.5529202493695335,0.30781989432957946,-0.11664863,0.9999238,0.5012683526081001,0.3187467584758818,0.03738663,0.99993837,0.5762126387674957,0.31699107745535315,0.036831465,0.9999441,0.51936434595228,0.35293656846316024,-0.08730588,0.99982506,0.545224755298765,0.3448343343789469,-0.087629996,0.9997801,0.45481576691338244,0.44376159335311066,0.09598788,0.9997378,0.6123134698995811,0.44470014879609254,0.057301886,0.9996992,0.43568079315568276,0.6041394718112509,-0.13206062,0.99957687,0.6509063155576051,0.6052440934382899,-0.20023653,0.9978623,0.5969238630555167,0.4563410171568641,-0.44178605,0.999395,0.49333006318268124,0.4607231281842069,-0.36912355,0.99974084,0.5882674910812763,0.7743821346450542,-0.026963403,0.99991333,0.48837072505959944,0.7818794996870062,0.027680498,0.9999059,0.594053664254343,1.055185083331197,-0.028043082,0.89265805,0.4763358444438066,1.0332102040419082,-0.06617296,0.8453998,0.4781162843445138,1.279766665705515,0.1653023,0.023881031,0.604786507382956,1.277989289400858,0.2145319,0.030189302,0.4701148294741795,1.3163554881177604,0.18245518,0.024287509,0.6088842858846784,1.3045995856405954,0.23456188,0.022528585,idle
0.5353892287398099,0.32709656341603305,-0.1418326,0.99992996,0.5255397779262759,0.3098126357206175,-0.11441414,0.99993706,0.5494526335081249,0.30875631096689543,-0.11504035,0.9999249,0.50649202823019,0.32564600154962614,0.039823662,0.9999387,0.564934452512841,0.324269576817262,0.037888356,0.9999468,0.5226603124709649,0.3504470251045462,-0.08489107,0.99981755,0.5422039605678127,0.3508343589088711,-0.08654232,0.9997795,0.4588312117182596,0.4533645493808562,0.098469935,0.99971837,0.6182779483621459,0.4422909238139933,0.058945227,0.99968845,0.4302792644330169,0.6062285029889509,-0.11906487,0.99957246,0.6506284855965687,0.6141270999607342,-0.19485614,0.9980162,0.6000276999784231,0.4487113464120542,-0.43657485,0.9994228,0.4926711898892807,0.46371526809042046,-0.34125775,0.99973804,0.5861242079571503,0.7837241107721075,-0.026934043,0.99991447,0.4909570914224428,0.7825711420867666,0.027651284,0.99990976,0.5918874500915334,1.0467594948540564,-0.026116213,0.8958581,0.4874852295545071,1.0351101323037886,-0.06049143,0.851595,0.4706152205853511,1.2837506575238853,0.1702206,0.023642778,0.6104643527542567,1.2693452655584965,0.21223323,0.029568858,0.4687772181844593,1.3094646979008349,0.18714695,0.024588026,0.6174478525424463,1.3001904995800542,0.23165536,0.022323465,idle
0.5408565641038241,0.33801954441341087,-0.1353571,0.99993014,0.5144878902215282,0.3161966581070483,-0.107520625,0.9999383,0.5563852795744699,0.3076313857398112,-0.10859708,0.9999268,0.4966405901079822,0.32456129006852524,0.04755452,0.9999402,0.5773528721289019,0.31624602301464005,0.040633604,0.99994963,0.5262182569418674,0.3533400874589663,-0.078118,0.99981666,0.5409258107214356,0.34413444922512904,-0.08054962,0.99978423,0.4625166666585173,0.4467110317231713,0.10751043,0.9997108,0.6145475658991825,0.4403423911625139,0.062289815,0.9996835,0.43460308876515985,0.6091342795639935,-0.1045167,0.9995662,0.6713915834967772,0.6080038918240073,-0.19232821,0.998145,0.5918264446708865,0.4520577273124727,-0.42890334,0.999443,0.4873824989711423,0.46089478513650245,-0.3220059,0.99973553,0.5790524995530734,0.7804900577362474,-0.026910152,0.9999156,0.48692018307131446,0.7876887277106999,0.027626708,0.99991375,0.5929182033611962,1.0434838401031274,-0.022032337,0.8987475,0.48598356988919866,1.025992150546535,-0.061038595,0.85783374,0.46814967068043156,1.2790470538247913,0.16977069,0.024309883,0.6042863860141554,1.2586173543756494,0.21793632,0.029664358,0.4710858072726424,1.3104769508333516,0.18707952,0.025797226,0.6051758030738007,1.290419169985283,0.23712642,0.022610528,idle
0.5344576907590681,0.3176490809347034,-0.1284805,0.9999289,0.521325492485041,0.3010919988336965,-0.09980903,0.99993837,0.5490256860958334,0.319587846236454,-0.10215874,0.9999276,0.5114857327621918,0.3218196456876015,0.058917403,0.9999408,0.5759152590011294,0.3184560946243711,0.044519477,0.9999519,0.5312085099473499,0.3399526193766511,-0.069828145,0.9998142,0.5538086642046285,0.35162462710767767,-0.07406176,0.9997867,0.463804543189942,0.45289782464653544,0.119996406,0.99970526,0.6133437181814698,0.4491807228787172,0.06569633,0.9996799,0.44011282735342183,0.5978648539779556,-0.09358947,0.99955773,0.6602140351553221,0.5987579089666701,-0.19129857,0.99826163,0.5920902173516998,0.45990181350722875,-0.42767778,0.999465,0.4910490672175696,0.4580864042407077,-0.31735831,0.9997306,0.5912118640190411,0.783327804364992,-0.027146345,0.9999172,0.49149878536349323,0.7804056199973551,0.027866375,0.99991804,0.597777344490054,1.0499801071482913,-0.021740591,0.90042216,0.4857163888663022,1.0264228512197107,-0.06673683,0.8627438,0.4664420609287059,1.276099255957487,0.16518094,0.024303548,0.6058991065821236,1.256928290864619,0.23370214,0.029236883,0.4636817845563719,1.3050170444112512,0.18249056,0.026223008,0.6103880293204701,1.2880424451191237,0.25522453,0.022503035,idle
0.5347311759664866,0.3244020558407662,-0.12924233,0.9999296,0.5180721105589214,0.310347999421986,-0.10061999,0.99993974,0.5519484732351987,0.3126029275611089,-0.1026205,0.99992985,0.5049874769621439,0.32168443035470823,0.058877617,0.9999424,0.5713737555967253,0.3147538998231929,0.045059558,0.99995464,0.5250449871860422,0.3504083194508071,-0.07029252,0.9998156,0.5464282934333049,0.34906014603280444,-0.07411868,0.99979216,0.46696077518820656,0.4447788409995567,0.121720746,0.99969786,0.610852952657536,0.44538279876698456,0.06520699,0.99968165,0.43778597765519256,0.6101859689634351,-0.09641876,0.99955785,0.6555281495721625,0.608418101258242,-0.19355516,0.9983812,0.5934809523441978,0.46839926275708177,-0.43807822,0.9994959,0.4919891402382671,0.4693170383957087,-0.32204962,0.9997337,0.5890894271425872,0.7804421120508709,-0.027657038,0.9999202,0.49347965640435043,0.781317360010401,0.028372714,0.9999226,0.5943544792911568,1.0360521104078784,-0.028970277,0.90377706,0.4827910985239755,1.0282981431383147,-0.06690787,0.8682036,0.4646976829581988,1.2876328294857313,0.17117272,0.024235757,0.6097841022999254,1.2596834068019611,0.22605248,0.028911112,0.46088294427254983,1.306485800040948,0.18957861,0.026562858,0.6068655983304492,1.28078500015593,0.24752021,0.022282606,idle
0.5408778074647318,0.33501204043294724,-0.13236935,0.9999312,0.5270298527568469,0.3121415719485959,-0.103095695,0.99994177,0.5709143575739022,0.29825975945600397,-0.10648532,0.9999327,0.512288775784669,0.32380482194505766,0.05738436,0.9999446,0.5808908763958507,0.31444574009486387,0.041948967,0.9999575,0.5387520823489187,0.350641182772174,-0.071541615,0.9998189,0.5591843878919498,0.35738808581336845,-0.07716891,0.99979895,0.4676730744688813,0.45075417616158414,0.12150182,0.99969286,0.6123536726873379,0.44312467938328154,0.06258319,0.99968356,0.44024793358134506,0.6084973680288089,-0.09938045,0.9995675,0.6553085654601847,0.6012267533100207,-0.20086972,0.9985001,0.6000444518694412,0.4557772468843241,-0.45271268,0.9995271,0.4975713971433252,0.46374259173234217,-0.3401862,0.9997409,0.59332042501513,0.7667931984689836,-0.027777756,0.9999231,0.4869715622678146,0.7760688610549705,0.028506953,0.9999269,0.5908752401475459,1.0452662702471076,-0.026683664,0.9072759,0.4889757538586781,1.0312963975683902,-0.063801385,0.8738989,0.463098389517575,1.2863258333324366,0.1657868,0.02405393,0.6120752774320533,1.2673806949685469,0.22533906,0.02830749,0.46691393712554885,1.3142902784086348,0.18202129,0.02676302,0.6085243622584481,1.2939382201176042,0.24620533,0.022007227,idle
0.5377240138575083,0.33070407725424816,-0.1326647,0.9999307,0.5129022170749374,0.31409479978599586,-0.10359578,0.99994224,0.5556803958109666,0.299783246014684,-0.10656271,0.9999337,0.5242665657430781,0.31651475957845926,0.05662171,0.99994504,0.5736876695666135,0.3093017472368989,0.04261808,0.9999594,0.5269197741677867,0.355809527487425,-0.072232366,0.9998153,0.5488223044135778,0.3554941180007819,-0.07726178,0.9997993,0.47093646508811393,0.45558271923810656,0.11997104,0.9996722,0.6103751914982385,0.4416057663830615,0.061575104,0.9996755,0.44182024986507784,0.6028299381372383,-0.111669555,0.9995674,0.6656987928506131,0.6066372273945547,-0.20427723,0.99860144,0.5968035147037372,0.4729404156427868,-0.44770664,0.999551,0.49894055479265187,0.45773099572057796,-0.3654953,0.9997411,0.5980064622118488,0.7852092399937838,-0.028022433,0.99992496,0.4896289476251512,0.7851183492349236,0.028751835,0.9999301,0.592049841726368,1.0478362693099388,-0.031059962,0.9108969,0.48369771972423237,1.0376367562992586,-0.06133374,0.87916875,0.46788173132553323,1.2836473195845994,0.16597015,0.024402155,0.6144294089891912,1.2656678537414856,0.20940423,0.028102636,0.47491153490307325,1.3165997333010093,0.18213412,0.027353702,0.6269838818882488,1.3032361299850417,0.22911735,0.021777438,idle
0.5471665697134531,0.32435788776791735,-0.15176633,0.9999332,0.535120177676871,0.3004161067958106,-0.122929946,0.99994475,0.5549321167647978,0.3026634313497276,-0.1236309,0.9999369,0.513484705255203,0.32638125457175254,0.040905423,0.9999476,0.5754077254130388,0.31905612852764564,0.034696884,0.9999619,0.5236952116399833,0.3561609423897676,-0.09102068,0.9998223,0.5623835291800918,0.34867926505209246,-0.09305213,0.99980855,0.47639629454268684,0.44990901564781244,0.10807327,0.9996688,0.6103227709945424,0.44044181374422864,0.059037723,0.9996799,0.43236837050621413,0.6098424877767277,-0.12928192,0.99957794,0.6680156398984474,0.6045601259802673,-0.20925565,0.99869555,0.6051801960156425,0.4612286131661943,-0.46818644,0.9995709,0.5031091164063409,0.4618837391713299,-0.3949824,0.99974674,0.5906573040932428,0.7706357965700901,-0.02595285,0.99992615,0.49405512346165537,0.7796430432824416,0.026666155,0.99993247,0.6009171083653027,1.0483664947227287,-0.02947208,0.91465557,0.4770720195008489,1.039399485390686,-0.06673318,0.8851817,0.4733515023666762,1.2834405610362534,0.14976555,0.025857931,0.6093410081034172,1.2747207555796518,0.2120107,0.028841855,0.45913284103883223,1.3170229252544865,0.16507852,0.029120093,0.6183158192381152,1.2889565136444912,0.23218468,0.022477578,idle
0.5443263105502862,0.33265725204014196,-0.17043363,0.9999354,0.5219935011552288,0.3040928035750043,-0.14217263,0.99994695,0.5598686688166343,0.3020891657380101,-0.14144596,0.9999394,0.5186709250934988,0.3309351144291258,0.02294995,0.9999498,0.5743188429214008,0.3187439482107779,0.022874381,0.9999638,0.5297199855698003,0.34467549371814205,-0.10940826,0.99982977,0.5539917276556259,0.34668632564195995,-0.10955431,0.9998174,0.4731211200173506,0.4575008717498715,0.09103711,0.999669,0.6125248018330758,0.45155753787466907,0.04996395,0.9996799,0.43537730067356983,0.5920721662070045,-0.15850043,0.9995845,0.6631912164868701,0.593641962162795,-0.22630377,0.9987703,0.610275805933627,0.452406381188551,-0.5000273,0.99958587,0.504677942488161,0.4526525743168132,-0.44058847,0.99975294,0.597600122859635,0.7810472948357682,-0.024615044,0.999926,0.502530032804231,0.7842443149479611,0.025294345,0.99993426,0.5946838385642248,1.056996103361685,-0.027762994,0.9170081,0.4940373701616285,1.0378479118199344,-0.07686666,0.8895301,0.47738467727413025,1.2747692988085824,0.1410969,0.027967667,0.6202035775005335,1.274196137020028,0.21200702,0.030299485,0.4785849757097369,1.318440511446923,0.15668611,0.03172137,0.6289358822992055,1.2961556784852752,0.2316335,0.023386072,idle
0.5508690018043914,0.325295119067967,-0.16325773,0.9999375,0.5229361123146694,0.30618585374864676,-0.1350011,0.9999491,0.5572684924055323,0.3113469793379638,-0.13474481,0.99994195,0.5133619273185323,0.3219129864771983,0.027973166,0.9999521,0.5747307163614928,0.3120723618134383,0.026238542,0.99996585,0.5328597020630834,0.35274217424767595,-0.10304241,0.99983555,0.559674923633859,0.3589299873673027,-0.10369192,0.9998243,0.47061563149379615,0.4577975750828794,0.09382923,0.9996743,0.6129755626386763,0.43951580924216677,0.051438075,0.9996853,0.43887469165391924,0.6072103429104863,-0.14649688,0.99959975,0.659269217634018,0.6061554423167722,-0.21973653,0.9988481,0.5973694267361849,0.46618007976678055,-0.47996396,0.9996085,0.5052150817267661,0.4724087085452737,-0.4098951,0.9997622,0.6037632820595413,0.7753223484228962,-0.024309264,0.9999289,0.5080505401911765,0.7856513517473178,0.024981715,0.99993783,0.5894703903221248,1.038372546983845,-0.026061684,0.91946065,0.4954410280016055,1.038265431140139,-0.076193616,0.89380944,0.4814671587841808,1.2915947676034147,0.14109764,0.028182428,0.6202612619841437,1.2713339824913015,0.22334722,0.02985271,0.4842074840868389,1.317560092878425,0.15678093,0.03202359,0.6184718208392666,1.3020688741982394,0.24447957,0.023163527,idle
0.5482629750435153,0.3364150874387703,-0.16148733,0.9999392,0.5319851843329432,0.31133497833570983,-0.13410129,0.99995077,0.5518352418511087,0.3141250419296579,-0.13310733,0.9999437,0.5100269801987392,0.3218415668512688,0.026441013,0.99995375,0.5808987548236215,0.3096080236025489,0.027701557,0.99996734,0.5321283291240295,0.36041872812861786,-0.10188769,0.99983984,0.5549299641296663,0.3543767819549856,-0.10179863,0.99982893,0.47890567100730197,0.4532485782506504,0.09398009,0.9996833,0.6158439161711384,0.4309470741766354,0.05267302,0.99968976,0.442650306091512,0.6107840683193191,-0.14212032,0.9996099,0.6638408288809313,0.6122429481604094,-0.21830603,0.9989058,0.6015659063971396,0.46480958589818816,-0.47106734,0.9996182,0.5050301255283949,0.46333092143768756,-0.40114236,0.9997682,0.6003940376525554,0.7857505792229479,-0.024497824,0.9999305,0.505362664075564,0.7829727660242712,0.02516169,0.9999404,0.6078653440263402,1.0359866817777559,-0.038017187,0.92049253,0.49065952859385586,1.0405413003057193,-0.077316135,0.8952813,0.47429506809710675,1.284577776149931,0.13949843,0.02841403,0.6286440064739455,1.2733115634425176,0.18385315,0.03016239,0.48159546517893137,1.3187880913899404,0.15493135,0.03249706,0.6231786221078844,1.3060508354847216,0.20132384,0.023313496,idle
0.5526169482856047,0.3328452077743857,-0.16639005,0.99994177,0.534264083868208,0.31957028204676885,-0.14074099,0.999953,0.5580979537867452,0.30827057248989825,-0.13828446,0.99994606,0.5285850189417352,0.3179251344359611,0.016911492,0.9999561,0.5816709201575159,0.30991252943742226,0.024523789,0.999969,0.5405848465642953,0.35392927436217747,-0.10741737,0.9998475,0.5667500678071054,0.33954613598581995,-0.105555035,0.99983704,0.4820946949173355,0.4496686730142526,0.08657862,0.9996981,0.6251936096876567,0.44452124145109606,0.053476624,0.9997007,0.43999723049336215,0.5977346116179417,-0.13879934,0.99962455,0.6773815862338876,0.6020918961696856,-0.21458645,0.99896175,0.6167025849618823,0.46250996049716464,-0.47058326,0.9996322,0.49880753764352603,0.4558757195847579,-0.39470106,0.99977714,0.6041978259746138,0.7751450059392594,-0.024124166,0.9999315,0.4946561055343993,0.7856798525842049,0.024779838,0.99994236,0.6005471716988591,1.0495042825589969,-0.03938303,0.9213322,0.493181397261089,1.0390696174169527,-0.082598016,0.89658153,0.4915503731600359,1.2904089691159764,0.13033973,0.028923988,0.6248380630950628,1.2663518669975538,0.17661218,0.030825973,0.49224603464595995,1.3143164337800908,0.14532608,0.033145506,0.6279842674142402,1.301948986210502,0.19344461,0.023617476,idle
0.5541313604611984,0.3258066432705966,-0.17408349,0.99994385,0.5342602093386999,0.3034438844408962,-0.1469104,0.9999547,0.5766798348478979,0.3063443172585609,-0.14558068,0.99994785,0.5186332887766745,0.330693275786212,0.01779591,0.99995804,0.5794543345732805,0.3093419722904886,0.020779107,0.9999702,0.535152425997567,0.34323145862310306,-0.11224904,0.9998558,0.5660852710410293,0.35252833649595017,-0.11183932,0.9998459,0.4910264689476399,0.44964735722086824,0.088998415,0.99971414,0.6280520165326546,0.4453070654202152,0.058463357,0.99970907,0.4427644565657779,0.6005722358169713,-0.13433115,0.9996162,0.6657538667612974,0.6093476613418253,-0.20146206,0.9989672,0.6143645362748295,0.4609756423047321,-0.47727752,0.99962234,0.5069648193102713,0.46075754555478776,-0.3928575,0.9997726,0.6077639940555595,0.7763081143689825,-0.022198245,0.9999275,0.5162516171654319,0.7776838131964872,0.022812475,0.9999412,0.610676269663007,1.040730556956335,-0.038345523,0.92225987,0.4877903526428402,1.0330226890023846,-0.10101231,0.89960086,0.4841312976573583,1.2729444456690797,0.10055399,0.03293351,0.6269152237489024,1.2736085882312074,0.18241456,0.034942698,0.48321952701786774,1.310202015674534,0.1139698,0.036022093,0.6234400908243027,1.2999256291853616,0.19936565,0.02576894,idle
0.5588647953814005,0.3300638348885457,-0.17216724,0.9999459,0.5420753385981223,0.3121457482637872,-0.14445008,0.9999562,0.5736609261074213,0.2994438332970101,-0.14347397,0.9999493,0.5181390105288024,0.3303101989025974,0.024036499,0.99995977,0.5924682901718222,0.3285243219358678,0.02463547,0.99997103,0.5433834697147161,0.3505060526368737,-0.10830327,0.9998646,0.5689795285400083,0.350008057060175,-0.108630575,0.9998554,0.4869498947087305,0.45409661231985815,0.09551448,0.9997308,0.6382228223288529,0.43705502750637937,0.07801134,0.9997154,0.45240126906701583,0.6012390414903587,-0.10665631,0.99959344,0.6664559960288717,0.6065706067366196,-0.16078995,0.99890393,0.6139341490238788,0.463730169032428,-0.44118303,0.99958307,0.5105191729414069,0.46711243457012414,-0.3589521,0.9997587,0.6049991114164597,0.7682907771772473,-0.019937184,0.9999201,0.5042828597469371,0.7681095860246308,0.020494085,0.9999382,0.6149146908351009,1.0455009681190535,-0.044145625,0.92525756,0.4865467065327138,1.019742580715289,-0.12240805,0.9056183,0.47618338087279277,1.2633207115905931,0.09196304,0.044898532,0.6243478928632473,1.2608585338476317,0.1858469,0.04397321,0.47791112134760916,1.3003455099282366,0.107047416,0.041673247,0.6265066301798179,1.293585906839442,0.2017461,0.029439842,idle
0.5708382766601794,0.3427535952302613,-0.16263533,0.9999471,0.5506012598556806,0.3008181076283504,-0.1310511,0.99995667,0.58053022904042,0.3083376768734368,-0.1306461,0.99994975,0.535101148640645,0.3260044503319474,0.04329946,0.99996066,0.5979127150027477,0.31416281087568265,0.04203012,0.99997103,0.5516746214174716,0.35203760897862135,-0.09741482,0.9998702,0.5714290420839618,0.3565063609526985,-0.098220445,0.99986196,0.4966230122314006,0.45625897906857965,0.106071234,0.99974275,0.6332174684851473,0.4428983664039769,0.097213246,0.9997189,0.4393471833942676,0.6025964265195602,-0.10863726,0.9995572,0.6843728600854558,0.6011088973347265,-0.15397589,0.9988694,0.62049712451416,0.4564868497780855,-0.43431163,0.99953645,0.5242341442343799,0.46709320206786514,-0.36292312,0.99972445,0.6120227069443076,0.7745611795835743,-0.012578214,0.9999072,0.5050309011276267,0.7664938870105579,0.013169227,0.9999324,0.6196874240228805,1.0462698018678684,-0.034104887,0.9261722,0.4913791612252736,1.0144304920812666,-0.15371105,0.9110754,0.4804201595947303,1.2600115568274257,0.042687196,0.059201855,0.6305569664680016,1.276550266760357,0.21319036,0.05241363,0.4813360479913228,1.2867432898638116,0.055532455,0.048840575,0.6308716910193395,1.2873454545402951,0.23178402,0.03487401,idle
0.5652123572225451,0.32062126595211976,-0.15585954,0.9999497,0.54329842300135,0.3096282686123724,-0.12403959,0.9999586,0.5791566794075316,0.30636754358329,-0.12476103,0.999952,0.5336162508230825,0.3295807463316303,0.04961223,0.99996257,0.5913071107149319,0.31864827305158216,0.04349168,0.99997246,0.5598791961965295,0.35708193223541235,-0.09083492,0.99987704,0.5851933950877016,0.3463435177773468,-0.09329451,0.9998705,0.49211121725242,0.44143133144439584,0.11450231,0.99975646,0.6337646427027609,0.4442959901226847,0.09627358,0.9997301,0.45878825327163575,0.6041215450680187,-0.091013096,0.99955755,0.6812588883658036,0.6093739283952673,-0.15385196,0.9989032,0.622028466126246,0.45773505768502404,-0.41841513,0.9995134,0.5236728792904872,0.46656407241035347,-0.3372035,0.99971884,0.608152789770618,0.7605896861025526,-0.013632402,0.9998999,0.510209524175637,0.7617277446904607,0.014236353,0.9999287,0.6038927553793159,1.0500372660811321,-0.041169953,0.9292436,0.4982382097992144,0.9880069153220761,-0.14183849,0.9167949,0.47516023596473866,1.2634473009312432,0.06224475,0.06858926,0.6200522861823154,1.2597547151923645,0.20174828,0.059139352,0.46907570666177967,1.2946635036703755,0.07625178,0.0556397,0.6268388677397984,1.2870485169655046,0.22032711,0.039543945,idle
0.5740137356148932,0.3354223997186335,-0.15813436,0.9999505,0.5635876331114867,0.31627577448671945,-0.12475272,0.99995786,0.5957469749432918,0.31187640261331445,-0.12518439,0.9999504,0.5347343941730385,0.31922569120718075,0.049246408,0.99996215,0.5982054715036,0.31824713211375083,0.04561009,0.99997014,0.5617229000293569,0.3489834841144765,-0.09244388,0.99988246,0.5909994149479165,0.3558976371168668,-0.09443011,0.99987686,0.49998693324396837,0.4530024277746869,0.113759056,0.99977046,0.652756700137078,0.4434821093245537,0.111517645,0.99973226,0.4667541011109013,0.6110304065831885,-0.08939664,0.99950147,0.689281042969308,0.590099734703642,-0.12406204,0.99877137,0.6311425630031997,0.4556736736588171,-0.39985308,0.99925685,0.5359214019147538,0.4726141277022085,-0.3388738,0.9996472,0.6090908130026964,0.7673035727934742,-0.011996761,0.99981546,0.5073599362511585,0.7624743066501968,0.012638966,0.99989814,0.6075547236929367,1.051184163691153,-0.04935421,0.926744,0.48455591375951046,0.9665426669957962,-0.26333618,0.9217103,0.47803985053753617,1.242819023412905,-0.07275682,0.09270682,0.6146957580074677,1.2419583130019765,0.21695426,0.06823704,0.4739987567091105,1.274068227224321,-0.05981154,0.07134557,0.6105422330580768,1.2726443731930641,0.2385098,0.046724703,idle
0.5784431544246987,0.32831535055438454,-0.11952069,0.999953,0.5660515725389274,0.3052379711953466,-0.08596772,0.99995846,0.5983589181926177,0.30063638438896567,-0.08516397,0.99995023,0.5488161995380054,0.31601437499146023,0.07529348,0.9999627,0.5997386317539102,0.3126724260229955,0.075336166,0.9999682,0.5730559077773241,0.34534806132448037,-0.061721034,0.9998912,0.5911414420655031,0.34716212973030747,-0.062122412,0.99988616,0.5090377261111878,0.4460858096946331,0.12324854,0.99978805,0.6602204622381467,0.4382296246165231,0.13237606,0.99973863,0.46846849004515534,0.5965531254529556,-0.034475558,0.9993808,0.7064095649172223,0.5986366108720577,-0.08694943,0.99844366,0.6421840285544257,0.44715833058936555,-0.33393672,0.9986007,0.5470681049221016,0.4574119140258133,-0.2078783,0.99952227,0.6083703805625762,0.7752942913739441,-0.008899955,0.999618,0.5165074691347563,0.760499127332551,0.009534744,0.9998582,0.6091974956129851,1.037493577143859,-0.047504477,0.9231212,0.47863011635144026,0.9325513784818835,-0.34516907,0.9275664,0.4640487353580801,1.2089899051202688,-0.16991355,0.1388597,0.6086418303404209,1.2217017737262588,0.25685602,0.08109454,0.4661537512592927,1.243326454906524,-0.15703782,0.09511468,0.6103194086521194,1.245096979211936,0.2839716,0.055278096,idle
0.5775167189191797,0.33430955322643,-0.12467034,0.99995404,0.5539223124602203,0.30590261399057983,-0.08939721,0.99995774,0.5905060634859935,0.3013382261134514,-0.09189434,0.9999475,0.5513262198839171,0.3308502942697124,0.08054499,0.9999618,0.6146726329732601,0.3026610796832349,0.06622202,0.999963,0.5638906942397526,0.3564553192809382,-0.064465515,0.99989915,0.5889915901855969,0.3422257899480959,-0.068587705,0.99989426,0.519886964091179,0.4530505420113164,0.12325035,0.99980325,0.660425201454701,0.4424420748754753,0.12051924,0.9997392,0.4660972768787063,0.6037982702583456,-0.039776,0.9990475,0.6984459568429497,0.599771498300359,-0.09759572,0.9979976,0.6448908587956896,0.4535731322089093,-0.3264375,0.997833,0.5410383711702074,0.46112697125021473,-0.23280756,0.9992368,0.6016518498334051,0.7705520352221801,-0.0039221155,0.9991462,0.5077367504984269,0.7469050371936498,0.004359023,0.99977195,0.611707435326065,1.027065425389121,-0.046076298,0.9019554,0.47600949537058046,0.8759639232578739,-0.45113748,0.93104863,0.46263489237901345,1.1002487462307762,-0.26989305,0.18310487,0.6037143108717571,1.2005690701001288,0.2675684,0.09276925,0.46155681394618175,1.1806569024335465,-0.25436825,0.1219749,0.585997248019577,1.201163720537541,0.2964578,0.0626946,kick
0.5831249261453251,0.3317759697827059,-0.12962434,0.99995387,0.5592648216150101,0.3086701375120914,-0.096201375,0.99995565,0.5995034628111027,0.29753318909771176,-0.09740037,0.9999433,0.5586446455386784,0.32889911224505386,0.0727171,0.99995995,0.6176354144516165,0.30069332279408356,0.056805134,0.99995613,0.5724660227903883,0.3469795412899982,-0.069249645,0.99990547,0.5922066880748379,0.3487177340112788,-0.069627985,0.999901,0.5134623579975327,0.44905478167454543,0.12208533,0.99981403,0.6646144851625315,0.4357690043431808,0.11482972,0.9997435,0.4723759698796085,0.5993578062296755,-0.047828913,0.9986664,0.7073390386142204,0.6094503889951187,-0.115116715,0.997555,0.6401312638790485,0.45375617813276126,-0.3525917,0.9971442,0.5502144978492826,0.47861638977560017,-0.25756997,0.99895525,0.613592403613027,0.7716189523332627,-0.0054324022,0.998575,0.5227176672977993,0.7294513907090611,0.0059083425,0.9996221,0.6051772950573144,1.025312150408626,-0.04953966,0.8827155,0.47076635742191686,0.8529761824654479,-0.48836118,0.9339071,0.4593421322600234,1.0712897038542069,-0.3602795,0.22367725,0.5939202454960657,1.1903913771276475,0.17089632,0.10892418,0.4539035939182944,1.171300930694659,-0.3494788,0.16009061,0.5759107274498181,1.221003582865294,0.1887137,0.071435586,kick
0.5861093842543148,0.32733799709765365,-0.18800458,0.99994683,0.5599033103877933,0.3132538308958995,-0.1529459,0.9999473,0.602113236853046,0.297429934451782,-0.157572,0.9999288,0.5664038535710534,0.3273808030174533,0.02779961,0.99995184,0.6279877968516114,0.31370773755907805,-1.0554025e-06,0.99993426,0.5883817588867029,0.34561088701947934,-0.12251741,0.9999068,0.6011945686898149,0.33838852075341797,-0.13015595,0.9999013,0.5153714320146376,0.4484585587122478,0.08505466,0.9998172,0.6761756329492146,0.45737391710481057,0.07446997,0.9997368,0.47431715857942147,0.6000545216411347,-0.09818158,0.9980824,0.7113927700896392,0.5981480958638316,-0.16039166,0.9967802,0.6458834938381143,0.4549463552578589,-0.42645535,0.99634063,0.5486536161994093,0.4600197579061764,-0.36442035,0.9984833,0.6039339348637177,0.7634681422576757,-0.006363117,0.9977388,0.5120567906182888,0.725249593164971,0.0068410924,0.9994161,0.596422729866836,1.0173800925143155,-0.055328317,0.84133315,0.4787075563379174,0.8265781409013266,-0.53290397,0.9313958,0.44730100784182014,1.0986607724541024,-0.41813564,0.24401394,0.5566934744724852,1.1831504732339655,0.13336399,0.112004675,0.4515481390699837,1.1403576645099018,-0.4086164,0.18962404,0.5457547305525254,1.2026973676099286,0.14764626,0.07525993,kick
0.5912974413480991,0.3179956484597659,-0.17531145,0.999947,0.5731961096346911,0.3183897357558465,-0.14191176,0.99994785,0.6071988462948148,0.31009029627055706,-0.14470856,0.99992794,0.5601509041287902,0.3216150435444975,0.033576798,0.99995226,0.6260475946916401,0.3087762383678345,0.012055634,0.99993086,0.5829534081762915,0.3556853917267458,-0.111743234,0.9999123,0.6088085892518655,0.3531876080811527,-0.11752458,0.9999068,0.5182468194638175,0.4462404220620404,0.084554486,0.99982053,0.6714910201446825,0.43302841571333694,0.07845973,0.99973744,0.4736049882511618,0.6000486176205476,-0.10598227,0.99703604,0.7110234077313341,0.5951275082307028,-0.1594414,0.9958356,0.6443523371327211,0.4573729794206426,-0.42266798,0.9952133,0.5500577687781093,0.4613008243264583,-0.3624619,0.99773544,0.6087351307110813,0.75619691405244,-0.00030999645,0.99728155,0.5181605316815645,0.7269771472963084,0.0005845906,0.9992794,0.5901754261273218,1.0214766060489266,-0.0599942,0.8142627,0.47253892891605453,0.7618270064374166,-0.5309451,0.9330842,0.4517223330610587,1.062483893658681,-0.38597387,0.28575554,0.5454488839787026,1.1536882762692755,0.14246556,0.12556915,0.4774665359001492,1.0881429232008146,-0.37211347,0.22215925,0.53424328966709,1.1638712129837439,0.16067795,0.08447861,kick
0.5928095274271105,0.31799053895347074,-0.17430833,0.9999492,0.5795579360756746,0.3177467075810757,-0.13954087,0.9999502,0.6139862526239279,0.3032649439924368,-0.14293404,0.99992996,0.5639971051704076,0.33129783509152266,0.034572154,0.9999546,0.6307408352373219,0.30967016062794983,0.01481217,0.99993116,0.5883975251313881,0.35732227301275116,-0.112162605,0.99991935,0.6089509939281172,0.34960091430616885,-0.118109286,0.999914,0.5261704192759342,0.4430669309414561,0.080350615,0.99982446,0.6860360470967777,0.4435664445845729,0.072505936,0.9997481,0.48323236542479564,0.6037932296459778,-0.11607975,0.99625725,0.715522884284484,0.5964831494607422,-0.17924228,0.99537385,0.6466966775363303,0.4562662749946168,-0.43157554,0.99428123,0.54732484718976,0.46244490163112567,-0.35763907,0.99715084,0.613232738248794,0.7665222264791944,-0.0034904156,0.9972651,0.5155721423474591,0.7337128869586065,0.0035150372,0.9992515,0.5925481032442506,1.0184623459667763,-0.11250158,0.8148979,0.4744501383933748,0.7327338405666807,-0.54349124,0.93763185,0.45884768210797466,1.0103728545100092,-0.3566379,0.3356948,0.5575621033215635,1.1554149973373948,0.14759248,0.1541667,0.4762285199128756,1.045867847208711,-0.33732647,0.26439342,0.5424884503598039,1.168699667173497,0.1715137,0.098826274,kick
0.5913914080425666,0.32456185834731094,-0.19354989,0.99994934,0.5803246118791998,0.31124244021955483,-0.15826061,0.9999504,0.6158728258823731,0.29707029358142645,-0.16341946,0.9999283,0.5680742076384047,0.3244995329349108,0.020014659,0.99995524,0.6273472925600737,0.31468183790290805,-0.0037691344,0.99992645,0.5806141199888255,0.341914473167097,-0.12933427,0.99992496,0.6131405745225029,0.3494326324615441,-0.13669501,0.99991924,0.5282985998512417,0.44933483693392956,0.070326395,0.99982935,0.6805137376234547,0.4467641796639449,0.052859116,0.9997583,0.4763141703866266,0.6008835097957795,-0.13692406,0.9953269,0.7195284264723613,0.6046367040527799,-0.20585003,0.9948953,0.6504479040697148,0.46545976395279226,-0.47079644,0.99344045,0.5643871647401018,0.4617916452741809,-0.404703,0.99642473,0.6044092392388161,0.7679372303183792,-0.0054101786,0.99732745,0.5128588832067174,0.7292813206798243,0.005288579,0.99924594,0.5902030200084155,1.0167629032692074,-0.11632011,0.81760997,0.47095937466617854,0.7154918625834039,-0.5527058,0.94205385,0.4531324568673464,0.9819984712407558,-0.35362977,0.38493985,0.5595600698681858,1.1640306556506086,0.15873203,0.18900964,0.4694867440698052,1.017357377675473,-0.3332299,0.30473632,0.5377003003981511,1.1596919755181647,0.18266316,0.11702145,kick
0.5967490238200321,0.3275061201324151,-0.18420419,0.9999446,0.5808025313226617,0.3107494588498114,-0.14968322,0.9999492,0.6196423285972824,0.2974160916312576,-0.1539729,0.9999244,0.5623994360056541,0.32736950813546906,0.024706503,0.999954,0.6286456559371915,0.31196993506997595,0.0053958325,0.99991906,0.5887149269139498,0.34237250197972796,-0.121387504,0.9999273,0.6137360898191062,0.34855580328013236,-0.12711295,0.99992085,0.5233921283333962,0.4470763590773604,0.08588646,0.9998242,0.6804289065062796,0.4440974789591694,0.064354815,0.9997456,0.47963207321684953,0.6039366021756268,-0.124659315,0.993516,0.7142617993595878,0.5966846134837531,-0.1996772,0.9936013,0.6565614033224112,0.45759434415158595,-0.45586786,0.9923716,0.5556131741990329,0.46383237024763485,-0.4148168,0.995276,0.6206515374139805,0.761133608049507,-0.0056152707,0.99689734,0.5051400854869603,0.7171221707998505,0.0055296724,0.9991563,0.5978903879366866,1.0165584262823115,-0.1122597,0.81749487,0.47467959909400625,0.7210002857664048,-0.54829156,0.9461671,0.4931645484816797,1.0081360354013422,-0.47170734,0.4284654,0.5408485543585255,1.1202684831788374,0.103591815,0.19907081,0.48781447892699237,1.0712600716789984,-0.46478072,0.3370266,0.5198893859654957,1.1186451004444784,0.12366941,0.122271225,kick
0.6039968673908764,0.32019310062018963,-0.19135086,0.9999427,0.5918436300617416,0.30780092789847413,-0.15654352,0.9999468,0.6126487641935701,0.2950467045989002,-0.1639004,0.9999202,0.5796102871182662,0.3311136648826903,0.024261173,0.999953,0.6355904166642405,0.3064957997290526,-0.010617482,0.99991286,0.5847495670658143,0.35140935540286217,-0.124722525,0.99993163,0.6157855355738682,0.34853554436871936,-0.13512665,0.99992555,0.5280085796353104,0.4389202123306039,0.087053835,0.99982965,0.6856496960399341,0.4387990852032393,0.0531334,0.9997573,0.48835918397749944,0.6051216293624867,-0.11999513,0.9924089,0.7147525565789266,0.5947275701010499,-0.21465655,0.9932491,0.6551061436423036,0.44270001349920424,-0.48791963,0.9923178,0.5567400900418122,0.47483172343986135,-0.41492423,0.9947357,0.6084781518061679,0.7511926758665263,-0.017346889,0.99682873,0.5131051211866808,0.714252650681808,0.017491832,0.9990914,0.5905972987058403,1.0079046830747926,-0.10083592,0.82588744,0.4698939316514096,0.7007044684596926,-0.5606129,0.95013756,0.48322655001700543,1.0129942486716614,-0.4176186,0.4628638,0.5561234121572185,1.1338628413560716,0.13107342,0.22471239,0.4879500539880851,1.0345884875671159,-0.40216288,0.36893243,0.5406990654939079,1.1543389204504002,0.15182906,0.13565962,kick
0.6048133538315852,0.32794228248245083,-0.19408128,0.9999402,0.5929221230969356,0.3142347646068154,-0.15997043,0.9999438,0.6288244549224252,0.29766724967120656,-0.16707084,0.9999138,0.5781353282613069,0.32257037467201144,0.019305928,0.9999512,0.6368245733290108,0.29986310499737,-0.015964745,0.9999052,0.586703086588028,0.343597154387958,-0.12793738,0.9999349,0.620217181391417,0.3436234252198842,-0.13852915,0.9999292,0.5299370585031711,0.44987035446536233,0.08545436,0.99983454,0.6894417940687232,0.43901319337044636,0.04844571,0.9997673,0.48332860190821836,0.6051367144847646,-0.11452003,0.99112934,0.7200242452275756,0.5985675092813837,-0.20654094,0.9929646,0.6460636245345586,0.4600762735384976,-0.46722022,0.9922034,0.5518781176261273,0.47121471051828806,-0.3955812,0.99397844,0.6168534751575268,0.7507928048864603,-0.022065867,0.9967092,0.519971231653279,0.7015401838684133,0.022290437,0.9990347,0.5987225210051074,1.019739690944263,-0.09520759,0.82964975,0.4568369882031884,0.6841171547195055,-0.5503351,0.9527585,0.46692278155912925,1.0078660889604065,-0.40277115,0.48643315,0.5535925142469336,1.1422482721191154,0.14019997,0.24403247,0.49473880108530355,1.051067140511904,-0.38743445,0.39135242,0.5513725540144762,1.1550052401700166,0.16112892,0.14454953,kick
0.6161055362328307,0.3136963081748351,-0.2505619,0.9999453,0.596524130975411,0.3131215239867473,-0.21642907,0.99994826,0.6234317981335988,0.28722197128981597,-0.22505908,0.9999202,0.5707127887444461,0.3355064603478078,-0.02961498,0.999955,0.6443060714764774,0.3102806500646358,-0.071093634,0.99991226,0.6004994546737876,0.34038393989953897,-0.18139176,0.99994105,0.6184704805672174,0.3443927672383702,-0.19412403,0.9999357,0.5490602079258788,0.4388309052396842,0.040288996,0.9998488,0.688403488528343,0.4418185775945794,-0.005442041,0.99978966,0.4836538883692525,0.5913764529034763,-0.171437,0.9910062,0.7245930640750744,0.5988472029171072,-0.2592257,0.9932956,0.6551810846998777,0.4430061176949109,-0.51727694,0.99251515,0.5575934364918315,0.4614880042411919,-0.48598972,0.99401027,0.6225629047843213,0.7553770512557879,-0.02275441,0.996985,0.5247096329242726,0.6930165436944014,0.022794027,0.99908304,0.5922757269794879,1.0120922843959428,-0.10962578,0.8397432,0.44692001761755307,0.6757908658528887,-0.5769859,0.9559805,0.35019805277953175,0.8536527096526692,-0.3719013,0.5200883,0.5535244097373049,1.1846134192438935,0.16079961,0.2936093,0.3578176454072044,0.8971908624978129,-0.35199675,0.4274069,0.5463495432226857,1.1906275537346551,0.1870291,0.16674677,kick
0.6160694179384595,0.31325501462386063,-0.2571771,0.9999497,0.5914410047985255,0.3097409387912713,-0.22326906,0.9999519,0.628421873463499,0.2957607259630212,-0.2304372,0.99992603,0.5850495854647637,0.31221199590957377,-0.03630972,0.9999579,0.656833241264785,0.29898080076582956,-0.07306731,0.9999189,0.6046260626930909,0.3448805145396781,-0.18796423,0.99994636,0.6210374744840622,0.3454410508785255,-0.19926271,0.9999414,0.5425979050888428,0.42805238202681195,0.03703113,0.99986035,0.694764368952818,0.4423356251261334,-0.0064030746,0.99981016,0.4881221765400765,0.5951565967154872,-0.1779267,0.9905753,0.7316978632478477,0.6032392398717042,-0.2618301,0.9933896,0.664500616704244,0.4574366334769574,-0.5374619,0.9925481,0.5537587097878671,0.4663273368100589,-0.5043566,0.9938474,0.6112943006976543,0.7442205155697151,-0.024543265,0.99725467,0.5134332851188439,0.6800397515493817,0.024458652,0.999128,0.5978870690295395,1.0178368208998125,-0.1033558,0.8466603,0.43865161502576244,0.667746172845117,-0.5436875,0.9576573,0.3000693387342791,0.8277744536057687,-0.35511032,0.5475513,0.5557919142460572,1.1964083650714896,0.15315129,0.3360498,0.30788889990551793,0.8662159335474333,-0.33795395,0.4633489,0.5466948105513956,1.2139633422638567,0.17568246,0.18480726,kick
0.6235469500997513,0.32345039647509916,-0.396064,0.9999541,0.5991605870364256,0.29779017476950104,-0.36155564,0.99995565,0.6358794987946581,0.290441768064808,-0.37361455,0.99993235,0.5954798353659155,0.3237214970844964,-0.14789674,0.9999604,0.6413400440100347,0.3055447973462472,-0.21137747,0.99992543,0.6057225321824279,0.3464389485300547,-0.3146517,0.999951,0.6368154930900956,0.3434519143597979,-0.3335621,0.99994653,0.5613566258282409,0.42790110093336897,-0.030846383,0.9998729,0.7119016304295129,0.4317277073820543,-0.10061584,0.99982893,0.4793656911999654,0.5700945746979869,-0.25894386,0.98977524,0.734658276863076,0.6004748779743433,-0.37743652,0.99340534,0.6783708538971077,0.4576359922593777,-0.7094456,0.99252933,0.5572578711388134,0.47270353712756835,-0.64367044,0.99309504,0.6062570799363631,0.7341412130712736,-0.034303933,0.99751806,0.5060388225929191,0.664568437573584,0.034120034,0.99920344,0.5981232197284654,1.0012315251539927,-0.047798775,0.85097057,0.3819331392658799,0.6899121021627161,-0.56233895,0.95986325,0.17326170419417342,0.7768690635508323,-0.87097627,0.58552855,0.565977051708791,1.1720425433039838,0.099593334,0.3564614,0.1403957619266828,0.8129460628981753,-0.90553635,0.51010424,0.5428245370242686,1.1865818063343911,0.1041744,0.19146319,kick
0.6288835799612107,0.3208952444443329,-0.3914258,0.9999561,0.6082418091856459,0.30264609218167077,-0.35681224,0.99995446,0.636390012572613,0.2868882694412786,-0.37115923,0.9999343,0.5954349358923507,0.3010024389303319,-0.1510765,0.99995506,0.6574673431828038,0.30314473509466716,-0.22417891,0.99992806,0.6126041818858013,0.3496077489554641,-0.31344885,0.9999528,0.6373266648337008,0.3414501191332452,-0.33492047,0.9999498,0.5519112087857345,0.4179915953801826,-0.04969687,0.9998824,0.7117604829505233,0.435064185295065,-0.11165084,0.9998458,0.4872224566186616,0.5805352007828265,-0.25368935,0.98906434,0.7428054019060741,0.5980745208365549,-0.36104122,0.993145,0.6833215548916026,0.44234611866760654,-0.6678356,0.9921132,0.5665507397533603,0.47922173285257313,-0.613014,0.9922343,0.6045101688400862,0.7326532720256578,-0.033289727,0.9977224,0.5098806904691131,0.6742023902038097,0.033133768,0.99917966,0.6024746870773352,1.0020549647134758,-0.059257418,0.85100543,0.36510045742104114,0.7094545307732525,-0.2967583,0.9594407,0.15292734881418102,0.7568653858764242,-0.50826514,0.6160632,0.5741106992646174,1.1729104867809304,0.08692503,0.37961143,0.12606302349411158,0.8009031010587903,-0.66652745,0.54344386,0.5455450709584324,1.1977735200073574,0.0938139,0.20266068,kick
0.6188820900129773,0.32874301112868975,-0.34441447,0.99995637,0.6125828821734783,0.29842571158841047,-0.30766338,0.9999501,0.6339652628871799,0.2930104645549155,-0.32221773,0.99993366,0.5984110848691855,0.3115922496091165,-0.10270588,0.99994236,0.6644105101610909,0.30436551595122757,-0.17583242,0.99992853,0.6194340440675972,0.33810418548882926,-0.26767087,0.99995077,0.6283386349622946,0.33641816024326077,-0.2893455,0.99995095,0.5651483264661915,0.41986797640001966,-0.011200381,0.9998852,0.713672486599128,0.44006197845256045,-0.08409775,0.9998607,0.4804953273068674,0.5705727530266228,-0.22531183,0.98750514,0.7323947462361677,0.5972850909150393,-0.33669016,0.9928834,0.6856498708113683,0.45194295116474664,-0.6257268,0.9912889,0.5765813277786238,0.4816209581205511,-0.5795335,0.9902212,0.6072230576252419,0.7337667599577871,-0.036107153,0.9979097,0.5095906451333316,0.6764063773844873,0.035964735,0.9991717,0.594131292213453,0.9977332259606362,-0.10724604,0.85543925,0.36285927829798215,0.7193089171126098,-0.28919095,0.95927453,0.14747673119105142,0.7685705587550009,-0.4407793,0.64556396,0.5820011664963904,1.1769864863583148,0.0656674,0.40110648,0.12771137383815945,0.794702663810805,-0.6041266,0.57540977,0.5429748046286054,1.2026411530771233,0.076089166,0.20964983,kick
0.6305011584938429,0.31947085583441653,-0.37779185,0.99995804,0.6133945168115066,0.29972287299604555,-0.34091985,0.9999512,0.6460571335389831,0.29156104623807094,-0.35436302,0.99993664,0.608361487648402,0.3150493868754455,-0.12672764,0.9999417,0.6449663505004348,0.29930238481025834,-0.19745675,0.99993145,0.615685359081246,0.3516245547368283,-0.2976256,0.99995226,0.6421580130830352,0.3414906496988915,-0.31853548,0.9999532,0.5559281912180993,0.42417415014688437,-0.019463966,0.99988806,0.7125542558571019,0.4406445815391349,-0.11341511,0.99987406,0.48378662764743374,0.5700935885209053,-0.2651648,0.9850737,0.7414754319806345,0.5971070109276326,-0.3976774,0.99277866,0.6872090344139676,0.454564962670632,-0.692528,0.9907054,0.5737415755864272,0.4770632052890926,-0.64356464,0.9884672,0.5996715659827634,0.7379534617192174,-0.044751674,0.9980977,0.5165067050932113,0.6672694643760355,0.044644248,0.99923235,0.5989332310093016,1.0031752465697044,-0.07495234,0.8547561,0.3665159369857536,0.7144580219008194,-0.47465616,0.9588684,0.1672083120604977,0.776023070949111,-0.76624006,0.669249,0.565491477076436,1.163669434594712,0.08506231,0.39886758,0.1383620428977287,0.81486641205228,-0.8004367,0.60869616,0.5424927479001008,1.1751478040491707,0.0938844,0.20688333,kick
0.6332470317122056,0.3268572374575346,-0.3562722,0.99995834,0.613807786499576,0.30441964724960197,-0.3189074,0.99994934,0.6446510347796508,0.29295494328509963,-0.3332798,0.99993664,0.593727776807918,0.32052165233508323,-0.10796442,0.9999355,0.6612353137360271,0.31349164653406003,-0.18055014,0.9999319,0.6219240356762145,0.34241731947589665,-0.2773374,0.99995065,0.6379525757206836,0.3341531893878938,-0.29897562,0.999954,0.5616313741685001,0.4300596884401583,-0.0049575074,0.9998889,0.7067015004568813,0.4350837236937804,-0.08770666,0.99988586,0.48636756471547316,0.5721400638657044,-0.23253062,0.98400664,0.7466064542080293,0.5977117205789175,-0.3458256,0.99289125,0.6836385482200675,0.44976127501882107,-0.62808853,0.99036074,0.561908951063939,0.47653231257809614,-0.5745567,0.9873068,0.5914536197201485,0.7347374788309562,-0.041759588,0.99825567,0.5169040928995303,0.6801690064237543,0.041688614,0.99926937,0.5852772965855706,1.008680732706722,-0.07581006,0.8614118,0.37042643474191994,0.7053297197550495,-0.40988708,0.9607812,0.15721022726984402,0.7871569626655159,-0.5710009,0.6972189,0.5654462735211847,1.1491287122066725,0.09576487,0.42364562,0.12916736455601363,0.8189519582754117,-0.5861254,0.6396367,0.5397912192127582,1.1726288455683118,0.10379833,0.22002003,kick
0.6171587611839031,0.31170106694693894,-0.33414525,0.99995905,0.6090427431553445,0.30384405572519946,-0.2988156,0.99994856,0.6348000223422318,0.2955336749703326,-0.31024367,0.999937,0.6029883288847151,0.313540809104162,-0.08829328,0.99993163,0.6547657060687196,0.29820338956514203,-0.16042018,0.9999319,0.6151475753735214,0.34161220105133444,-0.26137754,0.9999502,0.6303021311180184,0.32888921189578885,-0.27742332,0.9999549,0.549818859929524,0.41654625069691,0.027778234,0.99989265,0.7132982489476286,0.44538351206972165,-0.073191665,0.9998965,0.4931365969866548,0.569785280979208,-0.193577,0.98311603,0.7480343859777414,0.602777140694009,-0.32203567,0.99299383,0.6831013128270829,0.44651289506580427,-0.6056516,0.9902392,0.5699352874744121,0.48844614983674417,-0.5607182,0.98668396,0.6108279316783001,0.7400262187219144,-0.040497415,0.99840283,0.5105806836327169,0.6663119867989089,0.040447943,0.9993188,0.5886004673040326,1.0089270694699706,-0.072223775,0.86468023,0.3644978042928122,0.7094064238761176,-0.46017677,0.96244186,0.17491915528760338,0.7935097335071928,-0.6578924,0.7208962,0.5644718454729762,1.1466203882037531,0.120393,0.43451345,0.15706168208271942,0.8495409824353998,-0.67949975,0.6670955,0.5500747605497118,1.1732343584280285,0.13147709,0.2250605,kick
0.623491924546713,0.3276838821772377,-0.3306219,0.99996024,0.6103634429325624,0.29990778902535664,-0.2946928,0.9999489,0.6417598118962211,0.3037640829546084,-0.3095945,0.9999381,0.6017812167562158,0.3120503242386498,-0.07446377,0.99993056,0.6573802361367496,0.3054570228117025,-0.15723994,0.99993396,0.6134631182578412,0.3459832258996618,-0.26014584,0.9999509,0.6447359184601762,0.34421456494053065,-0.2724528,0.9999566,0.5633856626231722,0.42521914877715206,0.028325766,0.99989164,0.707218222505966,0.43960459709993743,-0.06475341,0.9999059,0.4891364045964115,0.5810333585343348,-0.19105496,0.98312384,0.741180802162811,0.6005148715043896,-0.31495595,0.9932342,0.6776956332079919,0.44969562578653083,-0.5859247,0.99031377,0.5763778164178099,0.47260117816908886,-0.5507229,0.98673856,0.5987279730739692,0.7411010538162079,-0.03939628,0.99851876,0.5061175251467367,0.6741526395164095,0.039356742,0.99932617,0.5869284252179371,0.9965391886719934,-0.12921962,0.8715482,0.36851982897488744,0.7070724235241223,-0.37018645,0.96360445,0.18357736798358626,0.8068470755013618,-0.38180354,0.73980945,0.5770309200465237,1.1673405040882971,0.08473883,0.46208498,0.184556807744374,0.8547372292863721,-0.38428158,0.68782306,0.554478987188294,1.183556197925388,0.1004949,0.23905583,kick
0.6181147506668146,0.323573549012873,-0.29439962,0.99996066,0.6111245494077937,0.3030722987732649,-0.2552101,0.9999486,0.6519276686915395,0.2895837418979724,-0.26750034,0.99993837,0.6100412090653867,0.31280535125832826,-0.04260861,0.99993,0.6554130027225098,0.3030945588224973,-0.10710534,0.999936,0.6103744599047237,0.3486812441151531,-0.21962392,0.99995184,0.6431209893073149,0.33083438939680754,-0.23597062,0.9999586,0.5489086436849223,0.42718894785062705,0.04338212,0.9998861,0.7115445480874629,0.4577799511669756,-0.032447018,0.99991417,0.4988989952890759,0.5732202890282142,-0.17668264,0.98282236,0.7500647636695532,0.6063676932237059,-0.28711548,0.99345386,0.6791064168514633,0.4539840470313109,-0.5592858,0.99035066,0.573257671710088,0.4817923152746858,-0.5332725,0.9865613,0.5931306721217429,0.7404369000289628,-0.039060276,0.99860334,0.5068295433018913,0.6778633694124946,0.03902,0.9993038,0.5913416558064131,1.0116805713039159,-0.14518777,0.87828416,0.37691163151634566,0.7032958917414249,-0.36098614,0.9649342,0.19835031127157898,0.826933148973704,-0.28845522,0.7551302,0.5701640880214599,1.1954182685021673,0.08030629,0.49153933,0.1874968128627924,0.8971323779493746,-0.2823262,0.70513713,0.5485247050895381,1.204220556794279,0.09781545,0.253815,kick
0.6204990585664624,0.32008274171847834,-0.24479744,0.9999605,0.611084490533838,0.2898697477521713,-0.20661859,0.9999474,0.6370115323721016,0.3029195734080666,-0.21753614,0.99993753,0.599305683654126,0.3128512719294076,-0.011088535,0.9999272,0.6533175445134836,0.3123399649466332,-0.068929665,0.9999363,0.6160285190981307,0.34873511266788826,-0.17495725,0.99995077,0.6352997596430383,0.33877959965164534,-0.19181357,0.99995947,0.5551570708297935,0.42202630396083085,0.052637078,0.9998727,0.7088988067897084,0.4502039682339582,-0.013202791,0.9999208,0.4905899852896317,0.5759665780602401,-0.15870479,0.98250836,0.7504960886595416,0.5957713321549429,-0.25448123,0.9936627,0.6773563110995738,0.4509689706278431,-0.49779302,0.99043566,0.5805084996264243,0.47665185561470286,-0.48143673,0.9867018,0.5990666520892373,0.7559004708664879,-0.039782576,0.99867225,0.4990138043148423,0.6681779198873232,0.03974002,0.9992624,0.5863787079970793,1.0016488858037418,-0.15979932,0.8872754,0.37200789600512807,0.7066623368774543,-0.27837175,0.9665821,0.2205727042473168,0.8453336339668086,-0.094999805,0.7691793,0.5833114164976934,1.181081575924446,0.08368196,0.52817416,0.22399708472843505,0.9175094789398024,-0.07789142,0.7194467,0.5546920762586627,1.2058911550411844,0.10315581,0.27239856,kick
0.6251353185633945,0.32318837549121415,-0.251561,0.99996203,0.619471710434161,0.2993819634573527,-0.20887253,0.9999492,0.637808191330923,0.3007721772513228,-0.22605631,0.99994,0.5979997372105396,0.3220543231118716,-0.036340572,0.9999291,0.6525209482888573,0.3087995572736257,-0.0802913,0.999939,0.6103948718318023,0.34837817524097336,-0.18593766,0.999953,0.6387927397173354,0.34553339114421877,-0.19698486,0.99996185,0.5607057143969794,0.42953134357049283,0.014519969,0.9998669,0.7123023928800805,0.45060428747240655,-0.039525606,0.999927,0.48812849331461416,0.5752639584815179,-0.1936916,0.9828749,0.7493809166245682,0.6002208175199936,-0.26871926,0.9939364,0.6735651117473835,0.4428927711376305,-0.5253618,0.99055725,0.571927510985702,0.48474928123646294,-0.50408304,0.9870787,0.5940690779059892,0.7471711574972946,-0.03988891,0.9987562,0.5168193138328699,0.68528338498882,0.039813973,0.9992762,0.5985849722227996,1.0072608643050385,-0.15273114,0.896355,0.3752657193618284,0.710296469627796,-0.2929493,0.96856594,0.26146138396810203,0.8855629150303197,-0.059477735,0.78430253,0.5866515435414646,1.195382914719164,0.11332186,0.5636003,0.25518474974819993,0.9342088407754094,-0.036988344,0.7342146,0.5629766535869707,1.2066050274355666,0.13919261,0.2929235,kick
0.623580627286097,0.31057448145638156,-0.27592212,0.99996364,0.6119396899511998,0.30834540639690694,-0.2394151,0.9999517,0.6379552417256563,0.2998207744862888,-0.24650423,0.9999431,0.5890323576157419,0.3117003333665098,-0.06520853,0.9999329,0.6574189718378187,0.317734779408717,-0.09419553,0.99994224,0.6137962126131666,0.3562563007231571,-0.21427163,0.99995625,0.6408616374578414,0.34406120174788724,-0.2212301,0.9999646,0.5471959033233741,0.42841099894647616,-0.015611909,0.9998663,0.7034532488782198,0.4611628312630343,-0.047868926,0.99993247,0.4720952948089494,0.5831523778096632,-0.23232225,0.9833422,0.7393055994866462,0.598446918793424,-0.2984038,0.9942462,0.68246131982893,0.4551988292499031,-0.5537549,0.9906948,0.5665152205445267,0.4863196367152499,-0.5521545,0.98747313,0.5934274568041296,0.7595426715470914,-0.03558334,0.9988245,0.5100012246868785,0.6899988863239657,0.035507172,0.99930114,0.5881889411200183,1.0128638349293217,-0.14050618,0.90368557,0.378100838043934,0.7231718213632445,-0.36654013,0.9705304,0.29690833185801246,0.8994475738464904,-0.1183117,0.79690236,0.5890936270302176,1.1867863069240434,0.16908835,0.5899606,0.29493065172773514,0.9523044860979365,-0.09160221,0.74565333,0.5727106763382596,1.1963757747414248,0.19749305,0.30477813,kick
0.6237941914632461,0.3259995638060834,-0.33020693,0.9999634,0.6102853430179728,0.2993924578743278,-0.2954685,0.999952,0.6310256264139544,0.30747456438536747,-0.3030987,0.9999436,0.5978683074536657,0.31417277636659546,-0.10674916,0.9999336,0.6503664879461721,0.3154545905727218,-0.1471771,0.9999426,0.6197828711912465,0.3557482008948185,-0.2615189,0.99995804,0.632273792868091,0.35381795909237074,-0.27328908,0.99996626,0.5573624439114433,0.4275634921922556,-0.042700853,0.99985963,0.70819306960826,0.4519217611219295,-0.08229755,0.99993485,0.47765919017329694,0.5792893327932838,-0.25794834,0.9836659,0.7417890520155113,0.5986312941441195,-0.3331091,0.99456257,0.6761917016926877,0.4520812206926378,-0.5950476,0.9908928,0.5669497387721115,0.5020350215674807,-0.59479076,0.9878016,0.591762079746349,0.7527012010250809,-0.035295524,0.99887985,0.5084288529210268,0.6870946367968025,0.03521685,0.9993302,0.5814163424059027,1.0136097964342343,-0.14152199,0.9110813,0.3779421819664097,0.7466232777001995,-0.37237734,0.9725123,0.3178252193934009,0.914995214344823,-0.05340317,0.8089129,0.5820734216390033,1.1748615520932033,0.1773236,0.6159828,0.3402246255028849,0.9579073947966595,-0.02141572,0.7548058,0.5677359312852301,1.20184594368779,0.20591322,0.3152047,kick
0.6263609623359419,0.32785075024611127,-0.32798314,0.99996394,0.6066268168648745,0.30907294531971696,-0.2920579,0.99995303,0.6438904053229894,0.31089334451791106,-0.30252317,0.99994475,0.5879016289260048,0.3277204267911977,-0.0951948,0.99993587,0.6491521622185757,0.3087681787509552,-0.14319107,0.99994355,0.6212636856502959,0.3484942059875458,-0.25546974,0.9999602,0.6280655281680814,0.34934806212700137,-0.27187628,0.9999681,0.5408222899701157,0.42719799119249025,-0.02117276,0.99985784,0.7071616578363458,0.4462184244509566,-0.076461315,0.9999369,0.47628438404080076,0.5917970846274375,-0.24786203,0.9838779,0.7369328116851495,0.606752699030992,-0.30799276,0.9948309,0.6712150218500061,0.44886148365115525,-0.5585674,0.99112034,0.5685454797152636,0.49056838940775604,-0.5494788,0.98803604,0.5962182834157196,0.7529450267183346,-0.035170566,0.9989459,0.504522086609519,0.7012654148856087,0.035095904,0.9993739,0.5759640351793238,1.0074664302768184,-0.14211634,0.9182624,0.3800997082881479,0.7659566721063212,-0.40807995,0.9746309,0.3507762948573315,0.9627364974725222,-0.079883896,0.8212259,0.580945373411841,1.167819103345766,0.1932772,0.64217216,0.36378976317259004,0.9886867019636595,-0.047706027,0.7658583,0.5617107691195586,1.1848324827282584,0.22356567,0.33119932,kick
0.6179440254869097,0.3208007193370684,-0.24879536,0.99996454,0.5953402073895763,0.310880435997619,-0.21173134,0.9999536,0.6391843986374695,0.30788283601094996,-0.22106996,0.9999459,0.5828822371697087,0.32311301817971017,-0.025794651,0.9999373,0.6462212240237384,0.31039729400955196,-0.07355662,0.9999448,0.6065160174518047,0.3483689136605605,-0.18219683,0.9999618,0.6233307023630636,0.35180862984007,-0.19669805,0.9999697,0.5551512746769759,0.42934437002229103,0.020846087,0.99985284,0.6974291788741291,0.45561766891308425,-0.022800485,0.9999386,0.47047690721863,0.5782673725388725,-0.17212078,0.98398185,0.7224189503073193,0.6057209847956522,-0.25484946,0.99511033,0.6740221538603516,0.45505169626756853,-0.48367232,0.9913822,0.5619390852950624,0.500078318908383,-0.45636448,0.9882841,0.6044493940237732,0.7551847727115887,-0.034877785,0.9989984,0.49544156255929794,0.6967300444903616,0.034823533,0.9994062,0.5779245484727453,1.0252484612421302,-0.14328538,0.92487335,0.383275248534901,0.7863002732125945,-0.40419444,0.9765835,0.3766150799803286,0.9701090756908959,-0.09004965,0.8315915,0.5714400302706005,1.1511321569098845,0.17607465,0.6654575,0.3977054519433455,1.0232306375215667,-0.06013289,0.7743942,0.5488346630248084,1.1762711100300174,0.20378475,0.3456107,kick
0.6238354472758805,0.3360739903134804,-0.22705598,0.99996483,0.6041742615439838,0.31000774184142516,-0.1909467,0.9999534,0.6294666526483271,0.3087016331251798,-0.19992928,0.99994624,0.5894343480136154,0.3128466829190032,-0.012367478,0.9999379,0.6389965126568564,0.31083811512498777,-0.059272677,0.9999452,0.6152679466483817,0.35136559091816116,-0.16342291,0.9999629,0.6321131230964234,0.34142713132581665,-0.17734687,0.99997103,0.5380438857251943,0.42500811841428404,0.030562079,0.9998504,0.6906531695765208,0.45033090930750835,-0.008639885,0.99993956,0.4730428807936703,0.5791184369445102,-0.14531668,0.98425657,0.7222802471288134,0.5997246481082427,-0.24240859,0.99538475,0.6701497713839377,0.45404563862146824,-0.4629035,0.9916441,0.5581005006032456,0.49808763280371104,-0.41318327,0.98862326,0.5849674358539514,0.7593305943034854,-0.03434571,0.9990098,0.4992134258415172,0.7001009375935963,0.03432963,0.9994154,0.5936614208260635,1.0133959648287536,-0.12919247,0.9303461,0.39236217183017374,0.8006532468977231,-0.40055466,0.9781809,0.3880418219626677,1.001877292363993,-0.09243362,0.83771574,0.5506066992319345,1.170934799720714,0.17142418,0.6847573,0.4187526716566973,1.0429122621515532,-0.063498296,0.7778561,0.54449209700062,1.1789736394256844,0.19679706,0.3570516,kick
0.6116636525646026,0.3261115956308862,-0.2239167,0.9999648,0.5909912264602278,0.31262706482217123,-0.18768226,0.99995285,0.6354141099029389,0.29758828745020993,-0.1959498,0.9999462,0.5825179524144577,0.3190699141118278,-0.0076576867,0.99993855,0.6375472884825311,0.30919604598642253,-0.05156395,0.9999452,0.6030830885806047,0.35786398549003606,-0.15959677,0.999964,0.6211396196786443,0.3513995255087287,-0.17265847,0.99997216,0.5402497862950937,0.4236068355864427,0.040574607,0.9998443,0.7009740159289464,0.4479184113449846,-0.00074546144,0.9999382,0.4750313927580452,0.5815177869025598,-0.13853978,0.9844483,0.7129663448750743,0.6034446653009757,-0.24026275,0.99560416,0.668743057578582,0.44190686492762987,-0.471289,0.9917864,0.5455435905441685,0.4965056919152464,-0.41672358,0.988759,0.6021788055859224,0.7668767879251894,-0.033763595,0.99895525,0.5059530526620376,0.7066790564483243,0.033790957,0.999404,0.5754331259915195,1.0233604734445914,-0.124755636,0.93362033,0.4000029046111224,0.8251747736922348,-0.45373473,0.97906876,0.39320865986529097,1.0352341922787647,-0.12749186,0.83635944,0.5619498360845916,1.1726469631575334,0.13657017,0.6927827,0.4133261503678346,1.0612714364653255,-0.07228483,0.7747917,0.5451805419775799,1.188721982813643,0.15582104,0.35659245,kick
0.6112438564664278,0.32483810888368597,-0.20814137,0.9999633,0.5957280536537828,0.3002143800252446,-0.1725747,0.9999497,0.629787887447119,0.3088979658081154,-0.17949921,0.99994373,0.5783873291923147,0.3243657384888231,0.004468915,0.999936,0.6444591201450047,0.31144174238286604,-0.033337764,0.9999435,0.5989684653897536,0.3546539927364958,-0.14476071,0.9999638,0.6244688809018129,0.34527367154207655,-0.15602383,0.9999724,0.5355544444757195,0.434167443200723,0.054793306,0.9998337,0.6960943486302679,0.4521900025756337,0.01725074,0.9999357,0.46334280312198906,0.5763468982099506,-0.13201687,0.98471326,0.7058161979158699,0.6022421191008283,-0.21980464,0.99578255,0.6673502696497919,0.4540410695579656,-0.4526102,0.9918327,0.5370630891831156,0.5015840514390555,-0.41189876,0.9889432,0.593599403009369,0.7650741193667815,-0.031018058,0.9988942,0.5031488823692865,0.707779579054179,0.031135956,0.99939126,0.5703486489946544,1.0222352086739934,-0.12263362,0.936287,0.4006742674784626,0.8408996535704423,-0.44591027,0.979721,0.39841686251380504,1.0425019199902854,-0.13548589,0.8322575,0.5494209580981659,1.18762937929875,0.13973656,0.69086397,0.4115878239126163,1.0989970827726947,-0.08778575,0.76809436,0.5448052247947861,1.1977200957411451,0.1588,0.3515078,kick
0.6148156320763776,0.32734918993282414,-0.214448,0.9999559,0.5878706330785402,0.3059012036147106,-0.1793457,0.9999389,0.6287795742926297,0.3059618995808896,-0.18512677,0.9999344,0.5774581702987505,0.3215177102188916,0.0007265549,0.99992526,0.6357642729171067,0.3059826641249356,-0.03161145,0.9999347,0.5901929992769306,0.3463331041416369,-0.14940761,0.999959,0.6218784628785798,0.3454988565088644,-0.15911974,0.9999694,0.5353888657399992,0.4307307627944466,0.056796182,0.999804,0.6808041685872899,0.4459351830548051,0.02408045,0.9999186,0.46529402845069046,0.5809479501558786,-0.14686604,0.9850665,0.7068779384864798,0.6040468881687752,-0.22878096,0.9958282,0.6573863354843688,0.4481598902334082,-0.47775173,0.99163914,0.5500259787296321,0.5046396622081627,-0.44044524,0.9889512,0.5906445378041364,0.7686281534011632,-0.024932688,0.99860865,0.4941825830348642,0.7211045429707252,0.02518495,0.99930775,0.581003538959642,1.0243868229092319,-0.10465491,0.9354012,0.41833244693364446,0.8696336842739323,-0.43491977,0.97879755,0.4167293288623871,1.0714121512828871,-0.1542046,0.8191884,0.5557142643316116,1.1941183069931365,0.13583922,0.6788039,0.41517882365519,1.1366362266843055,-0.124221995,0.753104,0.5573130098635577,1.2185675282536086,0.15288073,0.34383258,kick
0.6115806350842217,0.33039000389736356,-0.1965684,0.9999533,0.5867368527151446,0.30833987538546886,-0.16105081,0.9999352,0.6172687796538596,0.3034614733340119,-0.16788636,0.9999319,0.579899842192256,0.32619727941059085,0.02084161,0.9999218,0.6285254880938956,0.316976629219272,-0.017084986,0.99993414,0.5856780805708408,0.3534395997904113,-0.13055761,0.99995816,0.6141349807838585,0.3363144415832226,-0.14177135,0.99996907,0.5309608946867967,0.43975377780151564,0.07951231,0.99979794,0.6760496872172739,0.4532170230124343,0.04473294,0.99991053,0.4657363740340419,0.5849099129587039,-0.11824316,0.9853715,0.6930599586429114,0.5952365385935722,-0.1992567,0.9958626,0.6533718761281152,0.4439932385978581,-0.4515919,0.9915307,0.5386566241645606,0.4952109438461,-0.40446314,0.9890996,0.5873609254202505,0.7625328173318097,-0.0209422,0.99839723,0.4887380690282753,0.7210798112243357,0.02132876,0.99925447,0.5727073667784262,1.026048392106499,-0.07705593,0.932897,0.42158335128726665,0.8962256699365622,-0.3872737,0.9773219,0.42024643595568234,1.0941474252090004,-0.15808225,0.8022715,0.5617480787907112,1.2006994719862094,0.1876653,0.6536329,0.4117199053989309,1.174765163612747,-0.13641514,0.7327863,0.5538255298272419,1.2333535277009389,0.207342,0.32939053,kick
0.6097203468823564,0.3334445002697112,-0.16854382,0.99995214,0.582025066430064,0.30752722616027967,-0.13431223,0.99993324,0.609069026015434,0.29905389018231143,-0.13994972,0.9999314,0.5747173593048782,0.317717745535653,0.038297143,0.9999195,0.6283750486523418,0.31365979542391037,0.0058290353,0.9999345,0.5889609488519085,0.3571309765119243,-0.106386304,0.9999554,0.6153199112807688,0.35105389045780233,-0.11591871,0.9999672,0.5290720493711216,0.4368731968345335,0.08408225,0.99979305,0.6766386174377905,0.4524584233315291,0.059051745,0.9999034,0.4619662704678713,0.5837496499714409,-0.1073091,0.9862271,0.6943146544416048,0.6064978150925703,-0.18175709,0.99597436,0.6378935432615939,0.45601209826160866,-0.42052397,0.9917612,0.5354113163045324,0.4885553444409032,-0.35864732,0.98962367,0.5926025081575301,0.7709079697798992,-0.015781626,0.99825543,0.4996829019499168,0.7295703419415335,0.016280603,0.99920714,0.5746212468497203,1.0248773126081234,-0.059862066,0.93080795,0.4239498524476635,0.9144231114092118,-0.32289,0.97519946,0.4003799733630128,1.1542248620520505,-0.15038434,0.7712845,0.5654692502846315,1.216869193579171,0.1804316,0.62065077,0.4076500702169462,1.192506873403475,-0.13610658,0.7005159,0.5515858319404938,1.2402223735063673,0.1991125,0.31437168,kick
0.6033447095736901,0.32083011127774697,-0.17378117,0.9999509,0.5805201010476315,0.30998918964831007,-0.13952875,0.999931,0.6046868665319768,0.30480406744488253,-0.14497599,0.9999307,0.5721920140767223,0.3247422021770759,0.038789086,0.9999173,0.619146050832758,0.3129040880224234,0.007875913,0.999936,0.5854685221686942,0.34865906719530304,-0.10892912,0.99995327,0.6081851439584405,0.35850751582777535,-0.11818738,0.999966,0.5234537519413217,0.43345061904991666,0.09464446,0.999791,0.672153978180084,0.453419716599274,0.06541083,0.9999025,0.45854165635652744,0.5767699695292268,-0.10511937,0.98691416,0.6968684298626056,0.5948078112896886,-0.16905786,0.99609643,0.6327074262060446,0.453095833986799,-0.40067515,0.99200416,0.5393251204769375,0.48459307105993416,-0.37531185,0.9899937,0.5753615574689157,0.7741693266286062,-0.014890823,0.9981922,0.49887258905064347,0.7363555023015632,0.0154137295,0.9991676,0.5747228012674543,1.0376785905971433,-0.055546053,0.9297747,0.4200031601183808,0.9374030165412599,-0.28420714,0.9725518,0.4041253127263118,1.1874948784045367,-0.13151935,0.7411255,0.5654135278569927,1.2222367125451103,0.18322358,0.5924202,0.40571446593871474,1.2241379171240743,-0.12204437,0.6645456,0.5488794979315792,1.244560344013007,0.20065716,0.29906407,kick
0.588592170367282,0.330285631582459,-0.1271964,0.9999445,0.578572938858453,0.3088038921901937,-0.09294318,0.9999215,0.6120407305878421,0.312880846212096,-0.10009582,0.9999242,0.5574790124967143,0.3235912174933687,0.07900394,0.9999047,0.6325570514455867,0.3181755398134697,0.04119452,0.9999343,0.5786250205320216,0.3563909298099018,-0.064534806,0.9999414,0.6010155525664698,0.34850537999828035,-0.0757873,0.99995893,0.5199670472080569,0.4397521195275804,0.12847821,0.9997809,0.6688186607846709,0.45290127267382446,0.09041042,0.9998959,0.4600687385014621,0.5790603612124666,-0.060855437,0.9874838,0.7056297931682132,0.60131390976104,-0.120370544,0.9961414,0.6359662237179295,0.4494484775878689,-0.30801255,0.9921992,0.5250166465724233,0.48463474458040096,-0.29442772,0.99030936,0.594469786249396,0.77266235083806,-0.014602931,0.9982149,0.49109311685467794,0.7351883924301484,0.015111873,0.9991559,0.5840420388720536,1.0434673265446957,-0.047889136,0.92948365,0.4254326294627718,0.957292080665725,-0.19565877,0.9708925,0.39639794998385547,1.2032154577615213,-0.040706232,0.718028,0.5570161953717232,1.2331941089673475,0.20517492,0.570412,0.39330540274501147,1.229618417022779,-0.03213322,0.62620425,0.5567766697794401,1.253537504386946,0.22380698,0.28443694,kick
0.5674860991396833,0.3380683659816822,-0.14429112,0.9999213,0.5544722628617171,0.31152146231157557,-0.109299384,0.9998919,0.589322016533798,0.3055947189893223,-0.114669695,0.9998951,0.5505696601572087,0.30981313283421025,0.06742515,0.99987084,0.6064827114620507,0.3097643841540311,0.038185786,0.9999215,0.5632651912690735,0.34484559972546386,-0.08022888,0.9999061,0.5817555478897835,0.3437459754033315,-0.08919319,0.99993575,0.500074427892425,0.43623848920004893,0.12359408,0.9997429,0.6549109713901691,0.4386914862133177,0.10182075,0.9998698,0.44574639754621737,0.5898668698623677,-0.058440037,0.9879566,0.6732798355964725,0.6083950216327164,-0.10647484,0.99616194,0.6005369403932261,0.45065676417392164,-0.2957464,0.9922765,0.5031949874455666,0.4839986490112914,-0.27447864,0.99054307,0.5723622222900526,0.7628453428424095,-0.010164343,0.9982025,0.48236053770924914,0.7463658778035959,0.010646437,0.9991203,0.5904902165259638,1.0505106054069198,-0.048908822,0.92862606,0.44913723439333186,0.9905630067585156,-0.13475493,0.9671921,0.39956871930236515,1.2164838567121887,0.07278154,0.68653715,0.5533323403191875,1.2562922120161633,0.21593893,0.54528683,0.391984047644364,1.2480358370438058,0.08662589,0.58203304,0.551179612506912,1.261533268110187,0.23593149,0.26893976,idle
0.5654495650145345,0.32275030432583135,-0.15105316,0.9999032,0.5481376379290523,0.30230164139077653,-0.11593078,0.99987227,0.5860487131169724,0.30480736129241487,-0.12079088,0.99987537,0.5328290964845304,0.31793099311031847,0.062380087,0.9998452,0.5980436494635082,0.3226677628346077,0.035699733,0.99991554,0.5552267711091093,0.34732559599865465,-0.08658117,0.9998789,0.578471258436944,0.3502271818658405,-0.094720945,0.99991834,0.4863709492664575,0.4355690443880999,0.1245016,0.99970645,0.6485215475634962,0.44444377371194504,0.09430002,0.9998432,0.4509009883993996,0.5957361755503001,-0.06897117,0.9885422,0.6722947938317039,0.6063695065486826,-0.11520388,0.9963715,0.6071003581436323,0.4554841122693948,-0.2946334,0.9926351,0.5025446050658657,0.4813149949830169,-0.30302685,0.99103063,0.572480329302148,0.7672579599918943,-0.011554989,0.9982913,0.4828331302713309,0.7400553016389807,0.012001896,0.9991503,0.5838890894175606,1.0518494691087785,-0.058695972,0.9272853,0.45764125298661684,1.0050369891563529,-0.12984315,0.961756,0.39972296573921506,1.2272450512810082,0.0909813,0.6462815,0.5577200419651746,1.2482694471006346,0.22056107,0.5122756,0.39820711113224716,1.2625183584011588,0.10603608,0.5389896,0.5544194383952874,1.27218217845889,0.24257705,0.250691,idle
0.5480321102293053,0.33249108958887047,-0.13179635,0.99988836,0.5398640876265757,0.3100099287596829,-0.09642065,0.99985737,0.5707248955419266,0.303487421706111,-0.101785466,0.9998617,0.5267323145180776,0.3222681732365822,0.07979104,0.99982554,0.5909939445956918,0.31419874390060293,0.05165596,0.9999126,0.5504757332843062,0.33860339874117057,-0.06805493,0.999855,0.5669928027390527,0.34657779208777834,-0.07644759,0.9999032,0.4779520267993864,0.44755726086370656,0.1436066,0.9996752,0.6407016839341781,0.44920292817451474,0.09956787,0.99982065,0.4355316340796248,0.6005657634363702,-0.048188515,0.98907197,0.6710388923877528,0.6051359061573997,-0.102633074,0.99653214,0.6064236355395121,0.45731604443142687,-0.27065986,0.9928878,0.493116793951606,0.47778762058587043,-0.26715776,0.99141014,0.5682232335656772,0.7605019308004032,-0.012190914,0.9983708,0.47618451876982504,0.7475153533863051,0.012577759,0.99917686,0.5842510591274626,1.0570564887173954,-0.06244857,0.9263854,0.4496256067224186,0.9935975032253473,-0.11821206,0.9584133,0.4020772334871541,1.2371732940535924,0.09505524,0.61493665,0.5583714173119538,1.2408874672921102,0.23562098,0.48184046,0.40683213874276514,1.2550692087942459,0.10968395,0.5038411,0.5600257603563044,1.2648544189094124,0.2602274,0.2346262,idle
0.5484936622214032,0.32744576255625485,-0.14185438,0.99988604,0.5229155487935878,0.3057527189424706,-0.10779955,0.99985635,0.5596473978517829,0.30331560587783146,-0.11267557,0.9998614,0.5123874691162399,0.31981279552590297,0.067501806,0.99982464,0.5793225111837788,0.31724529714441024,0.040824834,0.9999151,0.5286956147534382,0.34265363929058595,-0.07816888,0.99984884,0.5520827282200598,0.34583521205044454,-0.08599787,0.9998992,0.4764957748477906,0.4351143046366889,0.13191396,0.9996645,0.6206174697434954,0.4528514886427347,0.09067949,0.99980634,0.4198797789733856,0.5921220054808115,-0.061980344,0.98981214,0.6580324885320108,0.6012835768821555,-0.117920816,0.9967219,0.5953440212887142,0.44885165287024603,-0.30244416,0.99324006,0.49361468573084444,0.475531184634015,-0.29116935,0.9920034,0.5639156079807628,0.7639099120906897,-0.012934302,0.99846035,0.47753608861823704,0.7496269645514573,0.013302175,0.99921256,0.5807111734542804,1.0471137510644957,-0.061481606,0.924652,0.4483883643215004,1.0151848622655695,-0.13056926,0.9544687,0.40567630747772965,1.2386378211696407,0.08635054,0.5794253,0.5631990322972336,1.2398187372246636,0.22089939,0.45292446,0.4175782693854151,1.2639579145056774,0.10124574,0.47170767,0.5545803775196665,1.261905186004802,0.24354391,0.22064652,idle
0.5316536101396656,0.329536176398592,-0.12728903,0.9998741,0.5232608139470375,0.30186725724687274,-0.094783954,0.99984235,0.5528740746020615,0.30548090638166014,-0.09968484,0.9998524,0.5111633256412698,0.31454610910672665,0.07452269,0.99980617,0.5702550181155422,0.3250082013653327,0.04862979,0.9999136,0.5351044468045708,0.3485098246132295,-0.06507074,0.9998185,0.5551269037080966,0.34960651961908146,-0.07274108,0.99987984,0.46841900085844035,0.42696692834133243,0.13359508,0.9996266,0.6197701044950373,0.4439535209921166,0.088560715,0.99978924,0.4196719108238982,0.591702440040601,-0.065136395,0.9904321,0.6609994415188285,0.6026252685083969,-0.11644361,0.9969187,0.5892155296003909,0.4542480342056267,-0.28518417,0.99369776,0.4852531617168724,0.47456913680070445,-0.29335117,0.99248385,0.5492521554353722,0.762002578158074,-0.0130958315,0.9985626,0.46452013362319744,0.7578071297542197,0.013426283,0.99925363,0.5790295407168785,1.0597944878828758,-0.06109032,0.9245428,0.44904175997590545,1.0294744643198135,-0.11516769,0.95147246,0.41887403097746545,1.246382225694791,0.11488327,0.54142374,0.5661175654911832,1.2511292182180465,0.21697254,0.42464525,0.42013694737573926,1.2776287877760317,0.13128875,0.43688917,0.5603050136790093,1.2782774492614857,0.24045245,0.20629545,idle
0.5238195126583471,0.33270164530602897,-0.1308504,0.9998656,0.5236554633617918,0.2994401941062687,-0.098312244,0.99983364,0.5439382208534971,0.3042476036119017,-0.10186571,0.99984527,0.5002510763305088,0.3227478375826038,0.070861965,0.9997956,0.5651500577867525,0.31073097237510067,0.05190437,0.999913,0.5174323256549151,0.35739847607400244,-0.06886112,0.9997962,0.5498135856066104,0.3462392017382648,-0.07462391,0.99986476,0.4529804259998851,0.43030666320576494,0.12965597,0.99959314,0.6061616397182403,0.4543252781121967,0.09334841,0.9997734,0.4047461458618812,0.5890059058823753,-0.071482286,0.99107367,0.6486009325272772,0.5985922081772109,-0.11253343,0.997114,0.5770604505232161,0.4524554620907858,-0.2839206,0.9940613,0.47657438364850746,0.4702022336209623,-0.3022903,0.9929694,0.5512662508468467,0.7857454713579708,-0.013226348,0.9986546,0.45819170754559957,0.7643250846238099,0.013591456,0.99928546,0.5750215924411872,1.0678063049419249,-0.06682226,0.9269004,0.4443158993034171,1.0214699167978103,-0.10134766,0.9509714,0.4136512935384027,1.2610297188451545,0.14440054,0.518291,0.5605361503477388,1.2674471058775987,0.19480167,0.40730354,0.4161814175048373,1.286822961933468,0.16180827,0.409648,0.571241481395852,1.2924800868415685,0.21495612,0.19636899,idle
0.5190081540480678,0.3230060169101541,-0.13920262,0.9998622,0.5132402986400753,0.30947516415884513,-0.10593949,0.9998335,0.5439308531175722,0.3095984976864404,-0.110151544,0.99984455,0.4934092714907956,0.3183168805713586,0.06600702,0.9997989,0.5529274524610389,0.3060221786600945,0.04667071,0.99991536,0.5129919677647323,0.34239649244329023,-0.07632215,0.999786,0.5299946580949249,0.3556062521581994,-0.083274335,0.9998536,0.4489373426782365,0.4405260220859409,0.12504198,0.99957764,0.6081599325652018,0.4443063334114763,0.09010823,0.999758,0.40902306380688336,0.5946019665282214,-0.08301006,0.99180514,0.6412782038169278,0.6010360011497782,-0.12189128,0.99733025,0.5702147340820332,0.4474563456099618,-0.3051458,0.9945297,0.4755219219341492,0.4590443507966825,-0.30930257,0.9935296,0.5378803420888081,0.7723705669650178,-0.0132687185,0.99875534,0.4609406363727365,0.7587271313731185,0.013691808,0.99933165,0.583968816886951,1.0624869231534346,-0.055956043,0.9286624,0.4438194578053879,1.031574082195966,-0.092858896,0.949583,0.4137000974226466,1.2654781106419632,0.13549466,0.48168215,0.5697350562760088,1.265481254456155,0.21952388,0.37847003,0.4201216821090956,1.297266624296668,0.15089668,0.37893462,0.5621099419484171,1.2728279740561885,0.24084762,0.18359423,idle
0.5137894938782568,0.3308751712696485,-0.11311219,0.9998611,0.5034667139443555,0.31168147420032266,-0.07747424,0.99983597,0.5206190762591911,0.30775917746946246,-0.08038249,0.99984574,0.48962342742788056,0.32257610958643734,0.09429358,0.9998047,0.5442868463389369,0.3128378236270962,0.07962431,0.9999186,0.5068757309275622,0.3479474556434765,-0.05139311,0.9997715,0.5334544965439004,0.3484713452431444,-0.05608921,0.99983877,0.44007073529829255,0.4402154481542261,0.1423572,0.9995767,0.5895160619460429,0.452977405041074,0.11564764,0.999749,0.39375723524524653,0.5951318557413534,-0.075615,0.9925341,0.6301321848795007,0.6082531107095271,-0.089483306,0.997549,0.5662207969074122,0.44544373881318444,-0.2489032,0.99500227,0.4724886588432572,0.461626835133507,-0.28508112,0.9940957,0.542312819618689,0.7727064134896047,-0.013320075,0.99886596,0.45030559256906577,0.7707941958697971,0.013781069,0.99938935,0.5713367737496156,1.0651805563020946,-0.05696941,0.93070316,0.43332785202246915,1.0452503388865135,-0.087616056,0.9480015,0.41913624975682084,1.270851979412912,0.17506355,0.44302282,0.5585648832423198,1.2658993096865263,0.2205694,0.34911647,0.4156762418733212,1.3039707676900028,0.19471954,0.3477933,0.5647802997170703,1.2864707184954292,0.24314937,0.17023756,idle
0.512918538659896,0.3293350728820131,-0.10460912,0.9998576,0.4990267244079858,0.3041455065695505,-0.070478156,0.9998343,0.5244292563359723,0.3056575722303958,-0.073089994,0.9998432,0.4901763008863689,0.31165401191051556,0.09384911,0.9998035,0.5511376861828446,0.31250530872026955,0.07980435,0.999919,0.5060325347828815,0.3588062877684741,-0.04563797,0.9997506,0.525107801649557,0.3432051416603171,-0.049832977,0.9998186,0.4487169358717128,0.4429071030547161,0.14045374,0.9995732,0.596853579915459,0.45256155305037105,0.10730225,0.9997345,0.3921026814285338,0.5921972493523409,-0.061687123,0.99314404,0.6283931050947478,0.5997039683454054,-0.099056005,0.9977104,0.5689670831163003,0.4498958522879604,-0.25081885,0.99537855,0.4726976106746501,0.46502463024852997,-0.24118769,0.99457866,0.5379182390344801,0.7765217931379698,-0.013935464,0.99895686,0.4475557860033982,0.7754494088733961,0.014400974,0.9994348,0.567222369623864,1.0678287899687788,-0.059057318,0.9314456,0.4346217859897823,1.0383462931101917,-0.07368669,0.94591707,0.40813091953825764,1.278939393745015,0.17383775,0.41420698,0.5714322478477785,1.269571161866941,0.20377083,0.32617784,0.41616811195513714,1.3173674328091705,0.19167592,0.3222652,0.5719556811848666,1.2990610463415235,0.22460957,0.15874766,idle
0.5077998511992112,0.32566054120287863,-0.1143442,0.9998643,0.49887454151684485,0.31801424439294235,-0.081146635,0.9998436,0.5233419867612572,0.3057346048852433,-0.08274476,0.9998511,0.47634926060714833,0.32765733025227683,0.08763974,0.99981385,0.5438879192250761,0.3059002468873055,0.07161638,0.9999237,0.5002225711078991,0.3549146756264096,-0.055749923,0.9997502,0.5237171110304253,0.3530481212481986,-0.05901279,0.99981374,0.4213894033451622,0.4450259754429779,0.13184243,0.9995805,0.5776118035457006,0.4477475563124342,0.09820567,0.99973,0.39190700063156403,0.6023865724205106,-0.06853909,0.9937835,0.6182498901241569,0.5999627790478251,-0.105396405,0.99791014,0.557312549891589,0.4580120138443296,-0.26727942,0.995802,0.4693766859652915,0.4525592279868809,-0.26502162,0.99508315,0.5394771118062245,0.7880014364269939,-0.017754495,0.99905235,0.4370670486969559,0.7692307624175354,0.018315913,0.9994855,0.5751532348316936,1.070033938097611,-0.06344407,0.93154186,0.4359955661630305,1.0429505021727203,-0.06946663,0.94055456,0.40966078601754796,1.2935548569625492,0.18209317,0.37789348,0.5607358308873274,1.2846645605576945,0.1610186,0.29789424,0.41466494791091135,1.3307539269010773,0.20046124,0.2949244,0.5719465471288713,1.3158343530220802,0.17797078,0.14508884,idle
0.4907384488249189,0.33499524148466764,-0.11458979,0.99986666,0.4770946970336989,0.30372275715828734,-0.08111585,0.9998478,0.5002790095825286,0.3008356474506506,-0.08269797,0.9998547,0.463469166703409,0.31632713500185744,0.08337681,0.99981666,0.5172436645025804,0.3147319137954171,0.070557125,0.99992585,0.48404044670498403,0.34786945007086895,-0.05699144,0.99972755,0.5078280543815338,0.35328258449459704,-0.060101904,0.9997907,0.4156414186536177,0.44369976084846724,0.13072412,0.999581,0.5731422015695193,0.44828441109686323,0.09594667,0.9997231,0.3798146695519915,0.5913994497724572,-0.07490878,0.9943646,0.6044783568267411,0.6107628247515644,-0.10876413,0.998095,0.5427534483032125,0.4540735061088722,-0.26134542,0.9962028,0.4605168622932436,0.4451408394287973,-0.27445185,0.9955518,0.5313131004786558,0.7850794542169325,-0.020616045,0.99914205,0.4326901762885924,0.7770578584659291,0.021372054,0.9995337,0.5543157516397447,1.0596548609462915,-0.04898018,0.9225968,0.4440863036123801,1.0469442501182278,-0.069100596,0.92093414,0.41338832933725733,1.2864830576577295,0.17215675,0.34082595,0.5709632629543849,1.284194868131048,0.16361016,0.26891088,0.41234132023936987,1.326474084835566,0.18997654,0.26646703,0.5647618395201586,1.3123605654838333,0.18155201,0.13120934,idle
0.4822540536769224,0.3275442847057428,-0.11025073,0.99987227,0.4590763164769479,0.306944478611344,-0.07755394,0.9998564,0.49323808796287505,0.3022085555623611,-0.07998861,0.9998621,0.45257593569326415,0.32474600022553973,0.08307141,0.9998266,0.5140990021975023,0.3064049743521462,0.06870219,0.99993014,0.481051863753326,0.3463270525798287,-0.05331397,0.9997244,0.49130544246412156,0.35913140297592755,-0.057337902,0.9997827,0.41607260823407943,0.4406014298955044,0.13023874,0.9995903,0.5587074149090447,0.4410565822512135,0.09342517,0.99971485,0.3760707183203619,0.6009627712005953,-0.07290147,0.9948904,0.596314223559727,0.5997114637783691,-0.11184591,0.99825436,0.5322142143856893,0.463029620464458,-0.27038258,0.9965635,0.44609720321589585,0.4569247932116708,-0.27281868,0.99597806,0.5284236231233437,0.7722454965962396,-0.025284395,0.9992245,0.4334928187881768,0.7837630470824375,0.026074361,0.9995782,0.5458966639831895,1.056653284404374,-0.04892087,0.9216853,0.42785542060199544,1.0445289114621723,-0.04984677,0.9151471,0.39827687991878924,1.2980748175436259,0.18221822,0.30807316,0.5697708331299562,1.274043376689669,0.18032958,0.24315156,0.4059521239501882,1.3356667412841199,0.19899091,0.24124765,0.5656202260436138,1.3125214785642367,0.19998725,0.11884009,idle
0.4732648761484075,0.3261537855090944,-0.10587408,0.9998756,0.46322074257245416,0.3100593930938869,-0.07336852,0.99986255,0.4946671857365006,0.3068280554884148,-0.07716279,0.99986696,0.45329909978767224,0.3145991786106402,0.08591448,0.9998339,0.5114099573594922,0.31007441485431186,0.06665074,0.9999333,0.46377007348762944,0.34738887806950436,-0.048809223,0.99971807,0.48119331137552535,0.3437792437267453,-0.054804944,0.9997737,0.4118857717205918,0.44944754063285575,0.13452274,0.9995923,0.5614549759831383,0.4552233065909813,0.09067638,0.9997019,0.3697842715045745,0.5961747435691788,-0.06572203,0.9953473,0.6041348836064542,0.5944956934112611,-0.11549884,0.99838513,0.5325359052642554,0.45573196289105977,-0.27542084,0.99688417,0.43697646856728334,0.45732470431780387,-0.26095396,0.9963531,0.5212379954987381,0.7872908914100457,-0.027098712,0.9992966,0.4300392851164302,0.7888987526687452,0.02782922,0.9996169,0.5358407229229291,1.0563452589308178,-0.047764074,0.9222173,0.4239042736783857,1.0450693442695398,-0.051650792,0.91256684,0.40415625400249855,1.2962019102843048,0.19480321,0.27932355,0.5576008459043906,1.2797208655902335,0.18615578,0.22095937,0.4044458514398529,1.3208550768555554,0.2131433,0.21920216,0.5600014970564622,1.3067997722102258,0.2059507,0.108275205,idle
0.4707450204033744,0.3361909514358508,-0.10920207,0.9998778,0.4573883341945527,0.3114300362634935,-0.073846884,0.9998674,0.48410276061024304,0.30075868035358555,-0.07735883,0.9998711,0.4414004040123255,0.3184359263575407,0.080332145,0.9998393,0.5021141651752987,0.3081781778207403,0.060480636,0.99993616,0.4608680045400091,0.3481602621753703,-0.050759774,0.99970394,0.48695537086774754,0.348475249053591,-0.056543667,0.99975926,0.3962699317245043,0.44724029585135455,0.13359906,0.99958134,0.5554332323189015,0.4563998219240585,0.07786783,0.9996941,0.3597957322062616,0.5992941198814141,-0.074384876,0.9957707,0.578860755071937,0.6060814933356127,-0.13498294,0.99850434,0.5251744195613485,0.45558281056748595,-0.30212653,0.99716985,0.440404129888604,0.4606890023050431,-0.28089985,0.996693,0.507447566978972,0.778021932842697,-0.028510159,0.9993612,0.42888836800825236,0.7886143116914873,0.029188687,0.99965096,0.5338059305716709,1.052577217727466,-0.058554698,0.9247558,0.42160333305117115,1.0437202644708465,-0.039965212,0.91337544,0.40730343837706884,1.2899410553385284,0.2092756,0.25398064,0.5669761696995768,1.2739117061307312,0.18316665,0.20103998,0.41617094358992246,1.326492442309488,0.22808728,0.20002593,0.567922903047352,1.3130305133562596,0.20354888,0.09905484,idle
0.47069317522893694,0.3368563299813796,-0.112336196,0.99988246,0.4452143483201575,0.30819056494328206,-0.076442644,0.9998738,0.47846044700083135,0.2902232024514389,-0.08064494,0.9998769,0.44014117626648286,0.3196838580196566,0.07365905,0.99984604,0.5066120592673364,0.3141918500334618,0.05811984,0.99993956,0.4627642555982747,0.3582706051956938,-0.053270303,0.9997078,0.48757647418754135,0.350803116352025,-0.059246965,0.9997605,0.4134635191596481,0.4510830856828618,0.13253056,0.99957573,0.5555972416933839,0.4444328050162505,0.07075346,0.9996895,0.36673415949813104,0.6032682362531845,-0.07183857,0.9961078,0.5871992316662895,0.6116061265451285,-0.14166205,0.9985919,0.5259211154079646,0.4504326818624929,-0.3137727,0.9974209,0.42689178058026755,0.45193315790405997,-0.27840516,0.99698323,0.5275050193687328,0.7736986493146687,-0.030166214,0.9994186,0.4287187092651934,0.7891556769366748,0.030792326,0.99968123,0.5401892135508608,1.0409422628540448,-0.058998443,0.9259239,0.41946559555813356,1.043772753950422,-0.040738232,0.9115746,0.4182048731882012,1.2838635057756957,0.18889216,0.23190011,0.5593506764663994,1.273319806065266,0.17001133,0.18363038,0.40789134420794426,1.3130268775346559,0.2057991,0.18297563,0.5598530316723906,1.2998564027461192,0.18889332,0.09045928,idle
0.46652912931829627,0.3307052302213108,-0.114056095,0.99988174,0.4481248255123813,0.3119653427260876,-0.07916267,0.99987423,0.4776499478423195,0.30374383748456835,-0.0831881,0.9998764,0.4340972041656692,0.3227629530244056,0.07366952,0.99984604,0.48394538618511895,0.29899097248474377,0.058386795,0.9999396,0.4651158898740788,0.3573646204578716,-0.05509544,0.9997,0.47596362211953536,0.34629757140062134,-0.060750715,0.9997504,0.39333813715704524,0.445923771149579,0.13167277,0.9995655,0.5451802452997563,0.43838950904906915,0.071436,0.99967575,0.36927840561309644,0.6073818727057189,-0.078426346,0.9963737,0.58302972348152,0.5986234862381585,-0.1411709,0.99864435,0.5208151227636242,0.46011496466061963,-0.31017146,0.99764085,0.4272693197592662,0.4546470317836975,-0.2978397,0.9972242,0.5099527427441137,0.7773738606469458,-0.029934267,0.99946654,0.41890484420643737,0.7785437588588147,0.030557582,0.99970675,0.5406379319811229,1.0446785609302258,-0.05684223,0.9192316,0.42690814579869474,1.0363164175665858,-0.04935078,0.8978962,0.4016751685442326,1.291463962497281,0.18813893,0.21009843,0.5484429059332315,1.2690557701134606,0.17406425,0.16686021,0.4072975239729598,1.3208578065127317,0.20564047,0.16613671,0.5548103952361247,1.3028058675191803,0.19363834,0.082315534,idle
0.4647381907520576,0.330740110837829,-0.11404375,0.99988055,0.44621662282933083,0.30533218157540043,-0.08092583,0.99987483,0.48559521043907583,0.28524107551201283,-0.084568344,0.99987584,0.4294250286170286,0.3243392176978855,0.07438319,0.99984723,0.4965792425095813,0.30255818561244674,0.059262026,0.9999401,0.4622108280128856,0.3540435012265042,-0.054846823,0.99969274,0.48750783013559995,0.34125388573951604,-0.060062163,0.99974114,0.39299026432391104,0.4410149607294935,0.13878171,0.9995606,0.5471176694369364,0.4388517979067178,0.072661705,0.9996674,0.3631051798924002,0.5934112975405498,-0.06965165,0.9966333,0.5877246115611328,0.6078624585007721,-0.1400324,0.9986967,0.517863084900544,0.46316166452507157,-0.31509733,0.9978412,0.42595677689998757,0.45461900650626863,-0.2893931,0.9974454,0.528089314364677,0.7804563009598149,-0.032454003,0.9995112,0.42137868247115606,0.7854795595075055,0.033075422,0.9997307,0.5234654064937162,1.0416048084250304,-0.05951504,0.9122595,0.42346724463545493,1.0387388783238902,-0.056995492,0.8857423,0.4115032206004914,1.2900528956474544,0.18896005,0.19042711,0.5467186854403414,1.268172479148264,0.17568721,0.15185185,0.41355590516248475,1.3304925389315212,0.20770769,0.15106975,0.5455157711549482,1.2962904428860578,0.19511274,0.07510177,idle
0.47441348895648805,0.3324583203521245,-0.10778829,0.99988455,0.4529554908603276,0.3103119662920271,-0.07698932,0.9998801,0.4730304497348592,0.29346813397252824,-0.08030575,0.9998805,0.43293971190106706,0.3278073501932823,0.07965344,0.9998539,0.4962010701861478,0.2936762696927329,0.063542165,0.9999426,0.45853672999856,0.35197512704882883,-0.049075328,0.9996976,0.483121284710346,0.34776059180891145,-0.054249488,0.99974215,0.3936175688070973,0.4418429478601047,0.14635591,0.99957246,0.5450540640880333,0.44235183110177884,0.0740103,0.99967104,0.36386456361649455,0.6066046078680987,-0.054397024,0.99690104,0.584818938044492,0.5888388263679197,-0.13851757,0.99876535,0.5183426888546808,0.45891673259095694,-0.31253058,0.99803334,0.4211832547923964,0.45254702309493317,-0.26814672,0.99766123,0.5138975476535135,0.7668102999583087,-0.033584677,0.9995536,0.4208810203883865,0.7789229428778053,0.03422948,0.9997536,0.5347644069648143,1.0386886725479185,-0.06230989,0.9079768,0.424600718815069,1.0387929658724244,-0.059023667,0.8775694,0.4112928537157202,1.2938413239156537,0.18309954,0.17257427,0.5349507224025101,1.2789350272615996,0.17406419,0.13798977,0.41806743995121065,1.319035461737177,0.2017103,0.13735527,0.5509142806761571,1.2935025334695989,0.19340481,0.06850431,idle
0.46644382205247714,0.32803611368940794,-0.1094033,0.99988586,0.4417647759828329,0.301564364948661,-0.07806824,0.9998828,0.4761828633647138,0.29925658524845616,-0.08130796,0.9998826,0.4275520055607841,0.32287173653138906,0.07939161,0.99985796,0.5022779266169832,0.30105787468040346,0.06303089,0.9999442,0.4541532961203919,0.35525125953569986,-0.050578147,0.9997009,0.48556920901878153,0.35666881416578944,-0.055735826,0.9997428,0.396836543533597,0.44330076045696076,0.14598079,0.99958026,0.5494468158669942,0.43548572269941366,0.07463695,0.9996739,0.3551298497238826,0.6032736230085853,-0.049183097,0.9971098,0.5840285200638773,0.6020706300917339,-0.137639,0.9988109,0.5152799235046529,0.45419895473509336,-0.31556728,0.99819964,0.4224711397052139,0.45937860523995905,-0.2614477,0.99784315,0.5238380445318955,0.7654982477962523,-0.03400838,0.99958944,0.41313403100363133,0.7761912146280617,0.034648534,0.9997724,0.5261510250056111,1.036883446519436,-0.0653892,0.90412986,0.4252625895268788,1.034614104177623,-0.057788245,0.87128687,0.42962270928450397,1.2872219908551548,0.18093029,0.15709415,0.5429588124187856,1.2758496674466533,0.17021227,0.12604454,0.42908895476551256,1.3250943747192527,0.1988018,0.12552044,0.5474934631704758,1.3000454685151195,0.18919966,0.062805936,idle
0.4703427094465735,0.32786388612303385,-0.11019017,0.9998826,0.44724814829200676,0.31392123146193096,-0.07884149,0.9998814,0.4738438773827275,0.29796555163893024,-0.08178498,0.99988,0.4265293087829467,0.31837763508363376,0.07848741,0.99985814,0.489334761858914,0.30282409960820567,0.0629123,0.999944,0.45337866883113875,0.34914786972034656,-0.051534265,0.9996957,0.4781802306547437,0.3450319897839799,-0.056691,0.99973553,0.3867442201363098,0.4341448256597023,0.14585987,0.9995857,0.5447989452726101,0.4353588754435582,0.07870143,0.9996768,0.36631126148412896,0.5938070584748407,-0.040495917,0.997289,0.5813374256908661,0.5997988830155054,-0.12790047,0.99883384,0.5113397750989506,0.45251007088167927,-0.31398693,0.99834096,0.4259224031737503,0.46412168442855806,-0.24862996,0.9979943,0.5146933245920502,0.7697275035033109,-0.033798806,0.9996207,0.4217677602792289,0.7663243393410212,0.034454152,0.9997883,0.5348379684891275,1.0283034406889535,-0.06908644,0.9012792,0.42228875907183605,1.03314026885542,-0.05492229,0.8673235,0.4209995610500016,1.2824119202908204,0.1939655,0.14365487,0.5375080585231843,1.2538137247085415,0.1754389,0.11555865,0.4227340824538611,1.305839440843103,0.21299179,0.115297034,0.5590064658962386,1.2970727503821182,0.19669124,0.05800762,idle
0.46569298991405217,0.32070190625233364,-0.10953534,0.99988556,0.4452098702922066,0.3047542807342766,-0.0789716,0.9998858,0.47535093207126977,0.2852522419496348,-0.08247225,0.99988395,0.43419218340970545,0.3236150715284506,0.08049267,0.9998643,0.5011930472844944,0.30793892967023556,0.06264494,0.9999464,0.45102607075513756,0.3517387629325776,-0.0499403,0.99970126,0.4755612622440377,0.34880415178422575,-0.056112684,0.9997383,0.39651258267812217,0.43969544918005177,0.15326178,0.9995954,0.5421426803071425,0.43871623317263847,0.07949899,0.9996834,0.35463535875239227,0.6042601518776536,-0.028976884,0.99749017,0.5889835049701175,0.5998969979974008,-0.12668547,0.9988909,0.5140999684493344,0.44316185065312236,-0.31298068,0.99848026,0.41888739097815864,0.4537938873238373,-0.235077,0.99815,0.5183806681111165,0.7652469955297536,-0.033645563,0.9996526,0.4178030891731923,0.7617509868979588,0.03429342,0.9998053,0.5280449480258873,1.0437141621082981,-0.07512153,0.9035753,0.4339442659406403,1.0291975168037768,-0.050511915,0.8703508,0.4263124531250395,1.2917227552367465,0.18933627,0.13199857,0.5461581193709988,1.2662875690261999,0.1763244,0.10602017,0.4217654972119286,1.319108062407362,0.20760234,0.1065405,0.5394397233730219,1.2894187567935307,0.19865271,0.05368944,idle
0.4622882597006448,0.32902850351732027,-0.10753232,0.99989134,0.4451850108071448,0.3032525710719346,-0.07703884,0.999892,0.47111290390785865,0.2920701709503131,-0.08198577,0.9998901,0.43669058727879617,0.3123638662006724,0.085186616,0.99987227,0.4968247150169992,0.2957278579248733,0.06203155,0.99994963,0.43885387661016406,0.34469250594136835,-0.047134273,0.9997128,0.4703388139272586,0.3392721322846437,-0.055227667,0.9997479,0.40459692271211223,0.44208937094923695,0.15860529,0.99961144,0.5414452040441013,0.43387157681147737,0.07953141,0.999693,0.3638134696233949,0.5939356210675267,-0.022666533,0.9976872,0.5851840210331628,0.5946543683452898,-0.12877493,0.998962,0.5140230295071917,0.44720428392334904,-0.3129807,0.99861556,0.4087792390178929,0.4500110384294769,-0.22693658,0.9983013,0.5102428800866161,0.7585421451256049,-0.03370762,0.99968183,0.42585305483600167,0.7715339068435767,0.034355488,0.99982107,0.5286264202524864,1.0294141680181261,-0.07487103,0.9045684,0.42592571511088473,1.0336439882873927,-0.051222056,0.87153536,0.4119833794039859,1.2867479819676366,0.18688025,0.120647505,0.5510679260797464,1.2637094876974961,0.17668642,0.097303465,0.42373111641670436,1.3160993800702812,0.20507812,0.09805166,0.5459799438244921,1.2867283479515148,0.198709,0.049764615,idle
0.46175719905737667,0.32980025894622345,-0.10820006,0.9998982,0.43907288190707805,0.30793310711874644,-0.07777558,0.9998992,0.4753878157948854,0.30145243107629044,-0.08223714,0.99989736,0.42040152412510656,0.32185471550491584,0.08740389,0.99988127,0.48962011848622533,0.30266114756418944,0.059825677,0.99995327,0.4549320469383442,0.3468538155123732,-0.047541223,0.99973047,0.47994989781041775,0.3435835102862472,-0.0556324,0.99976367,0.3977334729559653,0.43936860211198664,0.16244693,0.9996328,0.5505130008320143,0.42914405814805096,0.07794939,0.9997057,0.36271665159538613,0.6079340640369764,-0.021116372,0.99786,0.584569947175551,0.5965832412089669,-0.143159,0.9990263,0.5267102175757588,0.44300400264956946,-0.33589798,0.9987375,0.42037523635496,0.4559020868077217,-0.23183867,0.99844337,0.5146833556242654,0.7747964850196282,-0.034943137,0.99970895,0.4193796930401408,0.7709943782350611,0.035607718,0.9998361,0.5338415287671,1.0363250569715514,-0.07257319,0.90375555,0.4318472511027639,1.0446058008994288,-0.05976664,0.87114465,0.4302905059141894,1.29782876902665,0.1721533,0.11067386,0.5480604867698972,1.2719785824979477,0.1847723,0.08971833,0.4239784099049957,1.3338957078919051,0.1892056,0.090782695,0.5570663053899721,1.296454615418717,0.20661667,0.046297498,idle
0.4595050179807655,0.3197611870888724,-0.109084465,0.9999041,0.44080826622135605,0.3062315309383693,-0.077976346,0.99990535,0.4763316116471169,0.294929622281029,-0.08415187,0.99990344,0.41908206253759583,0.3240238188423858,0.08842867,0.999889,0.4942741712734138,0.2959364974830577,0.055440754,0.99995637,0.4543928758152652,0.3551687042850768,-0.04809838,0.999747,0.46099749592166184,0.34829192278219867,-0.057384126,0.9997786,0.40017906791526836,0.4481346082540028,0.16076784,0.9996521,0.5456380033493065,0.4337695386400562,0.07666723,0.9997166,0.36217501353034476,0.6102126226695197,-0.021979695,0.9979923,0.6015010063820547,0.6005123763947791,-0.14510038,0.9990662,0.5087458860488756,0.45031579672423894,-0.33274737,0.9988373,0.4150244191345269,0.4517854381983654,-0.22766432,0.9985622,0.5170781029306118,0.7684902916103478,-0.035047274,0.99973017,0.41660359231290556,0.7696202456813439,0.035692275,0.99984753,0.5367132129242618,1.0535785972586762,-0.06882694,0.9026292,0.4156046679359975,1.0438383688891237,-0.05733207,0.8718989,0.42234662828525316,1.3093830111030458,0.17145638,0.10308133,0.5489968190564012,1.2734075871965582,0.19810674,0.08366965,0.4163116877017823,1.3421120255949917,0.18805999,0.08514677,0.5473452708781666,1.307447250609172,0.22078364,0.043508988,idle
0.4504963738645974,0.32543350576168223,-0.12524076,0.99990845,0.4342465769543288,0.3025596846357804,-0.09223042,0.99991,0.47490268336689745,0.294317674216159,-0.100434065,0.99990773,0.44116016356181276,0.3192822681621574,0.085248694,0.99989516,0.49732750325674224,0.3038276469232169,0.043359533,0.99995875,0.4512219384293571,0.3478148857915397,-0.059679907,0.99976104,0.47913484493329583,0.3382511782743451,-0.07197607,0.9997909,0.38900284066151447,0.4377333846989178,0.1586497,0.99966985,0.5525872853360287,0.43282720955980586,0.0724916,0.999727,0.36551078467531073,0.6002709684211922,-0.02586401,0.99811995,0.5969714865510718,0.5922083880670629,-0.15410574,0.9991082,0.515396796833425,0.4421875412552694,-0.34846932,0.9989297,0.41760378180525215,0.4602769245797587,-0.24655347,0.9986705,0.5197312153008148,0.7690952752125124,-0.03513188,0.99975026,0.41875642130144897,0.7782911595289116,0.035764802,0.99985886,0.5247106064687334,1.051376179190203,-0.07377037,0.9007529,0.4284190326242583,1.063558969246377,-0.062117666,0.87215996,0.4180213644264492,1.321101177155946,0.17062445,0.09542609,0.5429590105530884,1.2872029122989663,0.22160394,0.077155575,0.4114551636659194,1.3421259390642308,0.18767485,0.079292215,0.5406616544104992,1.2944803121909094,0.24811275,0.040532228,idle
0.46121796573393226,0.3318487649692485,-0.124430716,0.9999123,0.43813114546225773,0.309718285622581,-0.09149197,0.99991447,0.46501026335036244,0.27936599964011255,-0.10061939,0.9999119,0.43044244111448016,0.31791925863806036,0.08796879,0.9999012,0.4866341320905512,0.30120374789137644,0.0367329,0.999961,0.44134967572902406,0.35442430865209473,-0.059366483,0.99977523,0.4715260288008394,0.33675692267747387,-0.07258008,0.99980277,0.40110610031766714,0.442382154540603,0.16469458,0.99968714,0.5520964316868415,0.4251333627123922,0.06773937,0.99973726,0.36330856405563783,0.6070016104980255,-0.023396173,0.998234,0.5986493524678039,0.5877444380365281,-0.16613767,0.9991515,0.5185386007355445,0.4423776644331106,-0.36700088,0.99902004,0.427569553429197,0.4600114510257898,-0.24742913,0.99877244,0.5104637222685195,0.7718957584689953,-0.036380388,0.9997706,0.421250310358095,0.7817036345058312,0.03702157,0.9998704,0.5368570256274232,1.059759447745464,-0.07820799,0.9006372,0.42676187707353497,1.064758391541887,-0.07268957,0.87497985,0.41149577412066607,1.3094654308923437,0.1695776,0.08824628,0.5425947836473896,1.27640307554101,0.25983423,0.07084933,0.4217224960326871,1.3365573437845708,0.18738519,0.07388247,0.5508657123300081,1.304570249015484,0.29067454,0.03760847,idle
0.45376635246234553,0.32278025329510057,-0.12509502,0.99991417,0.43010685391906256,0.30768382487500917,-0.09241108,0.99991673,0.4626601863342916,0.29425140930465316,-0.10245073,0.99991405,0.4323074290931671,0.3158356825147759,0.087779276,0.9999049,0.4907320502852931,0.29944123493781905,0.032865327,0.9999623,0.4412719498042298,0.3515600856080124,-0.059625633,0.9997817,0.46648076668956406,0.3498699523413765,-0.074013166,0.9998082,0.4028169099082277,0.43903190447296003,0.1642066,0.9996938,0.552103855727991,0.43138000138253146,0.06116019,0.99973756,0.36467941545220095,0.6068222706146285,-0.037171762,0.9983133,0.5902571960334735,0.5924615054530695,-0.18570992,0.9991654,0.5127209553366954,0.4496215092346053,-0.40378246,0.99909055,0.41180887111123254,0.4567943635841313,-0.2757474,0.99886286,0.5208557057439969,0.7773469964041633,-0.03703849,0.9997883,0.41002587451433714,0.7772376656705778,0.037752613,0.99987996,0.5241183318878213,1.0549596688482568,-0.033705033,0.89564145,0.3977871147871168,1.0573925517932181,-0.076986164,0.86979455,0.3730093866221281,1.3135422407650108,0.16194797,0.08053178,0.537872101386194,1.2733156566086243,0.2607156,0.06536196,0.37967440039130873,1.3412917471500332,0.17919359,0.06798354,0.5405780177950179,1.3009129623419693,0.28511578,0.03489692,idle
0.4590799533016353,0.32749410673963697,-0.13255209,0.99990934,0.4408299983500302,0.30331186580925457,-0.09903077,0.99991345,0.46583343143134226,0.2890886969475099,-0.111825325,0.99991083,0.4173937900613426,0.3217649032008686,0.08667403,0.9999031,0.4840516850643435,0.29688798407117944,0.022196505,0.9999608,0.4431084146057953,0.33674026002826724,-0.06391747,0.9997818,0.46707724719000676,0.3395228131401409,-0.08194591,0.99980694,0.39869761903279843,0.44051297990811794,0.16229482,0.9996831,0.5495857774535442,0.43469497106652033,0.052140363,0.9997272,0.3572680410270781,0.6126038067999606,-0.046235237,0.9982266,0.5891925437928074,0.5858340510148482,-0.20716485,0.9990911,0.5047964873163903,0.4391726238087675,-0.45663324,0.99912995,0.40153192901567303,0.45325823637715634,-0.31157964,0.99888104,0.5015895952341687,0.7700283587178622,-0.036938597,0.9997969,0.40630905560187947,0.7772849533875018,0.037653383,0.9998836,0.5278722780173282,1.062385272144379,-0.032552857,0.89098555,0.38185853523502356,1.0538470779879188,-0.087615535,0.8676869,0.37141929185650835,1.3086213293944655,0.14823079,0.07504766,0.5388935182259023,1.277464400026222,0.26170787,0.06186932,0.3604856322259692,1.333409937069864,0.16493735,0.06385245,0.5419606087937636,1.303155113243229,0.28550202,0.033050817,idle
0.4526346269853505,0.3238174570187619,-0.13175508,0.9999066,0.4266895425378938,0.3062167606667016,-0.098139256,0.9999118,0.44916093357818887,0.29576235709168136,-0.110211514,0.9999091,0.41578313884118134,0.3198426638945735,0.08669509,0.9999017,0.48221975161765884,0.30338195039422977,0.025611158,0.99995935,0.4364955182177618,0.35737841290330935,-0.06344804,0.99978316,0.45370054679007066,0.3423058326839597,-0.08081634,0.9998074,0.39615216861496405,0.4432763279671885,0.16171713,0.99968493,0.5334907583426618,0.4256514679057307,0.05535654,0.99972004,0.3625210358879327,0.6128673466695633,-0.04830804,0.9980897,0.5838470404170715,0.5872193290305803,-0.19501664,0.9989679,0.49445328213878625,0.43533660971861704,-0.4149622,0.9991499,0.3972264839552785,0.451432738631204,-0.3095846,0.99887675,0.5050436445269784,0.7778330574888933,-0.033369716,0.99979514,0.3956987036048232,0.7622484631390181,0.034003016,0.99987996,0.5302211728845256,1.0611247049659134,-0.031144291,0.8896173,0.3808309947279792,1.0607616864712588,-0.0847365,0.86861694,0.3620050259057307,1.2915820252272474,0.13001804,0.07400114,0.5375538662782287,1.274189957016998,0.24872926,0.063344315,0.3670192319389449,1.3289553152847098,0.14372332,0.061892968,0.5325188236190408,1.2977399696277288,0.26415268,0.032954577,idle
0.42958675553454617,0.3230578723637105,-0.13910374,0.99989593,0.41441318080965184,0.2973796844052494,-0.105088845,0.9999032,0.4553978071312167,0.289933913669993,-0.116703294,0.9999005,0.4102484766278932,0.31579154031054313,0.080583,0.9998916,0.47221598185336944,0.29581909305886167,0.022353213,0.99995416,0.4351799157536689,0.3388334575274585,-0.07008664,0.9997742,0.44682545381136407,0.33819998977906696,-0.08695489,0.9997989,0.39205028730946345,0.43464834509343153,0.15096764,0.99966395,0.5210336431335556,0.4283376338829132,0.056711912,0.99970275,0.3414313552875,0.6081172052969895,-0.06742156,0.99770635,0.5719447083217162,0.5887060283383025,-0.18708014,0.998787,0.49955318677592064,0.42625397093039885,-0.4245854,0.99912274,0.39268030448582114,0.45936946088654296,-0.34285024,0.99874854,0.48366210706661994,0.7695181207711795,-0.029484462,0.999777,0.39341032270491716,0.7674284587580823,0.029979894,0.9998622,0.5189459638506401,1.0624252026996353,-0.037032284,0.89299524,0.3592311660147758,1.0640685275809907,-0.08314259,0.8738052,0.3641150845804083,1.2905772819873054,0.13870418,0.082354546,0.5309668955719489,1.2658359596251934,0.2184262,0.07346238,0.3511286300850641,1.3200284167466272,0.15368722,0.06387727,0.542069866762408,1.285079996566686,0.23449358,0.03533884,idle
0.42738237638559884,0.3205815476667385,-0.14558342,0.99988973,0.4202323985424218,0.2981044478284997,-0.112218104,0.9998996,0.4449211480481261,0.28408825706533175,-0.11957403,0.9998948,0.41095817723737815,0.31891824706589744,0.06773268,0.9998872,0.4647247939928969,0.2963310860987161,0.024843495,0.99995047,0.42328324744942225,0.3535883812327364,-0.07873423,0.9997708,0.4361517515171289,0.3404485541453871,-0.08991231,0.99979377,0.3715557232765926,0.4361597231054935,0.13248576,0.9996457,0.515641392570274,0.42492640852117525,0.05810836,0.9996802,0.339470651085629,0.6102165306744796,-0.090930924,0.9975707,0.5628501290232257,0.5864620982967094,-0.18252292,0.99864626,0.48829567329552725,0.4312330411529182,-0.4168748,0.9990746,0.3834452621103086,0.4451824184998517,-0.3509845,0.99870634,0.46992035002473487,0.7759355028351331,-0.025610957,0.9997689,0.38180793789771306,0.7779006631153422,0.026060928,0.9998529,0.5179377568365998,1.0517295202305694,-0.033324055,0.89700925,0.3548613576659362,1.0657917028905615,-0.07670805,0.87680465,0.3305039347148614,1.2724881623728694,0.14349355,0.08762764,0.527894956172877,1.2532622106089293,0.21554601,0.08185704,0.34483229588214503,1.2988887554317743,0.15723655,0.06518336,0.5350604809069652,1.2749075468774766,0.23250714,0.036826167,idle
0.4158960660409783,0.31076879778533567,-0.18401,0.99988383,0.40595199330692366,0.3043394901056209,-0.14960389,0.9998928,0.4366929513449124,0.28344111570385633,-0.15494218,0.9998875,0.3901842897264507,0.31526075942895065,0.03404816,0.99988073,0.44135173559663476,0.2964941017752661,0.0058175973,0.9999418,0.39776849657827473,0.34300613147312364,-0.116076626,0.99977535,0.4342242248705195,0.3360355615431595,-0.124378,0.9997973,0.3608156000956819,0.4281487111232534,0.086914055,0.9996176,0.5028420153269522,0.41685358240845427,0.05018459,0.9996359,0.3256042757842923,0.6068485066525124,-0.16105163,0.9968365,0.5401847074787471,0.5725398597633756,-0.22050829,0.99798375,0.4630626035342643,0.4333570910613773,-0.51798147,0.9986269,0.37853690018952724,0.44512119852221593,-0.45385423,0.99831074,0.4664635870051226,0.7719094127315976,-0.011899366,0.9996455,0.37628262301319526,0.7690145319697248,0.01227445,0.9997506,0.513890290980152,1.054670446288867,-0.025269559,0.8981109,0.3315989518447796,1.060429970690313,-0.09379648,0.8807987,0.3027939986117183,1.2454019646190955,0.1451468,0.11419723,0.5182753484107441,1.2585800983612327,0.21531102,0.11429796,0.3142751017248476,1.2751434285286665,0.15750602,0.07518637,0.5146109035187914,1.2845899187009233,0.23251018,0.04753932,idle
0.4024255971314934,0.3173413057537236,-0.16750951,0.99987245,0.3781336676756747,0.2971631533685685,-0.13407966,0.9998802,0.4064399093384419,0.29416344435226516,-0.1418891,0.99987453,0.3789925197154559,0.3071312814522385,0.046480443,0.9998661,0.4356229306962015,0.3029842325481433,0.016020635,0.9999319,0.3828804167500379,0.3356260401392327,-0.10061075,0.99976915,0.41118621036553926,0.337873465484578,-0.11149584,0.9997919,0.3503145000573158,0.44213386026174706,0.10275555,0.9995814,0.48547613899498276,0.41196922300103056,0.053551503,0.99960554,0.3160920529938481,0.6065422565787687,-0.14208743,0.9961711,0.5327656591883779,0.5796706086191796,-0.2048152,0.99756616,0.45845700574059545,0.42865810202790977,-0.46143427,0.998319,0.3548736376062882,0.45529354802892336,-0.42625102,0.99795365,0.45902107254726354,0.7660114623319335,-0.012090257,0.9995851,0.3561337302758264,0.7539943058216048,0.012437547,0.99969566,0.4985111151895546,1.057774989680647,-0.027918715,0.90115935,0.31466549630937435,1.0504873874650686,-0.09047851,0.8860562,0.3009655585627784,1.2474586492178001,0.17282847,0.13947374,0.5178116073061938,1.2457428047956796,0.20822076,0.14247231,0.2933115072821346,1.2722815119455864,0.19113795,0.082888484,0.5024688051961965,1.2877320751577896,0.22654946,0.055657364,idle
0.4042817643444091,0.3165747642597036,-0.14687183,0.9998722,0.38153572876346953,0.28540886801776827,-0.112085916,0.9998805,0.42357977637943234,0.2873168376201048,-0.116100535,0.99987316,0.3698526456523006,0.30953701798353045,0.069768265,0.9998673,0.42857772806113303,0.2947182973635631,0.050739806,0.99993116,0.3907807823866125,0.3315622526122374,-0.0792594,0.9997728,0.414813475976594,0.33478307786322037,-0.08545623,0.99979323,0.35082380889400777,0.4321933595145057,0.123036526,0.9995792,0.48499556706898805,0.41591374176011753,0.07643359,0.99959695,0.31549680475895536,0.6078253622313686,-0.118525766,0.99595296,0.5275006437721441,0.5741582676948619,-0.19241522,0.99744844,0.4571186585393474,0.42537519099778826,-0.45224577,0.9982719,0.3593222646431531,0.43475672166453344,-0.3854234,0.99788755,0.4526043990813383,0.7694750355067396,-0.014309393,0.99958754,0.36472214598102226,0.768172703704937,0.014711291,0.9996925,0.4896210223272396,1.0483934192052793,-0.028967405,0.9041826,0.3139379912772352,1.046582941657899,-0.08235512,0.8897411,0.29102845453921655,1.2494244755194326,0.17287524,0.14692934,0.512267188948434,1.2527956433334089,0.2083766,0.15129194,0.3172173646663129,1.2834400026248993,0.19016704,0.083368205,0.505557950228786,1.2812223205300841,0.22723429,0.056455765,idle
0.40082305357959125,0.30392541328693556,-0.14640561,0.9998516,0.3876893929839609,0.3015326979719821,-0.111805186,0.9998612,0.4101427137763728,0.27896449817420876,-0.11536752,0.99984854,0.3801941243585135,0.31013174974997915,0.06801773,0.99985033,0.42530099483886896,0.2971306678825076,0.05497814,0.9999194,0.38990876496342886,0.3286111174886651,-0.0790294,0.9997622,0.40796007163300485,0.3278111222174589,-0.08269519,0.9997819,0.3408101193068792,0.4333197580659054,0.124703884,0.9995523,0.4754834031622487,0.4112498187780325,0.08693776,0.9995868,0.30299944931100864,0.6022776899835701,-0.109234236,0.9947698,0.5201918477425993,0.5714236755334784,-0.16219583,0.9969314,0.4497301145324708,0.4282438580668115,-0.40452856,0.99771017,0.34762672801043526,0.4467011244339308,-0.37226027,0.9971951,0.44499849477746134,0.763561114054796,-0.013967176,0.9995745,0.34267613386552953,0.7670451175300252,0.014362137,0.9996688,0.4986452944079087,1.0596461909262125,-0.035774827,0.9081409,0.30426325733668025,1.0577528455041434,-0.08108352,0.8940456,0.2806523553443969,1.2563809494588651,0.2019994,0.17284201,0.509601199817507,1.2519568450514649,0.21526527,0.18050197,0.2986945846098906,1.2788823037841208,0.22250378,0.092764996,0.5101058155736236,1.2709116418259867,0.23609845,0.065466635,idle
0.3962875305884529,0.3109966603050501,-0.11273384,0.9998517,0.373934966371127,0.2875276992852737,-0.07770616,0.9998626,0.4056397114766086,0.2840586933729051,-0.07898813,0.99984956,0.3598981887389364,0.30268969408609886,0.09727283,0.99985254,0.4155879926161945,0.29511345497997077,0.08931086,0.9999206,0.38708138100650136,0.33633882874462495,-0.04844815,0.9997593,0.40857671927578987,0.33132131794071795,-0.050875258,0.9997782,0.3241476025335207,0.42819816807108346,0.13954762,0.99955845,0.47031950769244946,0.41995273835171787,0.11816118,0.9995957,0.29786583257066035,0.5948442755644148,-0.09079805,0.9950107,0.5150485211791485,0.5729954933599899,-0.11619669,0.9969872,0.44120946648468085,0.4188355492519327,-0.32656705,0.99777484,0.3345455435125797,0.44870504764571223,-0.3199965,0.9972999,0.434164231260454,0.75977573393357,-0.014852102,0.9996071,0.34008178929166655,0.7639521394496831,0.015257497,0.9996927,0.4870998560155092,1.0645874717698018,-0.061385464,0.9130033,0.3056084536105549,1.0468810094470788,-0.079387315,0.8985405,0.2817402036174874,1.27087958451119,0.23226544,0.17203212,0.48981985473074796,1.2570145908096728,0.21675865,0.18227224,0.2945210920247934,1.298918458295628,0.25654253,0.09178684,0.4972552081181425,1.2773205807169628,0.23961596,0.06593776,idle
0.3852596939417994,0.30597052658266666,-0.08006245,0.99985486,0.3670434221421215,0.2954448804085616,-0.046429507,0.9998668,0.3915305016967521,0.2863330438465456,-0.045531437,0.9998533,0.35687767794451597,0.2995890756209403,0.11754873,0.99985844,0.4150943129757976,0.28669177447567795,0.11934181,0.99992365,0.3761952103513162,0.3363438071386547,-0.020641057,0.99976426,0.3916396172305793,0.3237430065775971,-0.020329025,0.99978083,0.31136035014055163,0.42298550426116555,0.1517863,0.99956733,0.4658862989122131,0.41576688278999263,0.13490033,0.9996135,0.27081364705281863,0.6001636429729259,-0.0743276,0.9952057,0.5014904525457482,0.576132312313493,-0.09697993,0.9970719,0.4262467108049178,0.4231846214998673,-0.28300944,0.99783087,0.33714783009591387,0.4364420824434712,-0.2796702,0.997367,0.4172178284586886,0.7775378232065214,-0.014208771,0.9996386,0.3261093739180685,0.7669627147090973,0.014625711,0.99971545,0.4817665891876085,1.0638959566787507,-0.08159787,0.91805583,0.2967375817983505,1.043401581413012,-0.07483436,0.9031691,0.28844583708169813,1.2743659194048889,0.22658315,0.17174436,0.4877695101974413,1.2551814517039266,0.21905367,0.17849919,0.28817497436930606,1.3037800908777963,0.24996075,0.090695605,0.4947047120485898,1.2771377740333005,0.24522333,0.06540536,idle
0.36877540761713645,0.30981023769534244,-0.057485253,0.99985844,0.3653518037687187,0.2829760571269764,-0.025205696,0.99987125,0.37846430157317,0.295007410323863,-0.027771762,0.99985784,0.3493937700544951,0.30201477458925535,0.13451055,0.999864,0.4018269033675197,0.2992127979698141,0.12099178,0.9999273,0.35498891119823006,0.32746803767632177,0.0010865544,0.9997646,0.38051666598776135,0.33617973975541365,-0.003087161,0.99977905,0.3027577028786278,0.43277358147564116,0.17034118,0.99958277,0.4571443132390226,0.42551709101876517,0.1378238,0.99963194,0.274377227479367,0.5997461063972583,-0.03794206,0.99543583,0.48842794681160395,0.5818829337525036,-0.08332927,0.9972322,0.4204957569097517,0.43044484864938587,-0.25712532,0.99797195,0.32250106664727385,0.445368377796128,-0.23842569,0.99749494,0.41006179362449946,0.7713209346716499,-0.014410744,0.9996702,0.3208451085856232,0.7727251434002005,0.014855431,0.9997394,0.4658230411711165,1.0626413339382683,-0.080093205,0.9230317,0.30425179655694246,1.0394721742827393,-0.06871781,0.9077267,0.293963731292493,1.2891072236537926,0.22247772,0.16503426,0.4843127989085273,1.2468133907056702,0.22161174,0.16996877,0.3090787396077165,1.3052681030235382,0.24485591,0.08773401,0.48718914285928505,1.2823042514918188,0.24842119,0.063252285,idle
0.36355355519946897,0.31458912331512767,-0.062359404,0.99985725,0.3403303702417583,0.295231361863438,-0.030670907,0.999871,0.3818654069916978,0.2777352998079999,-0.03270215,0.9998586,0.338270602120203,0.30673244892761925,0.12626314,0.9998646,0.3950006928409995,0.2925109583141782,0.11420329,0.9999295,0.36103062251260476,0.33862870263114947,-0.005390105,0.9997487,0.3777867276340936,0.33845864597982583,-0.008971357,0.9997653,0.2890111734138776,0.4285737551656734,0.16316275,0.9995714,0.45946928768584594,0.4230514929337848,0.13137874,0.9996464,0.2660760561308605,0.5987222964115563,-0.041750826,0.99562645,0.48591240656440426,0.5861250551940435,-0.08898079,0.9974081,0.407035174389913,0.4200230325121735,-0.25694746,0.99810934,0.302318439038882,0.43877417484708164,-0.22690089,0.99759185,0.40409324445798533,0.7746565306749559,-0.0148892645,0.9996993,0.30941582193180805,0.7714510077811751,0.015345605,0.99976104,0.4563810175386884,1.0656116259150428,-0.07486157,0.92750484,0.30154295303856626,1.0427625239822962,-0.050060965,0.9106151,0.28777749399661856,1.281139201579994,0.2256074,0.15553154,0.49173236976415,1.2569238682574364,0.22146042,0.15967196,0.2995727989878765,1.3195458197522907,0.24686208,0.0833573,0.4813607270543855,1.2956313196601636,0.24764168,0.060087286,idle
0.3537212242516341,0.3018993054291044,-0.0721576,0.99984837,0.3342981031309694,0.2901926767621551,-0.041289378,0.9998652,0.37131048732113936,0.2832069657931233,-0.04580496,0.99985415,0.3232481597303233,0.30743345292279606,0.11752053,0.99985963,0.3927226326720452,0.29725671865623576,0.11248797,0.99992913,0.3389951311498264,0.33902936356407026,-0.014253721,0.9997293,0.36668860857584273,0.334442618101947,-0.02093338,0.9997469,0.2796610794251648,0.42389931004447634,0.15960522,0.9995468,0.43970292010972023,0.4336191190489846,0.11222383,0.99964863,0.24534020055165218,0.5871980320972257,-0.03084905,0.9955473,0.47852642645002996,0.5909006938979664,-0.09577358,0.99752724,0.4030329772076956,0.4304486686372153,-0.29288036,0.99820733,0.2985995040457392,0.4389222357689332,-0.215771,0.99756396,0.40080005529609364,0.7688558319317695,-0.015663642,0.9997234,0.3046118757072881,0.7714086384250719,0.016134363,0.99977833,0.4511195303609843,1.0541065226265367,-0.073139474,0.93054104,0.2797419664857258,1.0448437163383584,-0.04432844,0.91220057,0.28213291763734283,1.294816905225477,0.22339049,0.15062857,0.47535205652566603,1.2673965463655663,0.2044932,0.1532487,0.2890496134596662,1.326228124444944,0.24365906,0.08096902,0.4789754526940252,1.2943773576512279,0.22719729,0.05760537,idle
0.3485113647727438,0.31589929013355433,-0.07989274,0.99985224,0.3264024424866582,0.2966681543375854,-0.047747154,0.9998702,0.3630567690108548,0.26954175804771763,-0.05276058,0.99985915,0.32030874965910605,0.29820536645038603,0.116522156,0.99986565,0.37627790050212084,0.2892101335044017,0.10173987,0.99993235,0.3275046789560112,0.3290855844423391,-0.020149728,0.99972844,0.3595725844085548,0.32948281698797505,-0.027376765,0.9997423,0.2761014295957539,0.42829960835240116,0.15767586,0.9995487,0.42848904676603017,0.43540583960392415,0.1105505,0.99965376,0.2457028077478437,0.6055149027291629,-0.035086386,0.99583715,0.47568972880557625,0.5925912410743687,-0.106650636,0.9976964,0.39623584091357633,0.4266861197563352,-0.29836515,0.9983471,0.29544717387480945,0.44144569387111143,-0.23104429,0.99773,0.39506204074422346,0.7721182429777839,-0.01634181,0.9997478,0.29951519997516873,0.771121979233542,0.016849894,0.9997974,0.44499305927265864,1.0706683757289837,-0.071591996,0.9333082,0.29668705174750454,1.0515109427427047,-0.045684732,0.9134495,0.27413355786730775,1.2999983874306897,0.21331957,0.14172399,0.4625217562091859,1.2818269812861838,0.20347516,0.14344919,0.28141745905347293,1.3386030204981223,0.23058371,0.076913565,0.46095250540411403,1.3081154878178372,0.22552693,0.054225408,idle
0.3517513740470575,0.31422703549078257,-0.080856815,0.9998575,0.3361702772435926,0.2845124811656572,-0.049004056,0.99987584,0.36108081694434535,0.2784482694917549,-0.053331118,0.9998648,0.3246228692820792,0.30025018398467945,0.11097982,0.9998726,0.37816450269932045,0.2848258746076652,0.099952355,0.9999357,0.332862526785628,0.3281243110936169,-0.021111956,0.9997351,0.359471303935061,0.3357070633177418,-0.028154051,0.99974525,0.2738827277794872,0.42633532708443567,0.15648344,0.99955976,0.432652018686861,0.42476288098757786,0.107877195,0.9996612,0.2334356456302813,0.5932457505605462,-0.035373505,0.99609923,0.46126845006458295,0.587259633490332,-0.111790165,0.99784774,0.39180810532786414,0.44084912493961415,-0.3021102,0.99846786,0.29002098351986216,0.44298946351122365,-0.23440866,0.9978658,0.40349903443010404,0.7653978304803389,-0.016488614,0.99976784,0.3023759080657723,0.7709297618833615,0.01697908,0.99981284,0.4344679310984756,1.0602969339689987,-0.07033461,0.93565327,0.284881017757072,1.0494114920560738,-0.046503324,0.9149184,0.26957467072616126,1.2952953111325411,0.19862619,0.1351759,0.46216511044332664,1.2799569622884324,0.204411,0.13566078,0.2822879355389646,1.3350120313617662,0.2158699,0.073863775,0.4654175092213405,1.3111557523000386,0.22606471,0.051995512,idle
0.3497110465760258,0.2988213360329268,-0.082195215,0.9998624,0.3295722372883181,0.28985425738243686,-0.051652443,0.9998809,0.3564695539747964,0.2808860267020929,-0.05427604,0.9998697,0.312714471796821,0.29769837145584943,0.10917686,0.9998784,0.37505898865269227,0.2996896868166462,0.09761797,0.99993813,0.33478267294239805,0.3276312068801366,-0.023174686,0.9997386,0.3596127510418653,0.3282970543434125,-0.027420888,0.9997436,0.2588626157937052,0.415271466538118,0.15604666,0.99957275,0.409723878671854,0.4222324831485452,0.10849553,0.9996646,0.24022874897333624,0.5971461071773788,-0.026911968,0.9963409,0.4546841817255953,0.5885213954024858,-0.110478185,0.9979537,0.37760407086855874,0.42654954367911113,-0.30124745,0.998569,0.2829824255882766,0.43242485713572243,-0.20933108,0.998001,0.39845340250014616,0.7605748834962248,-0.016941477,0.9997863,0.29572237959299474,0.76849843098328,0.01746792,0.9998272,0.42460784117228556,1.0528957949907356,-0.070562705,0.9382073,0.2905265627024701,1.0393219172359582,-0.052877635,0.91754794,0.27690669830230297,1.2912348171095573,0.17078814,0.12996468,0.45627289458721143,1.283366953657663,0.20682998,0.12816702,0.28499642614904197,1.333703802044809,0.18674429,0.07144655,0.4555138053130534,1.3042182619876848,0.23060346,0.049736124,idle
0.3468684277240438,0.30240674922972766,-0.07501011,0.9998703,0.3306137984942249,0.28303004177841895,-0.04562924,0.9998883,0.3618085378081479,0.2742350700784725,-0.04647737,0.9998779,0.31392679133554335,0.30581262252078883,0.10996952,0.9998862,0.37258831789721325,0.2934217891201263,0.10391773,0.9999424,0.32836194956019016,0.3263666633555897,-0.017953135,0.9997433,0.3455656591715638,0.3277099669629187,-0.019899888,0.9997474,0.2671007590489054,0.41764002017460417,0.15643892,0.99959016,0.41373421951975087,0.4259065381456383,0.11961925,0.9996809,0.23320611735082442,0.5943400157006979,-0.024502251,0.9966482,0.45250855737213647,0.5948383764892733,-0.08472738,0.99811596,0.3752164818690037,0.43263720650642706,-0.26362056,0.9986948,0.2820385237944858,0.4523067044062191,-0.20649484,0.99816793,0.39612110849320425,0.7681588894924674,-0.01709627,0.99980503,0.2905275132044266,0.7637058282065526,0.017626481,0.9998419,0.4259865283503158,1.052225153611046,-0.06570667,0.9416333,0.28757190413799305,1.0487014685672726,-0.040782265,0.92070794,0.2733854229681685,1.293156822510699,0.17743312,0.12153669,0.4445033177309343,1.277822316733726,0.20392442,0.119204134,0.2831538075944944,1.3328346203285262,0.19451387,0.067469604,0.45280834020710536,1.3151252194977254,0.22654755,0.046865545,idle
0.34029703691896973,0.30190914528734464,-0.078790076,0.99987406,0.3206377093283389,0.29362924472340945,-0.04668844,0.9998921,0.35233508529773006,0.2764702369445959,-0.050375838,0.9998818,0.30704947378785297,0.29855928035069274,0.097128496,0.99988997,0.36575903211074057,0.29337423786097727,0.10200967,0.9999443,0.32473808829016515,0.33914206149314735,-0.018528054,0.9997384,0.3506182902917505,0.3320069973385509,-0.023346778,0.99973834,0.26732204678586335,0.4308804887856231,0.14441788,0.99959767,0.42573582392276776,0.4303709179627876,0.117837824,0.9996903,0.23335900560621947,0.5908383920296025,-0.027280996,0.99689716,0.458306691626458,0.5892049646880514,-0.08940423,0.9982465,0.36850761281921574,0.42325182535671785,-0.271483,0.99880517,0.2837649425538522,0.4402077786353445,-0.22180495,0.99830765,0.39301253752839493,0.7664570716476916,-0.017120477,0.99982136,0.28901029109242804,0.761424380493623,0.017647145,0.99985456,0.42541764715894537,1.0452857719698052,-0.06520415,0.9426911,0.28721675345848063,1.0436985954651983,-0.042105727,0.91883224,0.2730501069157798,1.2919454391371452,0.17991252,0.11240266,0.44816252103704357,1.2658994807962816,0.19810236,0.11048193,0.2762944608049931,1.3236387108761631,0.1962096,0.06307265,0.45798184560920574,1.2995989315692993,0.22024088,0.04370425,idle
0.33093483612714525,0.30711681608548796,-0.08038473,0.9998805,0.32905721462192483,0.2829922664776391,-0.049383957,0.99989814,0.3481970997476792,0.2787473648338338,-0.05172239,0.9998882,0.3093221693303163,0.2958613840378539,0.09727969,0.9998965,0.3750373275055493,0.2889926742370768,0.100420594,0.99994755,0.3295059952774424,0.3317279775025737,-0.021074578,0.9997453,0.3540394022372134,0.3236924153641128,-0.024641983,0.999743,0.26663631374632457,0.42265633949672926,0.14465871,0.9996141,0.42242969248956574,0.4218052796809316,0.11890049,0.9997029,0.2315723908072227,0.5952206317755518,-0.027975637,0.99713314,0.4613092573549761,0.588012431596616,-0.0884135,0.9983717,0.3671507893016499,0.4390826364601921,-0.2693133,0.9989022,0.28854091212425825,0.4419445967711548,-0.20479098,0.9984362,0.37645508757582735,0.7602898295357781,-0.016790435,0.9998365,0.2887521243520501,0.7735993410327262,0.017335104,0.9998665,0.4204601662248174,1.0536165813429754,-0.06026119,0.94469607,0.2866564109155588,1.0443539841913556,-0.045048427,0.9198018,0.27379436654587064,1.2941334385474605,0.18102862,0.10482106,0.4501722070628609,1.273006097655443,0.20681453,0.1029224,0.2724030244218473,1.3298393862704934,0.19750878,0.05952185,0.44970945275011287,1.3032936653047873,0.22983427,0.041248806,idle
0.3368574794032049,0.29527116324508146,-0.09614786,0.9998852,0.3191875289116094,0.2911956753950585,-0.068245485,0.9999028,0.3512658537313116,0.27261831585480656,-0.068234816,0.9998932,0.2975680312630239,0.29223747510409925,0.08212642,0.9999016,0.3737107543341186,0.2790813081524235,0.0848971,0.9999501,0.32408806537032786,0.3349571271802705,-0.038534533,0.9997467,0.3364961773946429,0.34032973258610566,-0.03929491,0.9997434,0.27034297591289513,0.4187256286091521,0.1339272,0.99961734,0.4136179027231113,0.43218042748098495,0.11139127,0.9997103,0.23638487798823415,0.6044848162448568,-0.0299543,0.99734306,0.45380159850555035,0.5951817352694753,-0.09219928,0.99848723,0.37716223701876206,0.43100218764740195,-0.27622634,0.9989883,0.27491076396735725,0.43485555882868493,-0.21441165,0.9985495,0.3804566818173174,0.7630055341253464,-0.016763767,0.99984974,0.28463627999254815,0.7768471054137821,0.017314712,0.99987674,0.4193148567956032,1.0533197976620168,-0.05752328,0.94702595,0.28344581386926304,1.0391343588365425,-0.045452297,0.92216706,0.2635689609162053,1.2921791784278158,0.18115294,0.09875371,0.4521389059606693,1.2789392741204373,0.21442203,0.09608443,0.27888419832742917,1.3270304643366793,0.19821638,0.056825966,0.4483683924119597,1.307740527892894,0.23815794,0.039168686,idle
0.3266544021439668,0.3158801503725265,-0.11034088,0.99988914,0.3142303018232878,0.2886261312940462,-0.08282176,0.9999062,0.34677214331795125,0.28122369763163796,-0.08237504,0.9998973,0.3010009238051351,0.2964248098263582,0.07011748,0.9999048,0.3626290726421936,0.29466060759671436,0.070775494,0.99995196,0.3156499124268969,0.3324904640934848,-0.05306502,0.99975085,0.3541897104889564,0.33912411616458504,-0.05339083,0.99974746,0.2597878522667507,0.42075342550252315,0.12505749,0.9996189,0.41473864442247566,0.42565299962986236,0.09247611,0.9997175,0.2341135175593565,0.5994150399959898,-0.036820285,0.9974789,0.4583109418681671,0.5916307586333689,-0.11437533,0.99857056,0.36670163544406575,0.43469594458631844,-0.29879397,0.99905056,0.27135387768730923,0.45230506955515154,-0.21919315,0.9986228,0.39012752934873873,0.7622065520137455,-0.016810426,0.99985963,0.2910670814744172,0.7678918330120518,0.017360969,0.99988365,0.42338248480977014,1.0539652115460143,-0.066384606,0.94841415,0.2925714061327007,1.044355325587973,-0.047316797,0.9228069,0.2725005949384116,1.2918757246855692,0.18273643,0.09630589,0.45014655018043215,1.2702206548797883,0.19032046,0.09276822,0.2681057850609976,1.325325843189058,0.20002675,0.0558197,0.45655369711379334,1.2927729151491907,0.21210897,0.037960462,idle
0.3162987639404313,0.31454680454536355,-0.10876997,0.999894,0.31267687323054694,0.2850435330842061,-0.08030913,0.99991053,0.34514569256809335,0.2755776284970426,-0.08058447,0.99990207,0.2993493466644308,0.30563205944933675,0.075268954,0.99990976,0.36195863923349747,0.2890707902658826,0.07231363,0.99995434,0.31868865193284546,0.33973966216901064,-0.05074536,0.99975914,0.3349762786223923,0.32865467834976064,-0.052066434,0.9997544,0.2625402853243989,0.4248309965433536,0.12753923,0.9996298,0.41348473342235736,0.420255936159955,0.09365193,0.9997256,0.22351040438301528,0.6009348846885324,-0.021290962,0.9976398,0.4485071580994193,0.594914374034885,-0.1121513,0.9986589,0.35962661879085833,0.4412409352282928,-0.29853576,0.9991097,0.26942147796867255,0.4466875287024681,-0.18660612,0.99870235,0.3794977975092997,0.7699039186454273,-0.016504973,0.9998704,0.2752149901260914,0.7724294234276518,0.017076304,0.9998924,0.4279896430795199,1.059058346439672,-0.06779541,0.95023245,0.28513509786297786,1.0421752746908144,-0.062491603,0.9248398,0.27001291817617823,1.2868776505056314,0.18790397,0.092000276,0.46058458022792537,1.2631315456914096,0.22511952,0.08780868,0.27472428857859355,1.3255818856887107,0.20817773,0.053872287,0.44537926734179323,1.3025919169369056,0.25205165,0.03675759,idle
0.3297695880078917,0.3054178842906345,-0.14032398,0.9999017,0.3152611530216495,0.2885313994511703,-0.110338494,0.9999168,0.3451764140875462,0.28072509537686186,-0.11273535,0.999909,0.29587871412853095,0.3030558610786679,0.049485892,0.9999164,0.3642189853482216,0.2959533095342314,0.03607824,0.9999574,0.3251460522666577,0.3358354885173856,-0.0820161,0.9997761,0.34084712267759454,0.3264670596132398,-0.08618724,0.99977136,0.25563334097005996,0.430884151585174,0.10194518,0.9996391,0.4075955618151941,0.42669898469172296,0.056116633,0.9997324,0.21713519005684667,0.5971885249820443,-0.09648207,0.99780333,0.4600151822912495,0.592642491427707,-0.17194344,0.9987336,0.3582665748863588,0.4342960901987949,-0.36767635,0.9991463,0.2598253098011145,0.44480558934668174,-0.31602272,0.9987732,0.4025589594156235,0.770760290763847,-0.015749041,0.9998719,0.2842918500962025,0.7894142834290185,0.016300272,0.9998908,0.42923290047548435,1.0514214393191381,-0.059963293,0.95251125,0.28936552068566423,1.0400750613999161,-0.062328834,0.92768514,0.28105299248291815,1.2840587150498597,0.1867657,0.09704095,0.4661249511599922,1.2689393213873432,0.19098362,0.093443066,0.27814471972927357,1.3229023459302731,0.20559648,0.056996528,0.47426145313165546,1.2970993040872065,0.21059749,0.03971338,idle
0.32863107254263857,0.3143885404262178,-0.15523468,0.9999089,0.31647333763194063,0.2927777842900776,-0.1278874,0.9999227,0.3479314726871815,0.2807855881622074,-0.13195303,0.9999153,0.3028084928576058,0.3060374375274848,0.029003188,0.99992245,0.36153502264013915,0.2915406207729888,0.008299547,0.9999603,0.32224649422844964,0.3444331541478264,-0.09691092,0.9997919,0.3428025354776445,0.33707743599043966,-0.10305621,0.99978703,0.2674753539135737,0.4200720835363379,0.09478457,0.99965435,0.41660437011810636,0.4345873825551621,0.023637826,0.9997423,0.22130275059109672,0.5972829048641468,-0.09696185,0.99793446,0.4546236497562989,0.5852237015645104,-0.20549162,0.998811,0.36642740657683837,0.429774321073604,-0.40359697,0.99919724,0.24032112296066088,0.44433213063504423,-0.33784863,0.9988389,0.38354766917368166,0.7742234222001971,-0.017118607,0.99986994,0.2868153170685904,0.7797087406755678,0.017621825,0.9998852,0.4350532900978591,1.0443137109924872,-0.058128297,0.95436984,0.2879215991766425,1.0405699097373415,-0.051808607,0.92966956,0.2631277030294382,1.2948602478177837,0.17572467,0.100417465,0.46183509318352023,1.268020860865602,0.161342,0.09642912,0.27850649981167497,1.3246084347523477,0.19064268,0.059412487,0.46854153120769026,1.304354722771377,0.17815062,0.041373584,idle
0.33302839472074486,0.3090662577339476,-0.14986639,0.9999023,0.3165065422497808,0.2872912440471558,-0.121464334,0.99991655,0.34329772824648386,0.28027006050241365,-0.12658897,0.9999128,0.3044973527267547,0.3059628312385891,0.03701258,0.99991506,0.36969490947674366,0.294846142132592,0.014305646,0.99995977,0.31888077471473564,0.32860048034754347,-0.09084101,0.9997742,0.34698470018987626,0.3483097706652187,-0.097590975,0.9997778,0.2641797577227113,0.43728367355417375,0.10505293,0.9995011,0.4200418089585195,0.4308285924259251,0.013496289,0.99973595,0.2184963918824686,0.5792805600701956,-0.10344205,0.99759144,0.45389662406718323,0.5835050004772936,-0.21891162,0.9988663,0.36171328496417265,0.42790567892477677,-0.40925533,0.9992234,0.2286669541271369,0.4469830160271181,-0.37568015,0.99819577,0.3942203819873833,0.7830820673524134,-0.019644503,0.9998567,0.28557557929743815,0.7812538456257955,0.020122165,0.99986,0.4482343820638013,1.0542362798296958,-0.06084317,0.95587665,0.2897459729150289,1.046354509737866,-0.05201252,0.9299769,0.2749599247998811,1.2877101515940108,0.15801415,0.10453488,0.4690104179536658,1.2707920902856207,0.15980338,0.10067486,0.27984868942178864,1.3216763114861827,0.17063808,0.061442018,0.4809985111491223,1.2984433458439686,0.17753005,0.043224603,idle
0.33046435161410925,0.3067028017521348,-0.21029763,0.9999008,0.31264891390050176,0.28457213615206634,-0.17680234,0.99991596,0.34361081212701394,0.28580603337481975,-0.19069839,0.9999148,0.30549151214231585,0.30526659514796717,0.008339764,0.9999139,0.3689024845652744,0.2978829488355651,-0.051537137,0.9999613,0.32150332055174735,0.3318604641100002,-0.14056233,0.9997841,0.3506614286389429,0.33614129742890475,-0.15804419,0.9997906,0.26579766337063004,0.43942834835286093,0.10971805,0.99942774,0.4263922883261042,0.4194013801315155,-0.058367215,0.9997293,0.20583612174610133,0.5614768101762735,-0.10869099,0.99624157,0.45424118027096216,0.5837693021188144,-0.33090279,0.9988967,0.365676647198107,0.4308167191767941,-0.57705504,0.999213,0.16202777942703162,0.43264183795015293,-0.45595255,0.9963675,0.39426901347131504,0.7755654393560857,-0.02860842,0.99978995,0.2996087519847761,0.7766486927102716,0.029144878,0.99977875,0.4571745033396639,1.0524712820596756,-0.08501583,0.956373,0.2863352428737689,1.0417799480562715,-0.06875609,0.9298281,0.2772667782046422,1.2906845698576201,0.15473218,0.122750305,0.4832220004973905,1.2812519826065654,0.14432135,0.11913543,0.2914207231801683,1.3156543574074449,0.16750792,0.070604995,0.47708639773781836,1.3044364407562778,0.16185322,0.050048422,punch
0.34191327706667174,0.30528071829720577,-0.23701902,0.9999081,0.31982680657588025,0.28756837510965144,-0.20085573,0.9999223,0.34050861542087485,0.2836217087076034,-0.21485129,0.9999218,0.31200712736627645,0.30844174842962874,-0.007244686,0.99992025,0.3647262810083708,0.29536021302510873,-0.06913638,0.9999647,0.31976725569065434,0.33349492607354425,-0.16525596,0.99980235,0.3548772542828269,0.3318571941100623,-0.18312636,0.99980897,0.2698170482294716,0.43911877076948846,0.11187067,0.999436,0.42716677019376825,0.422025597770943,-0.09107117,0.9997387,0.19271246404744413,0.5457408009733461,-0.0982023,0.9961033,0.4528026868742935,0.5809099051847451,-0.4028636,0.99896324,0.36447795063328015,0.42369796903713686,-0.674049,0.9992415,0.1367067561537546,0.427901648536425,-0.4092095,0.996269,0.4081904675125423,0.7811994564614378,-0.03678166,0.99976736,0.31560814202104126,0.7820078666713773,0.03736655,0.99975777,0.4513217938512688,1.0535067519791197,-0.08685507,0.9545915,0.29147721098329704,1.0559885598918093,-0.06832312,0.92721987,0.28397505667771417,1.2763280544158517,0.1445745,0.12936753,0.49095318484174966,1.268933542525321,0.15818836,0.122200124,0.27970269938096937,1.3170059230114075,0.1559051,0.07525409,0.4890081432603247,1.294357560347994,0.17726424,0.051946435,punch
0.32771020856882327,0.31540120929621784,-0.25747594,0.9999139,0.32965487062703047,0.2888754607127634,-0.2200524,0.99992627,0.34982797889929307,0.2843902718678445,-0.23514092,0.99992716,0.3240371824739037,0.30677254120291525,-0.022239896,0.9999246,0.37092221029517447,0.299824129618497,-0.08883331,0.9999674,0.3308936468916007,0.341701191408126,-0.1841939,0.9998179,0.35471375312829856,0.3362331168848023,-0.20340598,0.9998248,0.2804696389482747,0.4426371029323241,0.11178768,0.99944216,0.4358371235387961,0.4342045705102516,-0.1137705,0.99974066,0.18286867831039477,0.49397669042971604,-0.030785691,0.9956259,0.45324482539784805,0.5780948250307439,-0.43981743,0.9990001,0.36848055080583,0.428770352530338,-0.72049487,0.9992137,0.11618810396259094,0.41583430989148873,-0.30216512,0.9958426,0.40757958975358477,0.7810193700457038,-0.038557418,0.9996791,0.31470214089786375,0.7882785652181198,0.0391057,0.99966854,0.47269429388896167,1.053752293414841,-0.09720779,0.9506916,0.30104182114898814,1.0524076531809528,-0.09315272,0.9227396,0.28246496232516993,1.2921028078306507,0.1393646,0.15130992,0.5007836840683424,1.270580724093529,0.108971335,0.15000913,0.2972042417365558,1.3224867365232595,0.15163074,0.09124407,0.489546398856186,1.3060121753121532,0.12226568,0.062303036,punch
0.3387615443726224,0.3150071488431809,-0.25479227,0.9999179,0.3382472352759849,0.2999887137105819,-0.21368733,0.9999265,0.36398398616542704,0.29088961039646566,-0.2345988,0.99993074,0.3215755680080916,0.30463718067294027,-0.010669475,0.9999257,0.3755935072735799,0.31061366551892106,-0.10298933,0.9999691,0.3343062515066426,0.34313704039527804,-0.17895518,0.9998265,0.35528853457670695,0.34058419669106005,-0.20605251,0.9998344,0.27831101575832196,0.4486019979198716,0.12309833,0.9994506,0.45365388069377244,0.4307590022243739,-0.14169016,0.9997182,0.1719865752589269,0.4599262345644786,0.09765916,0.9955722,0.46279394088336245,0.5671890469270575,-0.49707738,0.9990212,0.3687671424808877,0.42205174326113304,-0.8034223,0.99920595,0.0758014244235865,0.38712838592965393,-0.051391773,0.99586654,0.4204956308091615,0.7773609484807346,-0.045850106,0.9995993,0.319420832227444,0.785694766956719,0.046307225,0.9996093,0.4743483906529494,1.0553899632974262,-0.1165836,0.94444054,0.303082044938748,1.0457452294168954,-0.08579197,0.9206406,0.2920761028397981,1.2901119673810308,0.16623673,0.16669098,0.48983449807814516,1.2731089066064474,0.121696115,0.16345584,0.29610223131209723,1.321808041048584,0.17967975,0.102376685,0.4985460921605066,1.3051142536734572,0.13770935,0.06749559,punch
0.35214808035408374,0.3260258208181997,-0.2995259,0.9999188,0.33320749215179013,0.2950958659643287,-0.25859782,0.9999197,0.3604801085725773,0.2929389171428419,-0.2769223,0.9999295,0.3396711162846153,0.3110138285958913,-0.045573447,0.9999203,0.3901378160380201,0.30203636289152314,-0.12665495,0.999968,0.34636190416872803,0.35038259751914497,-0.2194943,0.9998316,0.36119750585471533,0.34249530542339074,-0.24309072,0.9998401,0.28707944566895005,0.43730862577452084,0.10827754,0.99946946,0.46110943325946374,0.41417717036217416,-0.15345879,0.9996708,0.16383442425133998,0.42679189385659067,0.08631148,0.99538326,0.47032507404769586,0.5738089023335224,-0.5212245,0.9988752,0.369748617830314,0.43051360910695324,-0.86807996,0.9990264,0.051106671699941764,0.38305677991796583,-0.066276126,0.99581254,0.42642631095238026,0.7762878561987834,-0.044470064,0.99931175,0.3260241429227544,0.777352634194712,0.04487016,0.999418,0.4869971331333198,1.0583531203338328,-0.13349959,0.934587,0.3130629480587901,1.0507784076309783,-0.0830021,0.91469455,0.2951166002083184,1.2872474305576584,0.21244979,0.19439378,0.4941506509425063,1.2838547926530883,0.10264367,0.19305289,0.3030205398085831,1.331660065892772,0.22956724,0.121240675,0.5081469766084848,1.3022455310751273,0.1178238,0.07862163,punch
0.3526887821280842,0.3295116954728326,-0.29428482,0.99992347,0.33960448702470647,0.2994726840061957,-0.252102,0.9999208,0.37077561823506444,0.2902918911858026,-0.26988548,0.99993306,0.33651642310551766,0.31854395276561065,-0.038630456,0.9999216,0.3967655537486001,0.3045798677479443,-0.116925046,0.99996966,0.3424739301035017,0.3414992290058226,-0.21506032,0.9998381,0.36700618185941125,0.34326237287848044,-0.23796324,0.99984723,0.2862135796462427,0.43519970514277206,0.11071918,0.99948096,0.45191911974416954,0.42952768555173204,-0.14650157,0.99965566,0.15932034264869577,0.42061089040110994,0.12227396,0.9955949,0.4768797106355189,0.5751579556116171,-0.4998622,0.9989,0.37597648469946343,0.42449241178484454,-0.8306173,0.9990551,0.048646265442195524,0.38085874074881015,-0.011587054,0.9960179,0.4376045969834238,0.7835224217946504,-0.049212877,0.9992884,0.3294070111091898,0.7838151525292142,0.049577557,0.9994103,0.4878679619163395,1.0688006402761312,-0.13595384,0.92567146,0.30993062767764423,1.0486482900322665,-0.058880042,0.90601474,0.30205494893273255,1.2957318522897503,0.25209314,0.1879391,0.5052443442573775,1.28694810394835,0.11665747,0.18898988,0.31109331393547257,1.3164821325455502,0.27161402,0.12068968,0.49692018417772443,1.3094612769063498,0.12671514,0.07776533,punch
0.36798189244123136,0.3334993008825356,-0.2670619,0.9999274,0.3390539790449576,0.29400531804499286,-0.22457202,0.9999215,0.37456668543898486,0.29273814733173953,-0.24471824,0.9999359,0.3302211754613388,0.3122702010868671,-0.026293669,0.99992245,0.3919275195784139,0.30250535903358017,-0.100277506,0.99997115,0.35160752820543306,0.3375910660161373,-0.18776184,0.9998448,0.3756588578052744,0.3423866625274226,-0.21354306,0.99985415,0.2970780324227116,0.42672979738150335,0.15542789,0.99950546,0.4647456869236013,0.42026931382955224,-0.13828802,0.9996457,0.17104252663599828,0.4302514280957269,0.1598661,0.9957042,0.4846371124117482,0.574198264212647,-0.4983471,0.99890786,0.3774869469441293,0.432481477306798,-0.82216454,0.99908906,0.0691637306982078,0.38887668119979985,0.023583036,0.9962354,0.44257752315342147,0.788403461751118,-0.060305197,0.9992938,0.34014861612291203,0.7857177641263308,0.060658913,0.9994291,0.4882014544748834,1.069726448202571,-0.1587477,0.9148722,0.31919075380448547,1.0609209830717294,-0.059148263,0.89662546,0.3140346187702808,1.3062016925150166,0.27042246,0.18399914,0.507056683366496,1.280315122065317,0.12573755,0.19069088,0.31643642892116,1.338071105786899,0.29203585,0.121576525,0.5031151941848018,1.3152901566010573,0.14171624,0.0774352,punch
0.3609061103354757,0.31623202549434054,-0.25959355,0.9999312,0.3568631627283231,0.2991211464210056,-0.21719646,0.9999236,0.3814610939149937,0.29594248969601095,-0.23675136,0.9999392,0.34514578910514493,0.3062841363684762,-0.01661204,0.9999249,0.40245784422014996,0.30402666595738126,-0.09215922,0.99997276,0.35399064810526903,0.3506416000202171,-0.18134052,0.99985105,0.3839694848662967,0.3455901293814727,-0.20656607,0.9998606,0.30850528865560267,0.43003520076360824,0.14822201,0.9995176,0.4754109818796588,0.42580182372974085,-0.135516,0.9996345,0.1683495782535731,0.45537173680435333,0.12539183,0.9957965,0.48542455644124727,0.5677238544525041,-0.499588,0.9989619,0.3932602073075063,0.42697892787828734,-0.81232643,0.9991358,0.08998387939883357,0.3957119291474891,-0.007998078,0.9964133,0.4541791299540916,0.7758389359460284,-0.057585955,0.9993119,0.3419599811628756,0.7814135817950715,0.058026858,0.9994493,0.5042329395978851,1.067290664408515,-0.13959315,0.9025845,0.33273156949994764,1.0740255731023227,-0.09139041,0.88395125,0.3177767904567588,1.294373797092697,0.24283722,0.17404856,0.506198337688555,1.2931661664612046,0.1233513,0.18648426,0.3177784264444593,1.3341623378014422,0.2602448,0.11768775,0.5213354314793988,1.3184442272358323,0.13968462,0.07502175,punch
0.3718455354244652,0.31282662682531215,-0.18531516,0.9999366,0.35908865119998545,0.2935045872830352,-0.14142154,0.99992967,0.3815816365672263,0.29078769396122117,-0.16337687,0.99994415,0.3633498197313946,0.3083204935154221,0.0753061,0.9999313,0.4153569669138816,0.3152915296603868,-0.019963464,0.9999751,0.3662911154187978,0.34288193596300165,-0.10367471,0.99986243,0.38049481750335323,0.34095794577302907,-0.13218652,0.999871,0.3171199198879666,0.4290786903106331,0.2084086,0.99955267,0.46884397570309666,0.42186098315299164,-0.06602743,0.99965215,0.21210623733909129,0.4836374935496851,0.09282788,0.99602526,0.4905202025056036,0.5737587749931685,-0.46563548,0.9990259,0.3935571050691212,0.42556601365815405,-0.7458726,0.9992028,0.11059520103834397,0.4068619052556647,-0.12148055,0.99664325,0.4534098868655416,0.782786699460631,-0.05485437,0.9993659,0.35527938583900054,0.7918450167271707,0.05534191,0.99949384,0.505836215595206,1.0690068183876968,-0.13268015,0.9043607,0.31894209438593746,1.0577344719722008,-0.10350104,0.88602096,0.3276426492867307,1.3025793060416913,0.21924308,0.1666784,0.5085741581843723,1.3047396795743278,0.12600163,0.18508917,0.32611648872225407,1.34177198896503,0.24118833,0.114424385,0.5166483438535865,1.330408496302752,0.14319041,0.07394476,punch
0.3827077226152298,0.31957039043330915,-0.17128174,0.999942,0.37522897692860824,0.2966017507644659,-0.13007088,0.9999359,0.3964084299846219,0.2926199885126231,-0.1503156,0.99994904,0.3581069759826021,0.3076518953826921,0.086168006,0.99993753,0.4161989213634073,0.30937854237161155,-0.0039666104,0.99997735,0.37332579351665063,0.3528097671270893,-0.089417264,0.99987453,0.4002540238625294,0.34334649901841024,-0.11605295,0.9998823,0.32445948107804146,0.42793228612833156,0.22629973,0.99959064,0.4786176004831424,0.4203805445650055,-0.034475986,0.99967635,0.23225723364554285,0.5234003726666525,0.08188431,0.99622506,0.49441090191067427,0.5778901870691794,-0.38419545,0.99909246,0.4070109952636295,0.43191000738723784,-0.70027274,0.9992726,0.151316563936858,0.426826674909496,-0.20505993,0.99689627,0.46413963817989434,0.7859018110416778,-0.05438794,0.9994205,0.3656938879530155,0.7817394796187411,0.054998137,0.99953884,0.49917466238486385,1.0718713607581218,-0.12880993,0.9049034,0.33483307085797576,1.0691666786496319,-0.09872504,0.8863864,0.32615840120390316,1.315291386377467,0.20846102,0.15549582,0.521173532459329,1.2968203996329186,0.14050546,0.17484374,0.3324181065945184,1.3423074359668274,0.23090036,0.10744059,0.5134817857871841,1.3268241144949862,0.16095987,0.06945501,punch
0.3804693161734126,0.32463215408768203,-0.15559489,0.9999461,0.3695004293317169,0.2930622584893167,-0.1167835,0.9999412,0.4047160079584696,0.2892617808773938,-0.13914959,0.999953,0.36660795396997803,0.30272321658744694,0.09748491,0.9999428,0.42414975029094915,0.30780102418327854,-0.003260998,0.99997926,0.3761366367649608,0.3444105410219556,-0.07340722,0.999885,0.39235163281028496,0.3357275967564916,-0.103120506,0.9998922,0.3363696882880002,0.444426563108372,0.23347044,0.9996242,0.4903069876170163,0.40973969312900704,-0.019367255,0.99969983,0.25593187368538617,0.5583903537299186,0.04969247,0.99618304,0.5024634713148508,0.5714172445833968,-0.33431327,0.99913365,0.4132936058394142,0.42924012857168375,-0.6279443,0.9993274,0.20094233148980045,0.440536247905643,-0.30981907,0.9970285,0.46046058997290684,0.7746959985224334,-0.053365935,0.99946666,0.3621329989274753,0.7806727004616063,0.05397437,0.99957734,0.49407893185152385,1.0625869121806817,-0.12715834,0.907962,0.3375959921168099,1.04718358320405,-0.10329126,0.891979,0.32016465730510735,1.3063361038576684,0.17683095,0.1558552,0.5251003173800084,1.2847917697767393,0.1788397,0.17065105,0.31764086297369853,1.3356454403695934,0.19623938,0.10630542,0.5237649327240321,1.3085453924462633,0.20438686,0.06727974,punch
0.38820505082163315,0.3248414664340508,-0.12248864,0.9999498,0.3746049674947207,0.29823479401943653,-0.08463589,0.99994594,0.40590905076515205,0.2845504125964344,-0.10351008,0.9999564,0.3711757005068904,0.30857444193160066,0.12110361,0.99994755,0.422958570868216,0.3029630936416399,0.035837557,0.9999809,0.3733733988831446,0.34513612366692836,-0.04396536,0.9998941,0.3989934702279653,0.33891145376570164,-0.06901009,0.9999005,0.33672306906163596,0.44164311610518564,0.23893218,0.9996547,0.4807363277048379,0.417463524781433,0.022475602,0.9997215,0.26526271168863014,0.5583312005857456,0.022540126,0.996346,0.505163736915631,0.5794583326555333,-0.26364195,0.9991719,0.405834991255967,0.4269571252877143,-0.5279722,0.9993786,0.22134933197681106,0.445978353743347,-0.33103904,0.99720204,0.4544358436840249,0.7752840729539086,-0.05283422,0.99951196,0.36259181681830077,0.7815375585797869,0.05344131,0.999614,0.5001498637796735,1.0632461447630233,-0.12870184,0.913428,0.33628454023267607,1.045635140118061,-0.101610675,0.8991709,0.32145566802218184,1.3120597232078104,0.17512545,0.15773669,0.5160744843211964,1.2805847144790037,0.1926305,0.16704121,0.3158882553861493,1.3369608846029168,0.19455712,0.105019815,0.5189688624607365,1.3157851814489172,0.22002499,0.06570172,punch
0.4017948801125649,0.31953247066112955,-0.13980162,0.99995226,0.3822531776158876,0.30243598694491963,-0.10617967,0.99994916,0.41676400151361803,0.2911392690342385,-0.12139865,0.999958,0.3758418148604391,0.30650947457392996,0.09226938,0.9999507,0.42971845583312773,0.295207406777251,0.01709437,0.9999817,0.3774253827192261,0.3574734689174251,-0.065579295,0.9999019,0.4073807988901015,0.34962981519283276,-0.085963875,0.9999078,0.3435864380458481,0.43680404116994365,0.22256061,0.99968106,0.496694191146567,0.4106912577144886,0.02244411,0.9997389,0.28043118342773865,0.5768669689304006,0.010067412,0.9961104,0.5102869877250569,0.5768464321109681,-0.23755006,0.9990785,0.4227707809747202,0.44371844963296,-0.49128214,0.99936116,0.25157544021337586,0.4502288891419059,-0.29676002,0.9972468,0.4600561486968203,0.7759433464804298,-0.046295367,0.9995306,0.35970410917271545,0.783280586021306,0.04686639,0.9996302,0.4956422428179319,1.0660625449115448,-0.10115981,0.9167643,0.33184638728133264,1.0423492223353545,-0.10990299,0.9048148,0.3165173370542128,1.28389538691135,0.12752953,0.1750857,0.5226999351570649,1.2716439230861867,0.20479146,0.17730743,0.324136010173771,1.3169753283363044,0.1429859,0.110813595,0.5256477886602126,1.284917049247394,0.23013952,0.06809249,punch
0.39410577364833244,0.3267696083806195,-0.13343282,0.99995476,0.38469585539969,0.3051487732937397,-0.102390826,0.99995226,0.41527516931071773,0.2953204575256752,-0.115464106,0.9999594,0.3728079566287603,0.311156667241213,0.08917835,0.999954,0.4376961447251866,0.2973223555597203,0.027237967,0.9999823,0.3896261279923273,0.34445618397789357,-0.059188914,0.99990934,0.408015248255581,0.3363413868664589,-0.07691538,0.9999144,0.32994606483306943,0.44195509385052695,0.20951727,0.9997077,0.49156742685814625,0.4158580044994352,0.048329525,0.9997562,0.2819483574674818,0.5940256426142635,0.01033698,0.996125,0.5149252033602576,0.5799351098020031,-0.19932443,0.9990006,0.4274384775873886,0.4360908169599552,-0.45542544,0.9993452,0.291910694277411,0.45693631716751526,-0.2860511,0.9973394,0.4691696813599663,0.7744681025476126,-0.039451845,0.9995527,0.3658517122262249,0.7825316673971732,0.040083706,0.99964994,0.49752114946920245,1.0681415939100083,-0.083464555,0.920917,0.33429545611352496,1.0528972807446682,-0.11881242,0.9112258,0.3126215314459152,1.2885728194316015,0.09866698,0.19588631,0.5207558106268263,1.2621398534643018,0.2247721,0.1886301,0.3198419587002611,1.3161270556051663,0.11218314,0.11810634,0.5242430514020047,1.2841023264065559,0.25003242,0.07155695,punch
0.3990920442367727,0.3194596165127584,-0.12948014,0.9999555,0.3800572093000404,0.2964471919499619,-0.09901785,0.99995357,0.41046033506025414,0.2962863709883244,-0.11265819,0.99995875,0.36966411671119936,0.31916911771409523,0.08815469,0.9999554,0.4345450737673294,0.3053729726390493,0.023841891,0.99998194,0.3916791297856439,0.3454595075895214,-0.056598693,0.9999127,0.40816436241455434,0.3481563256938618,-0.075481094,0.99991685,0.34189871268343286,0.43133789164544845,0.20505972,0.99972785,0.4827007171903799,0.4020870050124306,0.04349215,0.99976754,0.30144943457814977,0.600410165335876,0.013859389,0.99611235,0.5098948780403718,0.5646904641338546,-0.20588788,0.9989582,0.42237747282818694,0.43930071694293454,-0.44965616,0.99934393,0.2988220449232798,0.44764876943968807,-0.26419562,0.9974527,0.4554601138265889,0.7610984819403167,-0.038103662,0.9995762,0.3688136020217816,0.7764403127902935,0.038773663,0.99966913,0.49502881832164336,1.0692561882986111,-0.073093235,0.92200094,0.3310983416256946,1.0473338190592085,-0.115598306,0.91452146,0.309741339474106,1.2885412066731474,0.09905762,0.19508559,0.5235644106292763,1.2746175518868215,0.22990394,0.18526216,0.30878371925364956,1.3173753337484637,0.11235185,0.11684316,0.5314338405457828,1.2891538940372318,0.25433218,0.070384026,punch
0.3990569911658849,0.3250814091707157,-0.13981839,0.9999545,0.3848154591374563,0.30455958952160506,-0.1014723,0.9999534,0.41019849946925746,0.29102389346625934,-0.11773275,0.99995637,0.374875954398349,0.3139174772254174,0.07880978,0.9999557,0.4335342809569519,0.3022979361718431,0.017308421,0.99998075,0.39048295899256635,0.3449676366267329,-0.06545158,0.9999155,0.40327490052210013,0.34083151428689823,-0.085860506,0.9999186,0.3293406653896832,0.4364661776442983,0.18373585,0.99974364,0.4943387934041502,0.41054812694835474,0.029157516,0.9997738,0.30833529089477363,0.5955272650300127,-0.0023091058,0.99599475,0.5195963931894665,0.5815956894183955,-0.22484379,0.9988645,0.41915440171911167,0.44446107480596314,-0.4805625,0.99928707,0.3185004564751357,0.4535470923238727,-0.27932185,0.99748546,0.46345336872901977,0.7685227355872224,-0.03579481,0.9995834,0.360642233848971,0.7818131789928732,0.036526322,0.99967873,0.4899082259674603,1.0602675578396266,-0.051397968,0.92082477,0.32849838623384475,1.0479801603750358,-0.11612059,0.9162983,0.3208943318598019,1.2872295852481135,0.10112411,0.19605543,0.5248903109473488,1.258699673104542,0.25343865,0.18372668,0.3202634852678672,1.3145177892376905,0.11476952,0.11747404,0.5360969214464197,1.285957422115393,0.2774901,0.07016162,punch
0.4006352071148319,0.3163484404332079,-0.14627032,0.9999474,0.3900428589784939,0.2952283103668354,-0.10669079,0.99994785,0.42375165358887545,0.2926130341794286,-0.12473472,0.9999471,0.3732843953423084,0.31349422628031914,0.077435724,0.9999516,0.43242661850566133,0.2991904120619854,0.011561191,0.99997693,0.39061172602357175,0.35090481400872364,-0.071524814,0.9999112,0.4180635260888179,0.34312172767227433,-0.092089295,0.9999132,0.34443974291522494,0.44166286118180836,0.17841169,0.99975264,0.5008224529635116,0.4047370557698907,0.036817927,0.9997776,0.3105687897312722,0.612115471589635,-0.0035416507,0.99555427,0.5216790746620685,0.571341644571092,-0.2112103,0.9987515,0.42842882020630024,0.43181882468925187,-0.46194372,0.9992225,0.33193641083055947,0.44798554806832447,-0.27340588,0.99735224,0.45685159611381954,0.7681849419634574,-0.034191184,0.9995966,0.3598034580770342,0.7658064613029617,0.034925275,0.9996898,0.49672877828541306,1.0526759823417198,-0.05636391,0.9218231,0.33546289025695286,1.0470275398978017,-0.11376263,0.9182562,0.3266496833637569,1.2880567980928852,0.11784921,0.19691023,0.5165613228917889,1.2618112033070148,0.25561062,0.18362258,0.31888080136927344,1.3113328593586155,0.1328377,0.116413414,0.5363581715101474,1.2800023784392078,0.28059766,0.06990322,idle
0.39972038447260316,0.327133282373612,-0.12191661,0.9999434,0.3869828556056154,0.30030875781110195,-0.08864133,0.9999455,0.41666900791019124,0.28991972235233954,-0.10087037,0.99994165,0.37754744534625917,0.3064549707248645,0.09603935,0.9999495,0.43959302117675925,0.3033084398202856,0.041701525,0.9999749,0.3912104313345195,0.34898516056972434,-0.04999275,0.9999068,0.4048351573438308,0.34219333044084027,-0.06642021,0.9999074,0.34283558627577304,0.42961843556672036,0.1838028,0.9997605,0.49754788165806774,0.41239434179333523,0.072443746,0.9997817,0.32304602104136426,0.6060777841910407,0.0031879582,0.9953874,0.5114212567699743,0.5697539219992032,-0.15724301,0.9987158,0.42740425874249566,0.4337657844676034,-0.37306586,0.9992069,0.34081664133869327,0.45542052942252426,-0.25026503,0.99735683,0.45544921485062684,0.7708422369445208,-0.032524623,0.9996244,0.3666868684511392,0.7699733800851665,0.033289406,0.9997119,0.4977092045111471,1.0631394131090304,-0.063358776,0.9230364,0.3317597672918815,1.047180351357322,-0.1125692,0.9190627,0.30763403223197083,1.2806000346522148,0.113210656,0.18910815,0.5238578059706146,1.2646618109697834,0.25848728,0.1745214,0.32467917053220896,1.3128368068953042,0.12789614,0.110603794,0.52564589731695,1.277498776684581,0.2850005,0.06632314,idle
0.40581183495041473,0.3093127319639785,-0.09447252,0.99993944,0.3882047477292242,0.29669284562511583,-0.06085869,0.9999426,0.41392329047704435,0.2847138531287583,-0.07089789,0.9999374,0.38791812824488126,0.3105878337789451,0.12226125,0.99994546,0.43762910592514537,0.3000782978871645,0.07398795,0.9999733,0.39318681078119744,0.3421938362852695,-0.024928197,0.99989575,0.4162878245445112,0.345712453561198,-0.039414894,0.9998966,0.33865896420837927,0.4310444904268909,0.19451737,0.99975955,0.4947192245308587,0.41262164784366684,0.09425701,0.9997871,0.31343285419148437,0.6091589112740005,0.005350839,0.99532557,0.5165781861086569,0.5808055205576977,-0.13308483,0.9987378,0.42422168395906634,0.4384168229270299,-0.32622755,0.9992264,0.3487830419889114,0.4628155373116233,-0.24049337,0.99736696,0.4573241487449875,0.7768021614594278,-0.032063264,0.9996535,0.35952040741889135,0.7733695276262442,0.032824136,0.9997339,0.5031029103247495,1.063237283219913,-0.06607087,0.92280954,0.3370575011272109,1.0384057466425558,-0.10957638,0.9162128,0.3163415030787926,1.2824367974496655,0.11309866,0.17681746,0.5239739045899514,1.264235523017232,0.24347523,0.16324879,0.322102335102206,1.3153823965320217,0.12737474,0.10361219,0.5377979546345859,1.291794015649541,0.26845783,0.06200483,idle
0.3931108133315898,0.32839984327047544,-0.08416162,0.9999308,0.3891425139388164,0.29870072926455926,-0.04975065,0.9999363,0.4242039156926195,0.29030463443557325,-0.06190475,0.99992955,0.36600248728786366,0.3164610525752315,0.13634202,0.9999383,0.44125300562084613,0.30847721256430355,0.078400776,0.99997085,0.3912992047557299,0.34059832668595,-0.01355498,0.9998752,0.412770748458138,0.3390518112764405,-0.030758044,0.99987894,0.3520309255342122,0.4262878124788923,0.20580864,0.9997504,0.5029671903635564,0.41571562675798135,0.09453249,0.99978954,0.3228075656713405,0.6061791238469408,0.0050992756,0.99505174,0.5215340594979463,0.5740963066482806,-0.14648631,0.9987311,0.43304419588206366,0.42898939094242683,-0.3424314,0.9992299,0.35301005838627797,0.4597912926629429,-0.24114828,0.9973037,0.45263333712652476,0.7711443087336375,-0.03236551,0.9996798,0.37158880548738094,0.7663172548505379,0.033120036,0.9997534,0.5051418101692134,1.059663723955048,-0.06575792,0.92437613,0.33526305721131444,1.042068794594154,-0.09859523,0.9175763,0.3157144233066673,1.2883961050131691,0.11126987,0.16891931,0.5205641815518394,1.2625426415307028,0.2454956,0.15417744,0.31972882064834385,1.3336835301782484,0.124257945,0.098412514,0.5141023547780532,1.293506209916411,0.27049595,0.058561217,idle
0.40389408005971805,0.3197708282921993,-0.101463996,0.9999178,0.3928373849750164,0.29942811998307234,-0.06786938,0.999926,0.41472242399487336,0.29838888835268207,-0.08094397,0.9999167,0.37669920775124943,0.3043858736586274,0.12092407,0.9999281,0.4415290357778129,0.29631679129723143,0.05938064,0.9999663,0.39892128677455674,0.34795826558958265,-0.029126588,0.9998561,0.4134898421140454,0.341418997651956,-0.04736268,0.999862,0.3425904856845745,0.4365315377988567,0.20309606,0.99973696,0.4988658014334062,0.41348291275224414,0.08422837,0.99978703,0.3169040490417834,0.602910142972185,0.0044388724,0.9945065,0.5151517225241291,0.5714068386500903,-0.15402149,0.99865645,0.4282250381824153,0.42969792929364903,-0.36781305,0.99917865,0.3421961940347964,0.46262036558771785,-0.25123397,0.9969855,0.45579398864730813,0.774373492038302,-0.03190251,0.9996963,0.35939212425121825,0.7715097446470898,0.032643862,0.9997651,0.4879395080034429,1.0674450629927672,-0.06667898,0.9276273,0.3372564734444661,1.0512604598133506,-0.0988025,0.921315,0.3185315303550059,1.2819739338065073,0.114845835,0.17170288,0.520970520200311,1.261348567127238,0.24020939,0.15250035,0.32296837581173266,1.3270073401287603,0.12845083,0.09760745,0.521723007575831,1.287066868725193,0.26494354,0.057782773,idle
0.4031364168819467,0.3224543782222162,-0.10586314,0.99989897,0.3831871380668721,0.29422853016688844,-0.0731664,0.9999117,0.4101025420871084,0.2800530135368796,-0.08610145,0.9999018,0.3688309567598863,0.3140694259688436,0.11366458,0.99991405,0.43561641862912637,0.3027868095947756,0.052078314,0.9999611,0.39301612325536617,0.3465845978592065,-0.034692902,0.9998152,0.41585605919079593,0.3478977954696619,-0.052664213,0.9998259,0.35066590455295876,0.42807344971109684,0.19632319,0.99968874,0.49346568254901146,0.40796306744450433,0.074246235,0.99977636,0.33032278390250636,0.6109544578576398,-0.0075872997,0.99430674,0.5086644400676845,0.575660361552218,-0.17081895,0.9986605,0.4260301995538758,0.4309063813873597,-0.38538292,0.99917245,0.3467645989322621,0.4723326915135583,-0.263582,0.99677736,0.46146185164002385,0.7661199624927645,-0.031504143,0.999715,0.3530591529116671,0.7708534312838545,0.032230087,0.99977744,0.48984859347699916,1.063456968015323,-0.067417815,0.9318557,0.3347941177199083,1.0449195320675406,-0.09314732,0.9253868,0.32805117182074217,1.2980750000533285,0.1262027,0.17012009,0.5063973767564789,1.269436220798672,0.23050895,0.1493562,0.3214527528342168,1.3288699345409432,0.14050739,0.09637203,0.5077380536762259,1.3003596297939843,0.2538719,0.05717927,idle
0.4049011696440361,0.31567344690521293,-0.10452683,0.99988437,0.38245915007649267,0.293229254334989,-0.07177431,0.9999011,0.4114384975634704,0.2938326110586689,-0.08284743,0.9998902,0.37570351808994296,0.30665059063352523,0.11316218,0.9999037,0.4412055569762857,0.2967505882416123,0.060553633,0.9999567,0.39631036665880026,0.3471459084729288,-0.034093846,0.9997849,0.4070289287258124,0.34191535574406823,-0.049740475,0.9997985,0.34377907241534333,0.43675528890840454,0.19383751,0.9996571,0.4919687510039411,0.40229279178666144,0.086846545,0.9997679,0.3170161923209738,0.6116622796445603,-0.014158984,0.994208,0.5160412457327122,0.573786748780626,-0.15632589,0.99865305,0.4247315878341871,0.4344975878685813,-0.37253675,0.99915785,0.3504006438902152,0.48278780421622475,-0.2716661,0.9966538,0.4593989263777385,0.7693535775523548,-0.028677339,0.9997309,0.3515540812497657,0.7692609233506588,0.029371152,0.99978805,0.49021325987468856,1.0660150901304244,-0.068066314,0.9353166,0.34005551213327934,1.042170420953887,-0.09335925,0.9285188,0.31494138441952935,1.2901655192991872,0.13837114,0.16765347,0.5101723896652428,1.2748333573171833,0.23026343,0.14622831,0.32496141554818625,1.3354433719062775,0.15462485,0.09446038,0.506936857940834,1.309668207833383,0.25370094,0.05647887,idle
0.39785781049950986,0.3235784661353312,-0.09147792,0.9998756,0.39025454719819597,0.28371806389829735,-0.058924414,0.99989533,0.42061447085859094,0.28549652121727176,-0.06844884,0.9998843,0.3660574423315437,0.3103927923980691,0.12337865,0.9998967,0.4380231905332356,0.3013685536454134,0.07733263,0.9999552,0.394210537720286,0.3354655617050056,-0.022110617,0.9997578,0.4087563869751156,0.3497330138258114,-0.03587959,0.99977505,0.33631771636975993,0.43017063191844135,0.19536844,0.9996372,0.4937934730285274,0.41724123595685436,0.099779844,0.9997686,0.3171029074193479,0.6167803383816305,-0.017028736,0.9943213,0.5227400135680992,0.5795852349652084,-0.13738796,0.99871653,0.4280739700167905,0.43293837317094824,-0.33757168,0.99920154,0.34152895191780797,0.4733148273957817,-0.2867654,0.9967082,0.4547971500992912,0.7723827053118436,-0.02846907,0.9997513,0.3550144720666827,0.7764928466201133,0.029167617,0.99980325,0.4947006961541389,1.075762053375792,-0.06888531,0.93778896,0.33773033314177825,1.0369109185958525,-0.08850874,0.9282939,0.3296364653621012,1.3054276665315794,0.15062836,0.15609743,0.4988392062751712,1.2813118553222587,0.22743337,0.13686797,0.3178700415863751,1.3420102496809416,0.16782853,0.08879522,0.5006422449732097,1.303793820631967,0.2511065,0.053352106,idle
0.4027113376846644,0.3206938568367701,-0.09655043,0.9998706,0.38762684769407296,0.2976549027078232,-0.064022474,0.9998917,0.4093176752800092,0.2861217495638185,-0.07431941,0.99988204,0.37817978846127565,0.3075856718200518,0.11983353,0.99989134,0.435951211303489,0.30562642193606193,0.07033257,0.9999552,0.38010045337155285,0.3491053924439011,-0.02639111,0.9997358,0.41418708357759393,0.3449077489418101,-0.041106477,0.99975985,0.3493578881965729,0.4317241975081796,0.1954358,0.99961025,0.48247382446186393,0.40142172846637403,0.09193058,0.9997731,0.3179625685080688,0.614502809327942,-0.020457355,0.9944151,0.5148360890811212,0.5834567596317393,-0.14901295,0.99878263,0.42542672430257666,0.43565877511348805,-0.35412985,0.99924403,0.3419128657326068,0.471270063071953,-0.3058173,0.9967544,0.4419374171507289,0.7691936832383476,-0.02873486,0.9997703,0.34026375606025916,0.7671097261219793,0.029432755,0.99981695,0.4962616425397589,1.082106993476594,-0.06980915,0.94053245,0.32577353267915254,1.0443277409283622,-0.08439435,0.9292621,0.32224327991887525,1.3123072209361444,0.14892842,0.1465701,0.49735195454377457,1.2882215768477392,0.22079201,0.12927866,0.32086789922145365,1.3349729804316384,0.166719,0.08424447,0.494736857798031,1.316306645958479,0.24331804,0.050922398,idle
0.4050312455646975,0.31727853819983837,-0.08269753,0.99984664,0.3835442960154283,0.29610338538340986,-0.05017505,0.999872,0.4090143123277117,0.29117966160844344,-0.0636535,0.99986535,0.36980331099448516,0.30791737819860915,0.13100772,0.99986863,0.43306980487251645,0.29774482731211244,0.068832904,0.9999502,0.39779144896701113,0.34334643145809945,-0.013299294,0.99967265,0.4102402613389212,0.3380411424364287,-0.03211367,0.9997138,0.3384173385571151,0.4377852932828257,0.20193613,0.9995589,0.49510934265222484,0.4105672152492973,0.08619763,0.9997685,0.31683799591508033,0.6156206485762262,-0.007904725,0.99397314,0.5105798148566236,0.5753535594932128,-0.15720251,0.99881727,0.4192078329758735,0.43050621157394814,-0.34753653,0.99926776,0.337393763271709,0.47725460481030496,-0.2701794,0.9964782,0.4410089300093115,0.7691409664518692,-0.029378146,0.9997841,0.3569283695173404,0.7693309460292691,0.030068804,0.99982613,0.4907538233248636,1.0746088431605914,-0.07070899,0.9420749,0.3294834993597583,1.0524298066608009,-0.07878785,0.9293817,0.3131203567978973,1.3042854803748107,0.15425798,0.139633,0.4988511489009778,1.2921112061085274,0.20970432,0.124243915,0.3210224953740214,1.3464844815070243,0.17088127,0.08085613,0.492536090435443,1.3150941785599768,0.23092265,0.049004477,idle
0.39734727671162606,0.3274933692760246,-0.06442901,0.99984205,0.3847871207816974,0.3062872602493683,-0.031827457,0.9998684,0.4054407780337188,0.29038339833503,-0.04608427,0.99986327,0.37013540815102597,0.3040206012766268,0.14409657,0.99986285,0.44020621421805217,0.30111428057902,0.07652752,0.99994993,0.38091014226985787,0.35288304378737584,0.0025393497,0.99964637,0.40260002698620767,0.33477800577540445,-0.017555274,0.99969614,0.33807129824925974,0.4359742156370202,0.20643394,0.9995435,0.4900800559757601,0.4115139015304644,0.08420976,0.9997714,0.318350104504179,0.6051131571090383,-0.002282951,0.99399424,0.5133240266582115,0.5740920030069279,-0.16027032,0.99887294,0.41317655168328393,0.4312587592528223,-0.331291,0.999307,0.33264699960063104,0.4750370233080149,-0.25141114,0.99654776,0.4358985579388496,0.7690163519654674,-0.030600693,0.99979955,0.345369291322282,0.7728684821484694,0.0312657,0.99983734,0.48386536297623584,1.072322432154141,-0.0700284,0.9432833,0.33954880431504353,1.0473048910649507,-0.06576512,0.92904156,0.3123816161799624,1.313183152503616,0.1566203,0.13153838,0.4906923519884827,1.2953114896920765,0.20038192,0.11788012,0.3130751297377037,1.346315944671254,0.17215165,0.07692287,0.4900813605569643,1.3222582098639193,0.22067873,0.04661065,idle
0.38458113973173946,0.31506180904588565,-0.067063436,0.99984103,0.37794611453955607,0.30326792934061,-0.034258567,0.9998681,0.4037308902766841,0.29190214220116156,-0.046914294,0.99986345,0.3695928462845737,0.32050650792166013,0.14080113,0.99986106,0.4317987924623027,0.308274114308493,0.07919009,0.9999501,0.3734244791086425,0.33602073582391123,-0.0008670151,0.9996359,0.4039258331702963,0.3429788862449757,-0.019016016,0.99968815,0.340592051736167,0.4309289081990728,0.20536253,0.99953485,0.4990598343138414,0.40976093633531246,0.084190145,0.9997724,0.3147447685252006,0.607706083664521,-0.0022669532,0.9940958,0.5063738048898072,0.5751263778289439,-0.1577228,0.9989111,0.4178267163424384,0.4225104011235239,-0.32345805,0.9993393,0.33583336140592046,0.4759238374264605,-0.24289003,0.9966518,0.4417639022577483,0.7722384466986377,-0.031117465,0.99981326,0.34228196975548375,0.768584960293523,0.031769335,0.9998476,0.47587224813772777,1.0661544230528854,-0.0645404,0.9441224,0.3210844271465756,1.039274132032375,-0.062240385,0.9281585,0.31003538410420417,1.30777626911708,0.15863842,0.12397865,0.49557218690141824,1.293493283574502,0.2021079,0.11176755,0.31255890131918995,1.3424663315169991,0.17384936,0.07298461,0.49287795608988694,1.3197628839645583,0.22271445,0.044113304,idle
0.3853819776306896,0.3183914188176123,-0.0688417,0.99983364,0.3803599387073773,0.2986715546384088,-0.035604645,0.9998623,0.39606305593280944,0.29372863043583086,-0.04734479,0.9998592,0.36707650336684006,0.3049291473631324,0.13911828,0.99985385,0.43604491384517907,0.29499693443620956,0.08220197,0.99994904,0.3847771664561356,0.33930912585426304,-0.0030454374,0.9996047,0.39885697514432883,0.34660182152973207,-0.019875705,0.9996635,0.3294023934406636,0.43609912846297016,0.2043742,0.99950135,0.4885806460315615,0.4097532301671736,0.08303226,0.99976975,0.31359060418653983,0.6084375960416184,-0.007931611,0.9942599,0.5027988976923488,0.5792548872495801,-0.15887173,0.99894685,0.4068083960684362,0.4288618941160149,-0.31318945,0.9993608,0.3338784031592964,0.4664760505301598,-0.23991482,0.9967321,0.4403376366822105,0.770531806212131,-0.031571485,0.99982584,0.3449286297390295,0.7768062649171583,0.03223156,0.99985677,0.476943129098527,1.0701188176816858,-0.059253883,0.9446023,0.31676789304297237,1.0487471620895024,-0.055262197,0.9264385,0.31186495862759855,1.314858797639405,0.16230877,0.11621143,0.4884131454798871,1.2904560013020636,0.20356612,0.10548813,0.3233501023817815,1.3531832372642063,0.1771265,0.069069915,0.4972904549642164,1.3268677387769545,0.22407946,0.041736186,idle
0.3845014479925357,0.31669826701277576,-0.07159911,0.99982846,0.36997469140996886,0.3023188173737683,-0.038080018,0.9998583,0.4018280357506602,0.28654134688449623,-0.04960418,0.9998565,0.3656638797572056,0.30285174733752346,0.1380538,0.9998504,0.4302737401910167,0.2990108421744393,0.08270248,0.99994844,0.3788101444494273,0.3380261758949585,-0.005205702,0.9995928,0.4002277495750124,0.332443963548497,-0.02164414,0.99965554,0.3231062929725629,0.44100809849581046,0.20359834,0.9994776,0.4877189532740074,0.4071765648038201,0.08609052,0.9997692,0.3165750717608994,0.6053383003279685,-0.0025236397,0.99427277,0.49804243642340384,0.5726568225447642,-0.15134381,0.9989538,0.39706384300965314,0.4271014819036839,-0.31132072,0.99936414,0.32901241730176456,0.46080373655397344,-0.21714345,0.9966661,0.44214479867815715,0.7760855622553157,-0.031570703,0.9998354,0.34634938757533174,0.7696419856050448,0.03223405,0.9998631,0.47224261730295547,1.0719175147307392,-0.060937274,0.94532,0.3143282783225716,1.045713412570197,-0.058691896,0.92616785,0.30425356245078794,1.3093348998337528,0.17792603,0.11167582,0.48869560535312384,1.2979554789200363,0.20697479,0.10210109,0.30278871083884606,1.3444621408955193,0.19490553,0.06684585,0.49178267521675223,1.3265094769056567,0.2280031,0.040634695,idle
0.387815595069259,0.32815434836675855,-0.07246746,0.99982435,0.3584318987698343,0.300497218693068,-0.038579874,0.99985397,0.41243925577842755,0.2898011126347341,-0.050168462,0.9998541,0.3549200878620782,0.3085660875872357,0.1301364,0.99984443,0.42599157633518514,0.28868039634700526,0.07539101,0.9999476,0.37699270414724617,0.3426739898558873,-0.008302883,0.999578,0.3914462678237023,0.3475210317626351,-0.024259472,0.99964637,0.33102126703726475,0.43135046059061993,0.19268201,0.9994563,0.48043646901315207,0.41013423128374116,0.07915471,0.9997695,0.29906082953614244,0.6159474634880923,-0.0025424785,0.99435204,0.4921403828004527,0.5808570009044862,-0.15403146,0.9989749,0.39790756259497406,0.4279720525929319,-0.31781894,0.9993799,0.33600768293268113,0.4670770011243026,-0.22020753,0.9967083,0.43820556863696225,0.7666543044619659,-0.031787276,0.9998449,0.34334914209180556,0.7704288181993949,0.032444503,0.9998698,0.47621615831077535,1.069871331242715,-0.05969259,0.9456978,0.3246795722278004,1.0470632337442896,-0.058407076,0.9250644,0.30454223121802204,1.3076158951934085,0.17443252,0.10599749,0.4817797876389318,1.2887474745914438,0.20754436,0.0978202,0.3044141492222917,1.3416301766259637,0.19069758,0.06394725,0.5008835372051357,1.3209642557634123,0.22866578,0.03900625,idle
0.37860823207126115,0.31505290479189924,-0.07399204,0.99982846,0.3572331500693595,0.285114643292647,-0.040717684,0.99985695,0.392636981003177,0.2840318521211112,-0.05190008,0.99985754,0.3590712113012845,0.3117330814111115,0.1297296,0.9998475,0.4258397615406355,0.29821554631524505,0.07464892,0.9999488,0.37084439360837707,0.35191477782033814,-0.009280748,0.99958587,0.3902129873388911,0.3409544781030752,-0.024604533,0.9996534,0.3170817075608635,0.422253339600669,0.19373253,0.9994593,0.48377504362567225,0.4113102627041526,0.08112349,0.9997735,0.3044280966103221,0.6066715183313238,0.00063130807,0.9944971,0.49851499243102615,0.5780692031298891,-0.14475459,0.9989813,0.4000205278338218,0.42716892601285333,-0.31011754,0.99938697,0.3205560484091857,0.47017073800005016,-0.22642145,0.9967578,0.43597783269268453,0.7756211844970127,-0.03182298,0.99985343,0.3448820977503304,0.7672300202939516,0.032482605,0.999876,0.46322956634477863,1.0748236754757874,-0.06065429,0.9472648,0.3255045378290087,1.0380108388785287,-0.0607666,0.92713416,0.2949467761538863,1.3161779177340849,0.15868734,0.104036555,0.4749361486689029,1.293372387172407,0.20956436,0.095805675,0.3193126435221074,1.346215140715768,0.17246924,0.06278704,0.47349403758349473,1.3244644839518294,0.23051432,0.0385205,idle
0.3833433947268714,0.31008154436251023,-0.085358046,0.99982876,0.36267730929227104,0.29867185581505457,-0.05179001,0.99985623,0.39755203506074566,0.28899513052184383,-0.06506331,0.99985874,0.3583508790092538,0.3022579975369472,0.12470919,0.9998465,0.4111007481553284,0.2908474285275179,0.061428696,0.9999493,0.36752774730426696,0.34236257976130946,-0.01827142,0.99958736,0.4000864954544514,0.3382073848780822,-0.036621444,0.9996572,0.32887277042082996,0.4348545265527508,0.1934379,0.9994414,0.4857421412902251,0.41004729822189623,0.07518388,0.99977535,0.3005725254164098,0.6052467447300544,-0.00029478324,0.9945321,0.48645427234844896,0.5791753469488153,-0.15330003,0.99898934,0.4017979722041948,0.42162528999112775,-0.3215529,0.99939233,0.32632510447999796,0.46648148993858957,-0.23688754,0.9967347,0.43100590888578194,0.7744328925306068,-0.031852774,0.9998594,0.3371672615169531,0.7674798459917516,0.032513358,0.99987954,0.46877656965962067,1.0668359266214886,-0.06129068,0.94868743,0.3257563722580552,1.0383058826390938,-0.062169086,0.9292245,0.298542369971199,1.3096433841438728,0.15772265,0.1046251,0.4823233858353476,1.2950350525843586,0.20455241,0.096772864,0.3090040751436651,1.3515649077436442,0.1712795,0.0628367,0.4864345153954267,1.323205488464107,0.22414716,0.03882418,idle
0.3855580686520609,0.317814440239272,-0.089016035,0.9998283,0.37332361037885564,0.2957299092156823,-0.054498293,0.99985546,0.3980286365284724,0.2961671343827147,-0.06700854,0.9998584,0.35317872790427995,0.31514692616593404,0.12453513,0.9998472,0.42743637108925336,0.2807449406734805,0.062707394,0.9999492,0.372623344406098,0.34210093789351287,-0.020960985,0.9995953,0.4017951662348018,0.3401802361467451,-0.03830709,0.99966353,0.3297074735431834,0.43063506343652136,0.1932757,0.99942786,0.48538161456782436,0.41039614834437177,0.07974887,0.99977475,0.3021548441088,0.6004306578154646,-0.009494402,0.9944935,0.4803387478271889,0.5869107840990505,-0.1454219,0.9989478,0.3911930325932441,0.42023955353178705,-0.31726137,0.99935466,0.3255537384719971,0.45746437108657934,-0.2541284,0.9965759,0.4389823719153353,0.7724791458169583,-0.030421052,0.99986047,0.33750756793406866,0.7748335943560686,0.031092662,0.9998782,0.4766120910978333,1.0703630427192443,-0.06150356,0.95027155,0.31650148943524836,1.042617324693773,-0.06305245,0.93133986,0.3014481881032516,1.3157865261483344,0.15874073,0.10877518,0.47707892640920757,1.2862751585878085,0.20478186,0.1002877,0.3079794370083455,1.3444730728195975,0.17270757,0.06451935,0.4867645574161187,1.3209618402041137,0.22446689,0.0403338,idle
0.3800884406580012,0.31054199278798417,-0.10313996,0.99982613,0.3705905738072979,0.2897975069036787,-0.06926073,0.99985224,0.3960848115826596,0.29076458542651895,-0.07933333,0.9998563,0.3581125982453979,0.3031494501017097,0.10923664,0.9998436,0.42077390509165125,0.2925295627776981,0.059259754,0.9999481,0.36313225125974946,0.33782614695888563,-0.036004204,0.9995935,0.3986160656583052,0.33538496688058256,-0.049992226,0.9996631,0.32916352579440056,0.44044345164774207,0.18091579,0.9993989,0.4860589982983845,0.4089602288277739,0.07847801,0.99976957,0.29032657029359976,0.6070140768798216,-0.019666048,0.9944334,0.4839135314522599,0.5779498202644912,-0.14595385,0.99889135,0.40351257896302795,0.43132798117062454,-0.31774825,0.9992894,0.324165465701474,0.46545992024417676,-0.25874886,0.9963461,0.4293014105058972,0.7676668409088364,-0.02897272,0.99985653,0.3274379936080135,0.762392984257463,0.029649878,0.9998716,0.4599696479394684,1.0720814869173614,-0.061888605,0.9521475,0.3191323402861017,1.036309649541289,-0.06448446,0.9340971,0.30257575561271366,1.323666177575682,0.131512,0.11621504,0.48645160495440576,1.299162807425722,0.20488831,0.103712775,0.3102615657962998,1.3437788097506316,0.1424609,0.06719075,0.479952521335407,1.3340744150208845,0.22481263,0.042201042,idle
0.370310717357237,0.31801357382036854,-0.10195567,0.99982566,0.36650180249835385,0.2807141725582019,-0.06825957,0.999851,0.39025108339785086,0.27921284188251366,-0.0790571,0.99985605,0.35609113298754946,0.3127134650845934,0.11106386,0.9998429,0.4138296008786967,0.29031180944988655,0.058476545,0.99994797,0.3734435265803814,0.341000027257055,-0.034368295,0.99959457,0.39476619763981724,0.329732946929711,-0.04942999,0.99966526,0.32176115868209065,0.4290341509353413,0.18271512,0.9993814,0.4821482558565934,0.4070006715634326,0.07831302,0.9997695,0.28726457297868024,0.6083641648190111,-0.018544767,0.994466,0.4958530364478414,0.579177921707846,-0.14754984,0.9988819,0.3988244705765891,0.4232081940977437,-0.32087502,0.9992792,0.31174059900183404,0.46603518090499635,-0.26379883,0.9962787,0.4345038333315714,0.7740041324690389,-0.028928343,0.99985904,0.3335688304203446,0.7724715392504968,0.02960566,0.999872,0.4599478404739503,1.0710149742675181,-0.06194036,0.9536975,0.3288322016265508,1.0410386241968452,-0.06485241,0.9359778,0.30580635717712445,1.3166661256188634,0.13264655,0.11857976,0.48702658715087244,1.2943464984688173,0.20169625,0.10677912,0.3116304662778827,1.341971663602149,0.14325136,0.06900383,0.4877387425326791,1.3351118248857914,0.22100094,0.043769967,idle
0.38090744400703314,0.3042943266693536,-0.10556626,0.9998244,0.3658607658675993,0.294010811084259,-0.071821205,0.99984896,0.39135775244323245,0.27851218409175277,-0.083422534,0.9998549,0.35314770956319774,0.3056920099246523,0.110115096,0.9998408,0.4129068690507727,0.29008547904943544,0.05448063,0.99994767,0.3645018661711842,0.34700071392715676,-0.0367882,0.99960095,0.3982092210004461,0.34656802855971713,-0.052964527,0.9996727,0.3236920008967602,0.4222290728427763,0.18338515,0.9993643,0.48175478932441396,0.4085341484867742,0.077322215,0.9997713,0.28685726131085143,0.599812398695579,-0.020057812,0.99410003,0.48613667600819377,0.5806374110101608,-0.1491839,0.9988285,0.39885237330485745,0.43214196156431117,-0.33652392,0.99924386,0.3166872690944885,0.4668555803299784,-0.2802798,0.99598086,0.42369091263364067,0.7661781750982005,-0.02892358,0.99985796,0.3310497896559844,0.7724881293461898,0.029590528,0.99986815,0.472773153032644,1.0719986625287539,-0.06323968,0.95525306,0.3218225288012727,1.0380264700854867,-0.065236524,0.9379873,0.2936682926876196,1.3012807492262037,0.14134257,0.12757714,0.4780028167075895,1.2918339432903265,0.20098548,0.11462448,0.3052125825632108,1.3424707861687584,0.15284438,0.07292108,0.487808377743308,1.3243354537144167,0.22047265,0.046373997,idle
0.3789324097598986,0.30604896005756776,-0.12139688,0.99982035,0.36596144423628185,0.2804351994597713,-0.08723488,0.99984264,0.3947442773455696,0.2800318827750113,-0.09848292,0.99984866,0.3541916687837038,0.3012228109934175,0.09820116,0.99983525,0.4346743760744364,0.29796485620983304,0.045183394,0.99994457,0.3719047798525271,0.3366279195998591,-0.051310636,0.99961174,0.3937930223005467,0.3344662194424436,-0.06675199,0.9996819,0.3227240699473495,0.4359639061969876,0.17606454,0.9993546,0.47616426583790517,0.41283961930260465,0.074312635,0.9997678,0.29815742394844214,0.6046446396288994,-0.026955023,0.9931744,0.4892351808431036,0.5912161225995174,-0.15067603,0.9985969,0.39410106748839,0.42194759321303943,-0.3545297,0.9990549,0.3081888412544116,0.46522997788548914,-0.2880318,0.9951662,0.42340862184460015,0.781012390710358,-0.0268233,0.99983686,0.33831675973289643,0.7740201715000588,0.02745008,0.9998432,0.4728007309344159,1.076275333914122,-0.06805979,0.9561665,0.3164849164244563,1.0368075194120496,-0.07296755,0.94006854,0.2972581353304399,1.3009047005600953,0.13912359,0.15076466,0.4765441887029853,1.303621850620147,0.20152059,0.13001437,0.30783658233754907,1.3211626085859163,0.15127355,0.079343416,0.4911926103997749,1.3142042274539425,0.22106364,0.05134935,idle
0.3691374448765893,0.31974050358430905,-0.12386514,0.99981695,0.36906403808695787,0.2892849632515012,-0.09081105,0.99983776,0.39103235484613774,0.2758342380958535,-0.1010829,0.99984455,0.35931026438925306,0.3050364300938574,0.09097543,0.9998294,0.42561360578139684,0.2990983119122153,0.042112347,0.99994254,0.37023585676706416,0.3453783889053835,-0.055083863,0.9996127,0.392264259919305,0.3339796732287118,-0.069392174,0.99968433,0.3254153518043372,0.4392444045371008,0.1694369,0.999323,0.4744494365046995,0.41082160098786075,0.07094011,0.99976474,0.3007302886606098,0.5933617117051124,-0.032159615,0.99264276,0.48991434720050686,0.588926807650313,-0.15188646,0.9984825,0.40028906913217555,0.43058849310369923,-0.3537372,0.99896413,0.30447825302142906,0.46714005294236827,-0.28854126,0.99467593,0.4278513212109496,0.7806271632612254,-0.02644431,0.9998277,0.3353148089869292,0.7714053916211867,0.027064588,0.99983084,0.47035050971251235,1.0769906723359737,-0.07025535,0.95689344,0.32193758847609244,1.0362927823604604,-0.07392859,0.9409213,0.2989009029267069,1.3007589095346086,0.13554311,0.15945512,0.48179537368390535,1.2909322665779783,0.19614367,0.13594435,0.3018899166529234,1.3249071508312327,0.14778203,0.083002836,0.4817964134690753,1.3129090366115246,0.21599534,0.053621605,idle
0.37977903051793427,0.3159396715331341,-0.12945296,0.99981195,0.36405956948949536,0.2967942724242896,-0.0967705,0.99983186,0.40210874966776666,0.2820117403761534,-0.10720314,0.9998393,0.3582957957039383,0.30704577623328627,0.085815,0.9998232,0.4137410589465049,0.29681942783206794,0.03587695,0.99994004,0.3676538175097295,0.33698807239855516,-0.06017351,0.9996101,0.3894032098325759,0.3316338106266762,-0.07483482,0.9996835,0.3225822055227888,0.4216016628766273,0.16654432,0.99928886,0.4699643547114001,0.40874150544576415,0.066486485,0.99976003,0.29272152974579835,0.6034187296225133,-0.03364902,0.99217963,0.48154952535681916,0.5910435473200385,-0.15967883,0.9983914,0.39737981411565326,0.4213709975592979,-0.3664289,0.99889684,0.3157647197131892,0.46835514299275466,-0.29193684,0.9942669,0.4196402164909797,0.776978926046471,-0.026145581,0.9998187,0.3318806746327979,0.7727456115628556,0.026770612,0.99981827,0.4776043446456075,1.0735019979859233,-0.07021401,0.9572585,0.325158848193669,1.0247300529539825,-0.07513496,0.9412243,0.304287960114175,1.2952331190515403,0.13702297,0.16375668,0.48655133001687534,1.2857450446708478,0.19280042,0.14072654,0.30907688530714816,1.3264633483953185,0.14975539,0.08503957,0.48447663932993446,1.3188981852939448,0.21214417,0.0554539,idle
0.38425065874049014,0.313569175930374,-0.1333053,0.99981755,0.3670798844891079,0.27766153884402955,-0.10027373,0.9998362,0.3890322661673572,0.2746699486380083,-0.11067847,0.99984336,0.35244902353185326,0.3049009659816898,0.083476126,0.99982756,0.4221071185391301,0.2925790112739536,0.03292805,0.999941,0.36549293665460625,0.3426308125606841,-0.063861415,0.9996215,0.3986943482753723,0.34609805081077166,-0.07866864,0.9996925,0.3182026409468486,0.4277466017880081,0.16545644,0.99929637,0.4836448453180887,0.4102455173742471,0.06528218,0.999762,0.2912393749458616,0.6147633023789857,-0.03195039,0.9924064,0.49380356304463724,0.5919772016473639,-0.1596849,0.99837905,0.40693944490234446,0.4316823289393678,-0.36302084,0.9988885,0.31571193956885135,0.4585015759303387,-0.2888829,0.994394,0.42605680958158254,0.7727102361613983,-0.02618067,0.9998164,0.3335424593190609,0.7664902106350788,0.02681074,0.9998144,0.46524540400638004,1.0669978123325354,-0.072580084,0.95773476,0.32580052020815753,1.0270575683966479,-0.075280465,0.9416908,0.2980213670991736,1.2991994024804527,0.13489471,0.1635888,0.48709005158255225,1.2907465636798892,0.18615234,0.14103581,0.3068677791277916,1.3327429361466436,0.1475895,0.08603967,0.4983049203730543,1.3184018807024016,0.20535477,0.056252122,idle
0.37095017544400377,0.3135076717562889,-0.13105837,0.999821,0.36354935209055095,0.2996609060759108,-0.09920892,0.9998394,0.38619223486111454,0.27712747598804766,-0.107373,0.9998461,0.3518850806562398,0.30679950841560943,0.08695829,0.99983084,0.413574987377649,0.28859804727711214,0.035249017,0.99994165,0.37411015181970964,0.3385144403883724,-0.06277209,0.9996279,0.3898206058723467,0.3224765968569752,-0.07701749,0.99969697,0.31590334533298026,0.43290477167971714,0.16729322,0.9993051,0.47849858084459995,0.4053139620868498,0.06695908,0.9997641,0.2951269945219289,0.6016407825324946,-0.030720446,0.992585,0.4866416231333883,0.5859187088277327,-0.1573034,0.99838406,0.402112336868755,0.43005658289485665,-0.36108014,0.9989041,0.31262024144501854,0.4589131186628022,-0.28382444,0.9945596,0.4260482872884256,0.7812237225312497,-0.026140103,0.99982053,0.32746321051637806,0.772392719779445,0.02677029,0.9998178,0.4673447926038018,1.0586537629722974,-0.07247168,0.9567038,0.32285420754699135,1.0303710424374368,-0.0702537,0.93917173,0.2985355217322515,1.2943515446447886,0.15212837,0.1571315,0.4869719412657795,1.2839395523473116,0.18526943,0.13677579,0.3068685835537628,1.3235566624846387,0.16714093,0.08411896,0.4935562712461842,1.31304315789087,0.20460188,0.054850526,idle
0.37500811210454155,0.3255657786097174,-0.13810186,0.9998319,0.37288787012175384,0.29387178164479977,-0.10752603,0.999849,0.39281141013406073,0.28744694496579404,-0.118882895,0.9998545,0.3484239351485029,0.2976482456480414,0.072920665,0.9998413,0.417970586950294,0.3023228520224794,0.014757777,0.99994475,0.36889085511462283,0.3445694637150915,-0.069566466,0.99965274,0.39044326158507014,0.3348686494755107,-0.086103424,0.9997156,0.32785921079955216,0.41856191217613786,0.16328722,0.9993402,0.46775663670704826,0.406555293284778,0.039262332,0.9997716,0.2914191559801721,0.6113711014070079,-0.029640367,0.9928371,0.4866034493429334,0.5812699444023023,-0.19212136,0.9984228,0.39672943091575363,0.43190775357127514,-0.40941802,0.99894696,0.294617457958282,0.4694901627727893,-0.29964477,0.9948607,0.4261521642733419,0.7716653192692133,-0.02724813,0.9998198,0.3228777055736666,0.7708880280046261,0.02788889,0.9998169,0.46324558283697537,1.0755532283697078,-0.07271058,0.9570614,0.31633427417776405,1.026788451484185,-0.07008981,0.93944794,0.30166629062037775,1.2958413070644812,0.15199432,0.15507273,0.4928440330123074,1.2789715525246683,0.18679312,0.13452916,0.3124696784717218,1.3223713769562588,0.16661072,0.084342204,0.48880309705932845,1.319782092233436,0.20591848,0.05513226,idle
0.37795177455315176,0.3069279623300968,-0.13485791,0.99984324,0.36286875789772055,0.28744368394192105,-0.10216393,0.9998593,0.3895756228009347,0.2848864424584922,-0.11315141,0.99986404,0.35660277174894806,0.3091414545475195,0.078787446,0.999852,0.41694989122174597,0.30190752271659116,0.018920679,0.99994856,0.38116152548367654,0.3338381392167519,-0.06695239,0.99967563,0.3872568907419789,0.3336395339009476,-0.081298314,0.9997342,0.3140567498611615,0.43942513004648287,0.17356502,0.9993747,0.4819684584561791,0.41068484053269894,0.037160352,0.99978226,0.27718793745125103,0.5916163137252289,-0.017381603,0.9929689,0.48761770316036623,0.5885176864019821,-0.20057185,0.99849814,0.39553220834805103,0.42993254363411487,-0.4211246,0.9990119,0.27332542138085003,0.45784903876712985,-0.31096226,0.99512887,0.43183976536227286,0.7731532695524337,-0.029496208,0.99982345,0.33197030317971055,0.7745815039423725,0.030133301,0.99981976,0.464919723521801,1.055377500879379,-0.07629065,0.95794874,0.3164825350144861,1.0309111521507588,-0.061419494,0.9400186,0.3083201046033083,1.2896982877184318,0.1696043,0.15222014,0.482425561600075,1.288900549066537,0.1710414,0.13332182,0.3042332247377376,1.3195884348063975,0.18451813,0.08402425,0.49113010125969403,1.311233969257538,0.18953304,0.055515528,punch
0.37927997460712704,0.312264179939674,-0.13152143,0.99985653,0.36712878947018734,0.2873174312275897,-0.0994404,0.99987125,0.40028274683191245,0.28329531879670994,-0.110587895,0.9998757,0.3546401363015851,0.31760862462427375,0.08065699,0.9998644,0.4138772239881694,0.30365718319499924,0.016398994,0.9999531,0.37013549595184936,0.3391393950795513,-0.0636837,0.99970245,0.3805228916578812,0.34406847822211317,-0.07934428,0.99975634,0.3150671625882856,0.42609926054961167,0.18510602,0.99941677,0.46917597069097217,0.4122294476059947,0.016586678,0.9997948,0.2618633997924571,0.5766752820902799,-0.016247097,0.9933387,0.48171051764911976,0.5837156403227445,-0.23409447,0.9985904,0.40250136710603746,0.4431863247858769,-0.45716828,0.9990773,0.2583494763986044,0.4513817544654972,-0.33926135,0.99545115,0.4274955587739423,0.770101006098039,-0.034995157,0.9998273,0.32985714290426404,0.7706157934921637,0.035573743,0.99982375,0.4689482050340431,1.0691590838565188,-0.09276767,0.95871407,0.3145821699669018,1.0310065873513412,-0.042408474,0.94115293,0.3045070254910671,1.3008202260642352,0.17099772,0.15362021,0.4861078427993645,1.282277384781333,0.14325045,0.1319966,0.3050143600184305,1.3260231957071984,0.18414128,0.08624609,0.4981357228608235,1.3101595386784604,0.1612662,0.055904727,punch
0.3874063989320936,0.3127724264302831,-0.13324931,0.99986905,0.35439483268450944,0.29440689183565477,-0.09872848,0.9998825,0.4068060638973674,0.2873620798769554,-0.11412625,0.9998869,0.3524065726698471,0.3044616824497302,0.084752075,0.999876,0.4272424417797194,0.30235414733877053,0.012923832,0.9999574,0.3714863998658362,0.3341140023213156,-0.06250325,0.9997279,0.3969006171093602,0.33358215051072937,-0.08344078,0.9997775,0.3136987159546467,0.4322094175704497,0.19879325,0.9994505,0.4750838397580218,0.4107603791230846,0.0013007859,0.9998078,0.2644927925546843,0.5515957149170931,-0.01562785,0.99357986,0.49130005686357503,0.5825777788944296,-0.26540864,0.99869585,0.3958185251588827,0.4312769988381741,-0.49845654,0.9991515,0.23031221562288995,0.44784524122242514,-0.37087947,0.99564874,0.41123201986483515,0.7650724102960661,-0.039659917,0.9998285,0.3312364581187003,0.7794371662868494,0.040218405,0.99982494,0.46556763270850954,1.0710532339188554,-0.10347477,0.9601322,0.31974379715770596,1.034984140038301,-0.04699162,0.9431329,0.3028105639516183,1.304139794513801,0.1613886,0.15681289,0.4866737759883053,1.2871175943403173,0.13457255,0.13216652,0.316361116322319,1.332868867358449,0.17127457,0.08951219,0.48496271874776686,1.3222610246865105,0.15242505,0.056861933,punch
0.37180903934233445,0.3133599015849482,-0.18784453,0.99987847,0.3650726930652449,0.29535660150508514,-0.14892778,0.99989086,0.39261434898506287,0.28421425580966797,-0.16947801,0.9998955,0.36747167980900897,0.3065178349472755,0.059604365,0.9998842,0.4259660940804094,0.2996821319864132,-0.034119118,0.9999608,0.37893018676754275,0.34195143241674175,-0.10884073,0.9997513,0.39402697890003235,0.3345090900425753,-0.13597813,0.99979687,0.32559544003383434,0.43322520587619534,0.19667245,0.99947923,0.4786268827094645,0.4171527990745357,-0.057441086,0.99981654,0.24224559144787483,0.5433663676856235,-0.028141266,0.99255997,0.48325773897268065,0.5797181467454872,-0.38385266,0.9987566,0.40186144011151514,0.4265463532190308,-0.6826178,0.99919844,0.1927991768564704,0.44769521286377634,-0.42863196,0.99536246,0.4343184441359573,0.7739081303035281,-0.04508791,0.99978364,0.32716952570058677,0.770034801655471,0.045613356,0.9997862,0.4685138552977376,1.0715176903972095,-0.124701776,0.9597311,0.31376380729460074,1.0475262975951158,-0.060457926,0.94289494,0.29397992895265446,1.296158873560499,0.15912305,0.17699939,0.47797450749139825,1.284754601498039,0.13794042,0.14415461,0.31399161057952385,1.3356122869674,0.1689268,0.10287939,0.4816732714076509,1.3249964509463925,0.15764011,0.061117694,punch
0.3799120509248608,0.31582018061048023,-0.23258641,0.99988806,0.3609148305098284,0.2895215269690694,-0.18661782,0.9998983,0.40091029836054093,0.294388167806413,-0.20693009,0.9999044,0.3532666513452428,0.30310736975181957,0.03838581,0.9998916,0.41881409580420925,0.30298852262700204,-0.05394464,0.9999642,0.37196443568259774,0.34156251723063663,-0.14937045,0.9997722,0.3974034277777223,0.32681906441604786,-0.17588839,0.99981457,0.3165334470257769,0.43284826256241177,0.19547428,0.99947757,0.48523268664241836,0.4173263144826567,-0.09853583,0.9998181,0.2361803623398232,0.5159143135827859,0.13389724,0.989828,0.48456485621137735,0.5778883463972015,-0.47252178,0.9987949,0.40311208558766776,0.4306948911326032,-0.7987453,0.9992187,0.15620236014419253,0.42991810692778143,-0.0705736,0.99456775,0.41813090911416917,0.7876486100649708,-0.05554195,0.9997188,0.32635438920195703,0.7811248990721795,0.05600456,0.99972874,0.4620150998976911,1.075226483740003,-0.14789765,0.95681936,0.32609404930339414,1.0485794448517514,-0.08674307,0.9412523,0.297817159466656,1.2834042277142177,0.13599114,0.21309455,0.4877815920632339,1.279817743491345,0.11823223,0.16723183,0.3022231536517118,1.3270843262578824,0.14523324,0.12922525,0.4761065335480865,1.3024668290158659,0.13780841,0.06863087,punch
0.3839410612539127,0.3239977686721078,-0.23458326,0.99989665,0.36185274229290454,0.2890950445312545,-0.18851407,0.999905,0.392724100996267,0.28423526745784594,-0.20872445,0.9999124,0.3681205389120771,0.3189285060602563,0.036625452,0.9998982,0.41782931014021196,0.2952099149253969,-0.055161636,0.9999672,0.36540665766759395,0.3302188289846702,-0.15146455,0.999791,0.39527028140844955,0.33361827441064446,-0.1778421,0.9998306,0.3191143812329642,0.435015965540664,0.19532363,0.9994748,0.47541016428089056,0.4041262115679788,-0.10013465,0.9998198,0.23502920911946468,0.511054695126475,0.13551903,0.9870874,0.4830705874481238,0.5871759813627891,-0.474122,0.9988239,0.40239388777235907,0.4320096584069076,-0.7987723,0.9992319,0.14585910547855108,0.4240828123404349,-0.07580938,0.99373037,0.42361077674847814,0.7737665200799869,-0.05809949,0.9996585,0.3304683852869136,0.7760886606947812,0.05856043,0.9996745,0.47201160687784727,1.0670822059431226,-0.14973743,0.9538568,0.3123787378513888,1.0400269356308256,-0.09547876,0.9394564,0.3061594152021089,1.2849663529858226,0.12776114,0.24539916,0.4904771330090122,1.276767351410639,0.1168591,0.18843691,0.3043552314365151,1.3150373034851293,0.13742922,0.15335782,0.5001589573912318,1.2948137557208927,0.13639985,0.0755646,punch
0.38363487201402047,0.3252323967776773,-0.2643238,0.99990475,0.36742153975172565,0.29388590010078036,-0.21962841,0.9999108,0.405537392259527,0.2899580819740009,-0.23744306,0.9999193,0.3559882424591002,0.30031082757820043,-2.6539867e-05,0.9999042,0.41250460560703284,0.29680358466023804,-0.08158029,0.9999698,0.3724883458973982,0.3396843025400663,-0.18408784,0.9998073,0.3994200701614018,0.33878882984398023,-0.20748119,0.999844,0.32338124618166664,0.4379674742364564,0.16591431,0.99949974,0.481195925790027,0.4192620632534217,-0.12172304,0.9998165,0.20698122532117857,0.467199560857249,0.16975947,0.98791057,0.4888460717167771,0.5726019975948453,-0.48330855,0.998886,0.40868093239979053,0.4263006819026783,-0.79799056,0.9992516,0.10664135468273128,0.41745919335905496,0.031147685,0.99411243,0.42929192675665284,0.7744962285600742,-0.058051415,0.9996051,0.33739948511653917,0.7728384804157398,0.058496304,0.99964106,0.46722340364984427,1.0680852294746461,-0.14775221,0.9497883,0.3177552260770208,1.0272746150126064,-0.09356103,0.9354338,0.2971566968267463,1.2907193984378371,0.15490997,0.25671965,0.47952667500348967,1.2855411993098378,0.11702876,0.19905613,0.3034041113669792,1.3168716174325947,0.16624162,0.16625391,0.48474321964347467,1.2921857164219432,0.1364077,0.0806585,punch
0.3850296138488557,0.32016483152674974,-0.3042545,0.9999088,0.37268669320355674,0.30030286969256825,-0.26022103,0.9999095,0.39726747596580947,0.2878788548716059,-0.276592,0.9999218,0.3616281251118657,0.2981359700153915,-0.039186023,0.9999026,0.43393969852798586,0.29742578575758116,-0.112836085,0.9999696,0.36949931971055205,0.34006143194099653,-0.22268781,0.99981904,0.3980286471143404,0.34424335999020017,-0.24378505,0.99985254,0.3212427118970921,0.42619993430150577,0.11886488,0.999522,0.48338156422097756,0.4106158140422399,-0.14601496,0.9997792,0.1958279569427751,0.44870370349155125,0.118828155,0.988603,0.4859521361552318,0.5852989632299384,-0.51245385,0.9988296,0.4006046205143289,0.4282800762447945,-0.85167044,0.99914527,0.0730104641151127,0.4199014410342497,-0.051798422,0.99441254,0.42708105405571584,0.7814254412020377,-0.055775028,0.99936414,0.3262061451552921,0.7820691208171381,0.056262173,0.99951,0.47079841592642335,1.0753074648007883,-0.14288609,0.94228154,0.3178008214111324,1.0438005913579087,-0.09109556,0.929178,0.291591716737579,1.289903087052464,0.15757065,0.2772278,0.49631528870373465,1.2843767261360777,0.13809241,0.21312667,0.3113734470235524,1.3186753521388699,0.16974583,0.18060735,0.4835929053765369,1.2970250998015487,0.16170822,0.08621864,punch
0.373576551566869,0.31528623830569025,-0.35023677,0.9999113,0.36810369607755933,0.30763701730642345,-0.30688134,0.9999034,0.3985149026670286,0.2853608372093359,-0.32253283,0.9999217,0.3592687094052226,0.30218664132841117,-0.07979821,0.9998971,0.42827220091067286,0.3058569449355233,-0.14983608,0.999968,0.36702448776520935,0.3386653786563408,-0.26568997,0.99982834,0.40116342978147723,0.33380132927601247,-0.2858599,0.99985844,0.319007107480648,0.43284792884513434,0.09105508,0.9995385,0.4812245141130558,0.4238410388929229,-0.15840748,0.9997399,0.18381148689652127,0.43136395638482505,0.1184995,0.9891961,0.49026791170441786,0.5803199484230087,-0.50926375,0.99869144,0.40626825674315337,0.44082075506250257,-0.8720379,0.998958,0.06845331359762474,0.41448262560764293,-0.029474238,0.9945108,0.42020349950511793,0.7885597121113667,-0.05185903,0.99909306,0.3243617760536719,0.7719014583017056,0.05226217,0.9993737,0.47525426019969164,1.07238732753722,-0.13671727,0.93177456,0.3205074971741021,1.0413978882878707,-0.09122337,0.92157793,0.2933486360872556,1.2871499682053642,0.16052356,0.2903753,0.48130083805606316,1.2610332787229934,0.19880654,0.21640179,0.3013186067623017,1.3197083093318644,0.17338598,0.18967094,0.48724998214145354,1.2837931963735123,0.22664365,0.08936393,punch
0.3867615965012562,0.30602182470117273,-0.3691086,0.99991506,0.38077213279685207,0.28639718851892604,-0.32595763,0.9999012,0.40830246641662105,0.28234580592307434,-0.34094012,0.9999232,0.36004250778109403,0.30275151330410405,-0.09437039,0.99989575,0.42689911552693593,0.3068473818093655,-0.16181791,0.9999675,0.3797687535410944,0.33691967161789577,-0.2824864,0.99983853,0.40396743069571683,0.3369444481176987,-0.30187985,0.9998656,0.3063621082469806,0.43193285299904943,0.085788734,0.9995616,0.4725075763760662,0.4171218447314657,-0.16533533,0.9997129,0.18641071565089995,0.4420759634761847,0.12258756,0.9897851,0.48792532184083826,0.5827145919563144,-0.5212614,0.9985767,0.40150540345255414,0.43104555495643576,-0.8958926,0.99880403,0.06772265834463498,0.4339626311888817,-0.024651824,0.99470323,0.4275708156733631,0.7815482140048129,-0.051795058,0.99885756,0.3377611637423983,0.772353361022405,0.052157886,0.99925697,0.46907725205420603,1.0783231405837124,-0.13645509,0.9219015,0.3210798195772787,1.039588967830517,-0.09079681,0.9133158,0.3030180073673573,1.2843620099677433,0.17997563,0.299937,0.4811413415378941,1.2623525716529882,0.19667208,0.22179267,0.3035263221948241,1.3235833870705795,0.19520408,0.19671923,0.48602882356785493,1.2821558593570448,0.22326824,0.092661716,punch
0.3864787712726192,0.3181270732827177,-0.3390579,0.99992067,0.3686649479990225,0.28440102956228336,-0.2967362,0.999905,0.4026390235193473,0.28849081605739674,-0.30964196,0.9999278,0.37180710831364994,0.31559247769130655,-0.07050124,0.9999,0.4323674987886238,0.2963655005410121,-0.1295235,0.9999691,0.3860971422337358,0.34402886399280613,-0.25478625,0.99985063,0.41074644898298995,0.3435127873560415,-0.27141553,0.9998753,0.31185295681387937,0.4253760128610421,0.10486927,0.9995801,0.48071797715215236,0.416654648621099,-0.14053585,0.99970555,0.1920265685398561,0.45665400518921057,0.14571205,0.9901597,0.4950849749297572,0.5818153397029082,-0.49702698,0.9985223,0.39576714834857873,0.4314706469279327,-0.8652304,0.99873585,0.06765990639430686,0.41720478930073396,0.01588224,0.9948715,0.4297787435096293,0.7894865089799865,-0.049942248,0.9987036,0.32573946855249747,0.7780988220257081,0.050322406,0.9991732,0.4653690013732932,1.0668104083248213,-0.1234105,0.91195947,0.3167866400041308,1.0389042257938053,-0.10191345,0.9070901,0.3091643615414935,1.2868950812550326,0.13569087,0.31231558,0.4845514483189166,1.2545130154876905,0.2015818,0.22517847,0.31402931625941843,1.311182503104094,0.14655963,0.20708407,0.4830648575435974,1.2933431628365182,0.22715339,0.096718505,punch
0.39793093525051193,0.31052525642545825,-0.31951857,0.9999234,0.3742308630796589,0.2860949164391706,-0.27118057,0.99990654,0.401054796924632,0.28325017951335857,-0.2877633,0.99993014,0.35626775964310475,0.30155284075382516,-0.045726627,0.9999029,0.41687965590403464,0.2946852650210391,-0.11840193,0.99997014,0.3759992664533707,0.33957486565525635,-0.2341423,0.9998588,0.40759749243811605,0.34028001793679125,-0.25877014,0.999882,0.315434580092248,0.4294146009970243,0.1291264,0.99959445,0.47077597758728384,0.4159336427403483,-0.11695351,0.99970275,0.18776278633565324,0.5001318435149907,0.18673474,0.9903656,0.48899808320834615,0.5743387683134841,-0.43138614,0.99852735,0.40491940919073843,0.43647469760303365,-0.84537494,0.99877155,0.10290867651753521,0.4160693008254984,0.06912278,0.99503434,0.4361091713543711,0.7820397382018162,-0.04732976,0.9986714,0.3312873204678476,0.7696553871349776,0.04784734,0.99915296,0.48094429945631867,1.067478933104975,-0.1110777,0.9074251,0.3148812391546074,1.040199636349133,-0.102764964,0.9068063,0.30898255310357703,1.291167890916074,0.12299986,0.31820205,0.4928969806326967,1.2587644533747615,0.22120357,0.22132039,0.3040549916620434,1.3167819736879849,0.13319957,0.20913063,0.4958472492049435,1.2763244488833216,0.2482609,0.09758321,punch
0.3786244926143455,0.3073769848493013,-0.27215913,0.99992955,0.3740621080674408,0.2904245372970829,-0.229811,0.99991435,0.40246254732135156,0.27615267209106176,-0.24322014,0.99993587,0.3668200088341189,0.30750451358102265,-0.008759126,0.99991125,0.4297349686342393,0.3028566109594012,-0.069948696,0.9999727,0.3828239895268918,0.337860560685517,-0.18929899,0.99987036,0.3990640412400078,0.3348440047736757,-0.20762368,0.9998913,0.31902046434556963,0.4299339640893388,0.1664614,0.99962467,0.4819719827630812,0.42376468909751497,-0.06813969,0.99971443,0.1933117091544304,0.5332080656426333,0.15800561,0.9911877,0.49671080630476494,0.5845726924310771,-0.37524113,0.9986323,0.40578154728178306,0.4396334012972559,-0.7283068,0.9988734,0.13651717376133787,0.42150121483833963,-0.012694473,0.995472,0.425011483555085,0.7805983540179809,-0.047900327,0.9987659,0.3421009147469153,0.7634558959367402,0.048522864,0.99921244,0.47848707409117663,1.0696423739606349,-0.1122183,0.9102441,0.32821971706964836,1.0420881492431164,-0.08371602,0.90932363,0.31637694867400223,1.294336619592518,0.12446036,0.30572298,0.4890478595228738,1.2701904697214135,0.20723319,0.21018477,0.32115163209895015,1.3333427984960429,0.13780484,0.20404737,0.4817652686794719,1.2867268979425062,0.2323573,0.09471304,punch
0.39510266651436643,0.3178936165240589,-0.22408076,0.9999352,0.3781681802273409,0.28990414553661786,-0.18430638,0.9999217,0.40442135081650754,0.28192404282206673,-0.19812186,0.99994105,0.36425578428049876,0.3117446221084009,0.028782627,0.999919,0.42513235967761476,0.30312972505229646,-0.034259196,0.99997497,0.37648983126854996,0.3299151748886085,-0.144613,0.999882,0.3901978899785645,0.33237389763927255,-0.16271158,0.9999007,0.313059590749752,0.435737814000562,0.18110713,0.99965435,0.47668933304213745,0.4212211076867523,-0.031480063,0.99972963,0.2199325627161648,0.5521831952495202,0.094390884,0.9916453,0.4801840553852801,0.5833217365988833,-0.34146756,0.9986884,0.4044771491459054,0.43570454369826883,-0.6823378,0.9989534,0.1582009258703866,0.4331311871709608,-0.18135068,0.99579155,0.42656050628819986,0.7791917458757736,-0.043591365,0.99884874,0.3336589853034003,0.7777680409897542,0.04430947,0.99926704,0.465314483204991,1.074919352362298,-0.10714106,0.91382843,0.32056012342796847,1.0480688500207853,-0.084186465,0.914373,0.31412261743782866,1.3028145442800143,0.1262576,0.31428605,0.4914002705629229,1.259601653048429,0.23848286,0.20350821,0.32160040613970875,1.338459335439547,0.13798,0.20642039,0.48762319812926336,1.2826353041357634,0.2680413,0.09342526,punch
0.3902101626195321,0.30524891360833717,-0.22382931,0.9999405,0.380915810641546,0.2913067218066529,-0.18403181,0.99992836,0.40732693154736654,0.2838324764737114,-0.19785948,0.9999458,0.35984215531673625,0.2984978694702016,0.029708788,0.99992603,0.430949479585786,0.29827263077158744,-0.03327077,0.99997705,0.37770237915283134,0.3387334660616281,-0.14430004,0.99989253,0.39451113393030823,0.3357317243950831,-0.16230209,0.9999093,0.3143987005614248,0.4339451586627951,0.18048544,0.99968183,0.479236466107563,0.42202706300944215,-0.025514731,0.99974376,0.22007315341556255,0.5588433528708278,0.07834144,0.9921206,0.4885560467570156,0.5843826062015621,-0.33065486,0.9987412,0.40435969973553443,0.43948903905926123,-0.6724718,0.99902225,0.16734362359311628,0.44490031445761163,-0.20165107,0.9960927,0.42693882116169624,0.7834977678452996,-0.03998275,0.99891746,0.33541473022729285,0.7737401087478921,0.040747475,0.99931204,0.4741337301160653,1.0739021230578483,-0.106243685,0.917239,0.3142935829279566,1.0437152938713332,-0.08446333,0.91906756,0.30748431390154296,1.3015344061912282,0.12815215,0.3229516,0.4942117634039884,1.2591098046631968,0.24162889,0.19819339,0.31394016165943806,1.3278940912896293,0.13940819,0.20882984,0.4922932244549846,1.2817466853493138,0.27140552,0.09338242,punch
0.38119615180794764,0.31118297590044613,-0.19233224,0.9999454,0.36644724841313836,0.3050436144306796,-0.15518191,0.9999347,0.3977138723219028,0.2805223576604183,-0.1700483,0.99995035,0.36033392656959917,0.29530811953928743,0.044418067,0.9999325,0.42777766581014987,0.2992538059266289,-0.024720483,0.999979,0.36987721787041883,0.33674351539792097,-0.11836307,0.9999015,0.4010465650053813,0.3362163964343582,-0.13834547,0.99991655,0.31070730699482196,0.44161183575491186,0.17865211,0.99970466,0.47863641412498603,0.42433665335707027,-0.026558349,0.99975854,0.23309085397270968,0.5628358557102012,0.013723272,0.9927215,0.4816639222092375,0.5785416377678031,-0.31344256,0.99881905,0.402612877865249,0.44606279422596157,-0.595779,0.9990998,0.1882897779232484,0.44064657031288434,-0.30477113,0.9964278,0.4210968343819004,0.78730323942487,-0.04016407,0.9990059,0.3394647479672186,0.770339074120555,0.040927082,0.99936694,0.46593953346765304,1.0701670925634164,-0.101439334,0.92172503,0.3092892179512019,1.0374846238290436,-0.062210023,0.9227776,0.30362953501345047,1.3053109644156904,0.12949535,0.30984867,0.4803069961692259,1.271846795109204,0.2058045,0.18869086,0.31936897918203333,1.3416753329405018,0.13982114,0.20031594,0.4903953579618425,1.294803203873001,0.22967355,0.08991571,punch
0.3779349445360872,0.31368535762560623,-0.13272461,0.99994785,0.37530886123444396,0.29653782307308557,-0.09868144,0.9999389,0.40059442665463685,0.28330743285402094,-0.10964862,0.9999531,0.36004379250370455,0.3138551147492091,0.0821971,0.99993664,0.4262940453612979,0.2978924816079434,0.03080762,0.99998033,0.37366518917389546,0.3401948450238822,-0.06573259,0.9999046,0.40716806484550105,0.3294481012755623,-0.080502465,0.9999187,0.3208181067791084,0.4335827318688605,0.1784196,0.9997039,0.4717023619181975,0.4245916982717093,0.023403602,0.99977106,0.2499037150935588,0.5779185726285052,-0.04092263,0.9931459,0.48638417169899195,0.5934261652425538,-0.2298995,0.99887836,0.4125994681029219,0.4371291539639186,-0.46198434,0.99916387,0.2163166154105346,0.4483704169658503,-0.37703878,0.9966106,0.4226541066456103,0.7821461937386566,-0.037800904,0.99909246,0.3303491796768968,0.7798233644257334,0.038456313,0.9994179,0.46911982599976454,1.0749535210419252,-0.091007,0.9267102,0.3102311782491304,1.0490618180993827,-0.04702433,0.9262169,0.3008399532196583,1.3059268596400493,0.13268286,0.29353562,0.4704346540919887,1.2695406267256668,0.19955708,0.17800039,0.30410954457682504,1.3368177461439603,0.14244285,0.19014105,0.475024625937442,1.305857739476214,0.22212033,0.08558852,punch
0.3829820404684018,0.305813223005978,-0.113805994,0.9999491,0.3659524848447918,0.2831116303607422,-0.08132783,0.9999418,0.4003421639191842,0.29315374471065264,-0.09173885,0.99995446,0.35132969954177073,0.3000546588155735,0.09440671,0.9999397,0.4240407835062753,0.30807025526326537,0.04552179,0.99998105,0.3790104389794885,0.33603092704898585,-0.04805147,0.9999064,0.39493748059054046,0.3355933321247612,-0.06219539,0.9999193,0.30888818287629094,0.45109511985737755,0.17946109,0.9997107,0.476390278188478,0.4266046426603263,0.042164154,0.9997815,0.25150397256614465,0.5965725351945144,-0.026921397,0.9934985,0.4871399679083869,0.5852438762341529,-0.19876604,0.9989142,0.397075361596666,0.4358823021595075,-0.41783828,0.9992138,0.2472054187635192,0.4517448838632713,-0.33479047,0.99678624,0.42024730218406814,0.7853902153233522,-0.034670148,0.99917084,0.3237859208987932,0.7854585989497956,0.035317756,0.99946505,0.47418723448965816,1.0781451655646639,-0.07773346,0.9314002,0.3093313601061255,1.0477044981509818,-0.055342328,0.9300399,0.3053024265724872,1.3060325107185229,0.1275305,0.28040123,0.47528130956248915,1.277039074520484,0.21672527,0.16921562,0.2984432505705905,1.3431292384116151,0.13777111,0.18035752,0.4833879785323373,1.2966764032330054,0.24137393,0.08210494,punch
0.38230080646826536,0.31352652171206014,-0.13826147,0.99995124,0.36532410461588416,0.2881238294302904,-0.10714549,0.9999451,0.40324212311311136,0.28200388333270354,-0.11510058,0.9999557,0.3589550712538614,0.2997087529189444,0.07240354,0.99994326,0.42944028537960843,0.28861780254692115,0.032579917,0.9999816,0.37122724573735144,0.33144115166137317,-0.07097562,0.99991095,0.3908024603524666,0.33560541767418933,-0.081974044,0.99992204,0.3103027009346383,0.4363570876592838,0.1648008,0.99972564,0.4704829455626631,0.4322028640901295,0.050248176,0.99979013,0.2546643275181797,0.6024346556666803,-0.041932818,0.9938773,0.47866862501390006,0.5966529151607854,-0.18093704,0.9989009,0.401667556150905,0.43386801089267624,-0.41381922,0.9992375,0.25928084094011594,0.45375604195938024,-0.34201366,0.99700534,0.41418894257472094,0.7778677948252661,-0.028115276,0.9992361,0.31625830903165664,0.7747634340134362,0.028745616,0.9995038,0.4706829399679242,1.0824282669903003,-0.075815655,0.9358812,0.3113825391781764,1.0411477686259814,-0.058278482,0.93399364,0.2914424895805203,1.3079095516906758,0.1294104,0.2780147,0.4873583469525715,1.2815995581173862,0.21333674,0.16815351,0.28938481052736575,1.340258598964896,0.13996165,0.17522667,0.4789560928640997,1.310896208843326,0.23505473,0.081301026,idle
0.37291549245046296,0.3123310023402193,-0.12663011,0.9999426,0.3609824895526317,0.2854628671539645,-0.09800123,0.9999385,0.39563457130041946,0.28406273325235026,-0.10203193,0.9999478,0.3636200485973291,0.30254196961273155,0.07103436,0.9999361,0.4165803110500774,0.2989949423359492,0.04912905,0.9999786,0.3702996281423352,0.33979493651283227,-0.0629221,0.9998846,0.38982147439533976,0.33911217017681844,-0.069077075,0.99989736,0.3070329948374557,0.43600538903296066,0.15120211,0.99968296,0.46676812572878856,0.4151281207605215,0.063615285,0.9997922,0.25310095281721234,0.6098605324349796,-0.060890973,0.9941326,0.47896476033130897,0.5850321268021704,-0.16445006,0.9989214,0.39205356509353273,0.44845977188872804,-0.36657262,0.99926424,0.28928474403184157,0.46095436482763197,-0.33072716,0.9970785,0.41081932054307746,0.7849234720604233,-0.024639973,0.9993013,0.3173398623622685,0.7828458375074198,0.025216976,0.999541,0.4731614446514173,1.0829496289228642,-0.07490455,0.9399785,0.3151365776631381,1.0450565047436666,-0.05868929,0.9361257,0.29041710529243236,1.3181004382127623,0.14525113,0.2623721,0.4745995068000116,1.2881253953186105,0.20297459,0.16089158,0.29940107527802373,1.3482525240064778,0.15916148,0.16528842,0.47583138856548324,1.3272230149049888,0.22316858,0.07781312,idle
0.37076517135958054,0.3185629068227386,-0.10506517,0.9999311,0.35832547045893093,0.2905105193607881,-0.075494684,0.9999299,0.40139785894250324,0.2852240790310573,-0.079974815,0.9999389,0.3467330820349933,0.3024016190398461,0.088461526,0.9999264,0.4118521570485031,0.30511152283423554,0.06569435,0.9999754,0.3732718734591558,0.33966561172311033,-0.043487333,0.99984837,0.38584892079035016,0.3327404344342809,-0.050264847,0.9998654,0.2966706965321574,0.42545515415832047,0.15254983,0.9996448,0.47339262720958486,0.4190717171805595,0.08057995,0.9997926,0.26086544896464414,0.6160206571551735,-0.05641087,0.9944255,0.4746199400797392,0.5975709023323035,-0.13859376,0.99893975,0.4013847823640816,0.43932406178034045,-0.31587577,0.9992838,0.287650488083238,0.4604345157303206,-0.3077607,0.99716073,0.41068288830051347,0.7805254603030854,-0.023276756,0.9993637,0.3147838599934557,0.7859404180930922,0.023863005,0.99957913,0.47242971569870085,1.0794450351363147,-0.061567068,0.9433937,0.30579819437868505,1.05290182207434,-0.0559825,0.93801194,0.29382849588158977,1.3130355279326738,0.14485535,0.24556269,0.47689712436424236,1.289311697604173,0.2230427,0.1513043,0.2987988915144475,1.34794021768108,0.15832826,0.15457904,0.4693356364363268,1.319937472550347,0.2462258,0.07372138,idle
0.3696592726183213,0.30634635659980997,-0.11947407,0.9999171,0.36494169850688707,0.28560901377993503,-0.08947067,0.9999173,0.39004715518372735,0.28275901816836746,-0.09312497,0.99992555,0.3500849293133682,0.30821963512683576,0.07783535,0.9999127,0.41478939242427226,0.30624957902734207,0.05702793,0.99996907,0.37097347908349065,0.3448689961611741,-0.057273686,0.9997951,0.38616638347841203,0.3311785130711311,-0.06319779,0.9998166,0.3074871450986262,0.43274236317221254,0.13393655,0.99958014,0.46160260065833014,0.4302989303521356,0.08163555,0.9997755,0.26099478913351337,0.6130085010137433,-0.073575184,0.99470145,0.4771008477584441,0.6012773974585521,-0.13739902,0.9988967,0.3892411620816303,0.4418988399401364,-0.32601333,0.99925494,0.3019891891159765,0.4612890151344846,-0.29886705,0.9972402,0.41024556688915637,0.7859161006131616,-0.018866366,0.999416,0.3177820749732072,0.7818587244286241,0.019467799,0.99960935,0.4762690581782918,1.0788567737889743,-0.05077367,0.9461281,0.3071381196665507,1.053031858064716,-0.054594897,0.9391692,0.29395298475224396,1.3243056203575168,0.14689563,0.23082569,0.4727727828109832,1.2935742022731704,0.2073358,0.14544797,0.29174622659698923,1.3565619078949758,0.1601647,0.1444965,0.47700174219224256,1.3303268693204118,0.22436659,0.070807286,idle
0.3601893047423528,0.3086340898835968,-0.10733608,0.9999069,0.3421718746605493,0.2797328540522952,-0.07589813,0.9999093,0.38012746167360556,0.27787119284071177,-0.07900983,0.9999158,0.34373146510747676,0.30139282773797327,0.08602324,0.99990386,0.40408744599213997,0.2940926848744638,0.06897087,0.9999639,0.3788821684768283,0.3325815788239832,-0.047912825,0.9997561,0.38435653827611493,0.3338711848000951,-0.052944195,0.99977803,0.30678410395262334,0.424613985896543,0.13418339,0.9995315,0.4598163799845322,0.4310481316185683,0.09174305,0.99975455,0.2745949095826471,0.6181990080097571,-0.066644795,0.9949655,0.4800757350147624,0.6107286574757262,-0.12229015,0.9988303,0.3987590523405711,0.44257422743874075,-0.29702812,0.9991946,0.3108693992141861,0.4655532306380409,-0.29475886,0.9973232,0.41300656457199947,0.7883639905898729,-0.016720215,0.9994624,0.31256384567680817,0.7742845500024649,0.017355982,0.99963593,0.47656112822585706,1.0845338984350719,-0.05445522,0.94872224,0.3122924781947133,1.0572832549274238,-0.04492146,0.94085,0.29524126308246723,1.3096055020976545,0.16072468,0.21982391,0.47448878526582483,1.2942838779060377,0.20682845,0.1395252,0.2946262346827915,1.3476800568676206,0.17436114,0.13654843,0.47266037490261426,1.3142337855633812,0.22370128,0.06833819,idle
0.3653228168522148,0.3137696271888515,-0.10145851,0.9998912,0.36281636801865924,0.28610073796431135,-0.07015242,0.99989635,0.37908601002751197,0.26989253436158767,-0.07348548,0.99990195,0.34286380552886286,0.29769790469516094,0.09076866,0.9998892,0.396389017399289,0.2973351590253022,0.07292093,0.99995756,0.3585528586374094,0.3399031251357714,-0.042204138,0.9996797,0.38527331426619216,0.3382409556136993,-0.047471907,0.99970883,0.30007504289448717,0.43748786873589995,0.13667855,0.99943584,0.46331433758207885,0.4234142013645793,0.09410194,0.9997246,0.2678450440702924,0.6092372588144916,-0.0652135,0.99521804,0.4758555745563682,0.5991703540209565,-0.11356375,0.998772,0.3913759531363815,0.4389157718511897,-0.27324983,0.99914074,0.31117673389660017,0.4591706397588637,-0.28399655,0.99737835,0.41055819923248016,0.7783301650454373,-0.017468942,0.9995051,0.31894536520883476,0.7778647592256833,0.018111255,0.9996612,0.4610393712027109,1.0896861980023165,-0.04835833,0.9506845,0.30615278588285566,1.0527841648586402,-0.035223097,0.9414248,0.29119799171931593,1.319036278733565,0.16244408,0.2058727,0.46074042073302157,1.3083740619059439,0.20341614,0.13220727,0.29243883998364884,1.3691835227383788,0.1751901,0.12801261,0.46800400039501344,1.3291183271142195,0.21968822,0.06543291,idle
0.36839218119129236,0.30620612930142754,-0.06920629,0.9998824,0.3503627477724295,0.28292177518478956,-0.03671296,0.9998899,0.3779565667399968,0.2802231548606144,-0.040201828,0.99989504,0.34115686145135193,0.2998254623189113,0.12356901,0.99988216,0.39944631524308827,0.29455438328342126,0.105439045,0.9999551,0.34399409014607807,0.34322771754330433,-0.01056196,0.99962354,0.3778234074522445,0.3289677616618403,-0.016016634,0.99965876,0.2994835858736151,0.43405520720160923,0.15661243,0.99937874,0.4506712650994954,0.42603299798435523,0.11840856,0.9997137,0.2665256384892106,0.6062225463865902,-0.054209728,0.995523,0.483223118185396,0.5973840281791194,-0.088542745,0.99879646,0.3969305391854292,0.4281892015624897,-0.23312405,0.99914974,0.30995317629791497,0.4478465927010032,-0.26438808,0.997477,0.4130203471929432,0.7829467460005839,-0.017711334,0.999547,0.31181201490379473,0.778782442022903,0.01834712,0.99968696,0.4640111193252633,1.0852598651303642,-0.054451525,0.9530686,0.3046768448726347,1.044516489989394,-0.022917926,0.94237506,0.28705216505215536,1.321089960419233,0.1903385,0.19265187,0.4621181646803558,1.3053377009542653,0.17646693,0.12563343,0.30198405289914476,1.3685552712288183,0.2047956,0.12014125,0.46374693194588357,1.3337891137754658,0.1926021,0.06280688,idle
0.36415379157791394,0.3104391311915417,-0.07338421,0.99987644,0.34548099781449015,0.2997009865746563,-0.041928995,0.9998862,0.38185425583058863,0.2831950676052482,-0.043520816,0.9998905,0.32792995839871864,0.31147654805205416,0.11620866,0.9998778,0.4062936681272219,0.29986054194971407,0.106406905,0.9999533,0.35587091475112664,0.3318173660668395,-0.015699554,0.99958295,0.36701362345229893,0.3290111649918084,-0.018574443,0.9996201,0.29065766095241086,0.4309638650692536,0.15616521,0.9993298,0.448924410101446,0.4259435666588688,0.117485955,0.9997059,0.2653097721209542,0.6243202666288488,-0.050510984,0.9957852,0.4754428648793375,0.6025665858906021,-0.08823702,0.9988067,0.39047235814064796,0.4352062852557393,-0.23622103,0.99914616,0.318509502009221,0.45740484721461167,-0.2390713,0.9975623,0.4084423363706239,0.7822841184520222,-0.018062579,0.99958694,0.3155434101114092,0.7781664090319432,0.018702652,0.99971235,0.4649577296853097,1.0871115413396406,-0.055940084,0.9552187,0.303396553157916,1.0482556937578953,-0.025579508,0.9432547,0.2718947226828753,1.3312383093259017,0.18115647,0.1808019,0.4534612556304186,1.309347810831775,0.17844823,0.11875339,0.2927358550827316,1.3627328798740972,0.19478801,0.11316508,0.4666502901359041,1.3258936845007536,0.19673732,0.059970967,idle
0.37051771417620916,0.3058924087138989,-0.07801887,0.99986637,0.34550201616345155,0.28845501602184864,-0.046819933,0.9998798,0.3779008668023034,0.27588936963370836,-0.047602337,0.9998825,0.3344522526969329,0.3122070559673481,0.11200996,0.99987024,0.40086193218664634,0.30206824855747594,0.10647086,0.9999498,0.35468333294933374,0.33384147712083695,-0.019735627,0.9995323,0.3741612090510201,0.33038243423498453,-0.021452628,0.9995662,0.2965790313004375,0.4360355827142793,0.15592769,0.9992787,0.4484290796605698,0.42561580315483,0.118696176,0.99968857,0.26445431534792896,0.6076387077023361,-0.058584034,0.9960175,0.46803546164451704,0.6078429134387892,-0.08880891,0.9987648,0.3805511838502307,0.4340663624655443,-0.24584003,0.99909735,0.303523343563353,0.4599395407874045,-0.2464734,0.9976352,0.4092936801420948,0.7851803353846886,-0.01818714,0.99962133,0.3063074836506795,0.7776094297364763,0.01881397,0.99973387,0.4680909391785696,1.084287977395984,-0.057475388,0.9569238,0.29748569962978966,1.0348073583902908,-0.024745682,0.9436484,0.2902120662367301,1.3319096236810737,0.18223652,0.17065015,0.4628562590965394,1.3081816175453165,0.18153635,0.11267249,0.2876298781237816,1.36446985596539,0.19624093,0.10691155,0.46136868174038115,1.3366628773497031,0.20078926,0.05721121,idle
0.35946168815690616,0.313249261289155,-0.057850413,0.9998399,0.3538955424651611,0.28365589406203984,-0.025567615,0.99985915,0.37228616158564143,0.2789963894554457,-0.027874228,0.99986196,0.3392117516284805,0.3036017177493008,0.13514419,0.9998489,0.3997291180702959,0.2951259394613108,0.12330122,0.99994177,0.3425178696676995,0.3343430380540683,0.001371877,0.9994378,0.3651871646931867,0.3447193717846161,-0.0022484902,0.9994789,0.2871084548299896,0.43026696869660247,0.1706107,0.9991925,0.44231847543910385,0.43427449022985465,0.13182637,0.99967164,0.2662562108555311,0.6159534492469639,-0.054710247,0.9961176,0.4711791794759528,0.6022722446015872,-0.07969569,0.9987326,0.3819966515220662,0.4331523113171429,-0.2277985,0.9990587,0.305066699501648,0.44599941011003613,-0.23647337,0.99756265,0.4058572143129634,0.7748549872827397,-0.018413534,0.9996517,0.3070787523858125,0.7885114164782743,0.01903496,0.999752,0.45634007414390376,1.0875189489040735,-0.0658064,0.9579499,0.2992294382595897,1.0515653471373079,-0.025549393,0.9432811,0.2807882251217967,1.3247746292652034,0.21053031,0.16141945,0.46428965468465255,1.3181789228522476,0.18288341,0.107934326,0.29588033720782503,1.3588654178085118,0.22802547,0.10116065,0.4546086136583618,1.3336926181154893,0.20264836,0.054869235,idle
0.3564664473054714,0.3199439026299037,-0.06618353,0.99982965,0.3398084626968686,0.2895198796549268,-0.034357972,0.99985254,0.37909449842770193,0.287393153422002,-0.037123676,0.99985445,0.33203897642709546,0.3014776494781413,0.12693343,0.9998433,0.40172603439188537,0.292145517384894,0.11316423,0.99993867,0.3466570450385107,0.3363684517395918,-0.0066593764,0.99940896,0.3674391430661039,0.33838967093764566,-0.01075751,0.99944717,0.2844941130191202,0.4434140512498044,0.16817826,0.999151,0.4476523486620497,0.43141144361576783,0.12165624,0.99965835,0.2588627739440832,0.6158519155029842,-0.05136612,0.99626416,0.47658881840335454,0.6032359425099019,-0.093498304,0.9987231,0.3754169503399497,0.4418146964452216,-0.25342387,0.99905396,0.31057684615107306,0.4475457300490216,-0.2358995,0.99758726,0.41589927245723124,0.7751853762344902,-0.018660422,0.99967957,0.2984681429788375,0.7768998584824568,0.019281127,0.99976903,0.45524841200253696,1.0845004285791484,-0.069239244,0.9593404,0.30411665201729154,1.045573091195895,-0.028289473,0.94414824,0.2909948145709583,1.3153326755821642,0.20658958,0.15561496,0.4578517377856648,1.308232300261288,0.18329784,0.10480864,0.2769358524003911,1.3686529137505652,0.22376987,0.0973896,0.4494870365274005,1.331873273149487,0.20292957,0.05302695,idle
0.36076717983843154,0.3101753521456277,-0.068791956,0.9998061,0.3488397306154607,0.2968148069853168,-0.037783105,0.99983346,0.3767643150657033,0.2817215033406799,-0.039787028,0.99983495,0.3261229170383183,0.3065143297724593,0.12267343,0.99982524,0.39916377607417,0.29407101683784265,0.11270664,0.9999311,0.35365357817732856,0.33863845676364446,-0.00922795,0.9993521,0.37152643849538614,0.3285564981476136,-0.012153717,0.9993954,0.29118578411360696,0.446290434285734,0.16683856,0.9990837,0.44942199948016404,0.4311027857122934,0.119788446,0.99964476,0.2572352714829823,0.6110619884077173,-0.04947114,0.99613184,0.465664046374232,0.5941181278725136,-0.09770714,0.9986157,0.3819997571895287,0.4359824068897072,-0.25344032,0.9988958,0.30462530003035093,0.44521071886123653,-0.23139592,0.997315,0.41230952438802293,0.7754798836738858,-0.018517863,0.9997008,0.30717832241004306,0.7785260879831725,0.019137021,0.9997796,0.4587353742736118,1.0801045731889074,-0.0678242,0.960542,0.29921480283193325,1.0529011550207543,-0.029319812,0.94493383,0.28057964219390974,1.3228970902894506,0.2006425,0.15525779,0.4616810192148608,1.3027198411770131,0.18988764,0.10598617,0.2836362775602853,1.3672974006840397,0.21638605,0.09581874,0.4570868528346691,1.3319879124187124,0.21011248,0.052908346,idle
0.36539866036435087,0.3094380285807098,-0.07502208,0.99979347,0.34044453488040916,0.2837988683422278,-0.042916976,0.9998225,0.3841956568073108,0.2846475453146405,-0.04646334,0.9998251,0.3230073433925257,0.3114384324808987,0.11476614,0.99981284,0.38897903635687603,0.2969176937604114,0.105964586,0.99992716,0.35011282515389175,0.3324113500738398,-0.013286181,0.99929905,0.3821671102972538,0.32940898850742034,-0.018862572,0.9993508,0.28118270326813544,0.43276218074160727,0.1545358,0.9989747,0.4453769742625586,0.4322914287058134,0.11421545,0.9996323,0.2586885658007916,0.6062727541537988,-0.054931086,0.9961393,0.46719595431341865,0.6059542987425471,-0.09980239,0.9985506,0.3791012520822282,0.4366972143108649,-0.2552354,0.9987944,0.29907774287998923,0.44288615889614175,-0.23284328,0.99719036,0.4014724544496433,0.7810009461628592,-0.018475417,0.9997222,0.30038042286410915,0.7762692675666936,0.019087158,0.9997915,0.4603119692567771,1.074500223282681,-0.061058234,0.9616994,0.30311708753156863,1.0487443032440442,-0.026736941,0.94493467,0.29892390398339486,1.3220704317510337,0.19511387,0.150758,0.4654100220992432,1.302251638659015,0.19064459,0.10411291,0.28977933386013477,1.3637562777521925,0.21051915,0.09284173,0.4648781863323247,1.3367784105379785,0.21047387,0.05176613,idle
0.35780274725533445,0.3138125633575416,-0.07840041,0.999782,0.3363982439659482,0.2975458034290138,-0.045270573,0.9998132,0.38057645777486915,0.2855208754298816,-0.049799636,0.9998154,0.33140280961269786,0.2995598832584682,0.10832952,0.99980307,0.3998309207346089,0.29664090364563617,0.102266885,0.99992305,0.3498338108507294,0.3364875885518309,-0.016042043,0.99927074,0.36239161191156977,0.3403846546711611,-0.022283707,0.9993249,0.284867327717625,0.44378852073467645,0.15053919,0.9989408,0.44061778850311917,0.4289363499172529,0.11197253,0.99962795,0.2637921097064452,0.6089778329444437,-0.055920266,0.9961347,0.46624882964870595,0.5977593544792722,-0.09926967,0.9984747,0.3842348431881585,0.4433138346371659,-0.26108864,0.99873173,0.2976065605591176,0.4485914732727505,-0.23640147,0.99715024,0.3993665647915966,0.7801288880205299,-0.018405573,0.9997405,0.30682150842836475,0.7813147086802281,0.01900718,0.99980175,0.4562980085621645,1.0819233587542292,-0.059119493,0.96185714,0.2940247119009207,1.0463578079754672,-0.02671066,0.9433515,0.29059896590287804,1.3252823187170266,0.1980935,0.14511952,0.46045963058082373,1.306988545000561,0.1908036,0.10188961,0.28103603999778315,1.3431929708331574,0.21402426,0.089175195,0.47157209752044027,1.3263595722814754,0.2107,0.05022317,idle
0.35353406783663754,0.30941366865977427,-0.078793935,0.9997635,0.3419262838591307,0.2901765938884201,-0.05072701,0.99979836,0.3785403826811413,0.28725503294499516,-0.05070139,0.99979943,0.3285255749232332,0.3096424869054397,0.09570522,0.99978894,0.3826970861034308,0.29368207912124966,0.10091195,0.9999166,0.3445020795506658,0.3422462857196305,-0.019561537,0.9992461,0.37009441276562327,0.33830000968663465,-0.023886943,0.99930376,0.27363219181367493,0.4377556145158026,0.14527868,0.9988899,0.4390672450188543,0.4208527563710674,0.11036678,0.9996231,0.2522672650662162,0.6112608260855292,-0.05756997,0.99585176,0.46888331069260747,0.6063242227909199,-0.09950575,0.9982466,0.375746797578012,0.44532502605090407,-0.2675085,0.9984841,0.2982624208603457,0.45480730401378494,-0.23944394,0.9968854,0.40304852723936346,0.7718176855511978,-0.018200241,0.9997533,0.30776828179851023,0.7737802534679551,0.018803833,0.9998056,0.4528301186910094,1.064810844604987,-0.059216958,0.9621973,0.2995549762927743,1.046281948510458,-0.027231356,0.94243187,0.2872318173505606,1.302854023373038,0.19540174,0.14466251,0.4677122305082121,1.2811762425428173,0.19630598,0.10193743,0.2908373688693435,1.3335267284213146,0.21102738,0.08831957,0.47733181555711834,1.299915971062482,0.21827216,0.049691845,idle
0.3606544772579624,0.3160303626293038,-0.07867239,0.99977076,0.34238586753576983,0.2901650105363685,-0.051067144,0.99980533,0.3783734894624241,0.27485727379746866,-0.051219422,0.99980634,0.32891731748984654,0.2995422997567654,0.09646434,0.99979687,0.39136091064151546,0.28333891342177936,0.100130215,0.99992,0.34802291124254603,0.3391148103678384,-0.02007613,0.99927706,0.3662164179279571,0.3319294060628409,-0.022621356,0.99933386,0.2799942244304542,0.4368050345074985,0.15154815,0.9989264,0.44269949269834286,0.42929710079776284,0.11053578,0.99963766,0.2543549712049076,0.6123118013572459,-0.03804328,0.9959599,0.4603128283741623,0.6014774978719968,-0.09574862,0.99826133,0.376909027790306,0.4440458935978645,-0.26405382,0.998494,0.30398698311719774,0.4485433409385771,-0.22321713,0.9969598,0.39414086668931947,0.7754795010620451,-0.018482734,0.99977016,0.3010879364844654,0.7790635040101008,0.019093152,0.99981606,0.45265159423308376,1.0658125642175946,-0.06331794,0.96305025,0.300417920396844,1.0458964602006162,-0.02693437,0.9426127,0.2788767356100107,1.3083050144985,0.1950274,0.1421673,0.4678811496387043,1.2637808654158347,0.1956266,0.100323625,0.2816829453803783,1.3432976110580233,0.21067567,0.08659147,0.4700077033660429,1.301855742546601,0.21795435,0.04859603,idle
0.35712902461011364,0.32156254343485063,-0.09134686,0.9997812,0.3514240514027449,0.28450630279071687,-0.06517722,0.99981457,0.37544617661718327,0.2850985112827934,-0.06534033,0.9998151,0.32713574496031994,0.2948800708711666,0.08724206,0.9998071,0.39728773560530317,0.299713493856206,0.08694259,0.9999238,0.3445417747652554,0.3393518925862605,-0.03232176,0.99931395,0.3692639751073937,0.32819176770570224,-0.033749457,0.9993664,0.27488236076835515,0.43719488211542396,0.14825302,0.99897003,0.436244079326243,0.42982381070463876,0.10244378,0.9996503,0.2524772025757154,0.6167489299307826,-0.038913257,0.9961287,0.4689750435300387,0.5990932691099334,-0.10380636,0.9983004,0.36825227195489585,0.4489021838608365,-0.28660986,0.9985438,0.3001730472011138,0.43485514079122206,-0.23438433,0.9970909,0.4039322734081914,0.776525506977545,-0.01878274,0.999786,0.2934384671286736,0.77495876308054,0.019392509,0.99982667,0.45277971091112357,1.0617030259316766,-0.061770648,0.9635536,0.2903689611667699,1.0364443404926604,-0.028860535,0.94248873,0.2864626412344011,1.2981667409063604,0.19491278,0.13748528,0.47108872890183706,1.279836710692535,0.18919328,0.098607644,0.293252689765678,1.326410174273356,0.21021602,0.0838205,0.4688347493514662,1.3005619395775203,0.20943387,0.047470454,idle
0.3548955126383163,0.30350262020437213,-0.096176125,0.99979115,0.3414957944884396,0.2928592673403696,-0.06925658,0.99982345,0.36805036594463336,0.2829509875384694,-0.06909765,0.99982315,0.3301447726321255,0.30263903882312165,0.08642514,0.9998169,0.3921951955147348,0.29881386537209975,0.086133376,0.99992687,0.3524351123260099,0.3388615707428016,-0.036768287,0.99934757,0.3711480598645349,0.33362553020583197,-0.03729631,0.99939287,0.27324083222957984,0.43150565571683946,0.14687265,0.999011,0.4402377728453355,0.4298712761924621,0.102444634,0.99965566,0.24372365521213912,0.6120801715245258,-0.04491254,0.99633634,0.4623057084741736,0.5946644112425237,-0.10463445,0.998338,0.37790515481205567,0.44821558669302486,-0.2970359,0.9986013,0.3047383562999847,0.4517322110855004,-0.2518382,0.9972472,0.3943454038035784,0.7643342593207969,-0.018820705,0.9998006,0.30322364688467307,0.7772338800425197,0.019430017,0.99983734,0.44814654776249685,1.0690684885507031,-0.06193881,0.9638252,0.2872126783709229,1.0355373010449782,-0.042999543,0.9423348,0.2805499321748811,1.2993621002239857,0.19440934,0.13202794,0.4725455724101466,1.2837412166958961,0.18897066,0.096195966,0.2807823605307568,1.331101957041304,0.20939764,0.08063784,0.46927776687332035,1.305938343015874,0.20912611,0.046135426,idle
0.36508801860423923,0.3226051893369037,-0.08963944,0.9998023,0.3368625159904194,0.29066518696693733,-0.062279552,0.9998332,0.37096237266736765,0.2757626017109091,-0.061269365,0.9998324,0.31600596421437765,0.2948561468658049,0.09216509,0.99982697,0.39625723871249663,0.3053784689494848,0.095501095,0.9999305,0.3502531745252665,0.3374159298918647,-0.031202242,0.9993762,0.3630901733205424,0.34542422084683216,-0.030653724,0.9994148,0.27401260137292505,0.4397175931399911,0.14881697,0.999056,0.4375370225069941,0.4277850464723752,0.108455144,0.99966383,0.23678351419152943,0.6114970552722002,-0.044961132,0.99658215,0.4613306822390145,0.5977162449319439,-0.101486646,0.9983984,0.3858567765008092,0.44729875892149723,-0.29003257,0.99867696,0.29036592916282933,0.4565716026494532,-0.25089043,0.99742997,0.3960216274818307,0.7690541010469029,-0.018979918,0.9998161,0.29950838995479667,0.7782100965887264,0.019587277,0.9998493,0.45421483149940345,1.0602377094785294,-0.062069662,0.9644197,0.28568781922252395,1.0430326875312872,-0.042529166,0.9425523,0.28619725723022393,1.3111194546613685,0.1922526,0.12532234,0.47535142190644686,1.285326792471036,0.1870591,0.09223288,0.2925680341874096,1.3437154126494022,0.20795977,0.076773606,0.48157289260371516,1.3224345079555582,0.20697343,0.044164352,idle
0.3563919713945576,0.30920725755493833,-0.087515295,0.9998074,0.33642202596945214,0.2869651954664721,-0.0598872,0.9998382,0.3747623374915072,0.2810614756853837,-0.05805459,0.9998368,0.31968274936211016,0.3032976428375354,0.09370101,0.9998324,0.38788464044115256,0.29273973538514225,0.100909196,0.99993205,0.3430473181818018,0.3498539112760822,-0.029649552,0.9993876,0.3745829220708379,0.33483219032172595,-0.02811267,0.999422,0.27967964481734187,0.43321668537922947,0.14881149,0.99907464,0.4369765477964307,0.4257554780378689,0.11820749,0.99966484,0.24647175558526568,0.6100951171009481,-0.045236968,0.99677503,0.4550590259490539,0.6011504214251566,-0.08967955,0.99843633,0.37868835201120077,0.4568350397948189,-0.27122444,0.99872506,0.29943273811668736,0.4457750129204531,-0.23894612,0.99756265,0.3927699903052043,0.7681877453955352,-0.018435216,0.9998289,0.2910091226563565,0.777495757703386,0.019032113,0.9998588,0.4516744993054189,1.0718532737639763,-0.062151797,0.96492076,0.2875629543255437,1.049972335713579,-0.042454094,0.9425883,0.2820901144377732,1.314385704313115,0.1970955,0.12050558,0.46465839393292907,1.2959876777529316,0.18631536,0.09014646,0.2919051590790771,1.335476446006081,0.21454278,0.073883936,0.47406869871037804,1.3174185793174278,0.20606461,0.042955056,idle
0.3548746066299182,0.3137054161137984,-0.086322375,0.9998151,0.3432015233720944,0.28667544328217515,-0.057883054,0.9998447,0.37615469543465174,0.28624451315702737,-0.056259416,0.99984354,0.32155069254394175,0.29562912692180127,0.09775041,0.9998388,0.3800026951259958,0.2981821888084554,0.1036516,0.99993473,0.34221569701488497,0.3401478874500638,-0.028176192,0.99940395,0.3644621437728738,0.33967846887920605,-0.02676647,0.99943596,0.2743704461169918,0.437043783918617,0.1498823,0.9990955,0.43240395990716896,0.420848223876665,0.119457506,0.9996706,0.2430258642963521,0.6147810535893042,-0.052915853,0.99698025,0.46451557518811737,0.6065117604129545,-0.089732826,0.998505,0.38126503262442235,0.4557389172256739,-0.26638243,0.9987946,0.2982975761590613,0.4606633407034973,-0.26117194,0.9977043,0.39853614318281994,0.7744937903886661,-0.018373642,0.9998407,0.2950694382342537,0.7722188817707335,0.018969234,0.9998675,0.45136385433317994,1.0713245229943003,-0.066460334,0.9658817,0.3041696092696997,1.0346377413175607,-0.04316948,0.94369197,0.2843364293857086,1.3181075313179895,0.19381306,0.11620306,0.46837594166616003,1.3045304771225623,0.17991126,0.08782582,0.2991428387511327,1.3560860842209994,0.21131516,0.07147179,0.45781610561690755,1.3192712866865102,0.19935915,0.042014163,idle
0.3476126314715501,0.30381609559925926,-0.09027796,0.99982077,0.34426603407575573,0.2876107632710964,-0.06122101,0.9998496,0.3740195671851715,0.2792605420428443,-0.05981747,0.9998485,0.325403926397401,0.29545119602681574,0.0950316,0.99984354,0.3858747856329824,0.29073902147323705,0.10043682,0.9999367,0.332251085363907,0.34078125647528373,-0.032278374,0.9994157,0.3767457516625675,0.3359166000360334,-0.031067193,0.99944574,0.2704529490496904,0.4336325883614285,0.1472448,0.9991027,0.4360044288719729,0.42761572659906283,0.11516827,0.99966896,0.2431892060859644,0.61459296598865,-0.061868686,0.99715286,0.46694613882274716,0.5989687004786952,-0.09431823,0.9985622,0.37299472751079776,0.4565153526695902,-0.2685897,0.998843,0.3001319558517662,0.45011586135165443,-0.2652307,0.997815,0.39614746799075085,0.7785256947695507,-0.018395165,0.99985033,0.29556991806060506,0.7836970477542011,0.018990902,0.9998747,0.44873830183164864,1.0712817412467095,-0.06892255,0.9664407,0.28823592243429075,1.0422863188850395,-0.04309436,0.94426244,0.28844173120601846,1.3116291042801491,0.19369969,0.11275222,0.4686765895805344,1.296496714835264,0.17271654,0.08573597,0.2907634405777342,1.3476066420975443,0.21104655,0.06959241,0.4584546029679808,1.3264717912456792,0.19174299,0.04110111,idle
0.35418809365684256,0.3174360256009031,-0.10882057,0.9998222,0.33804544978249307,0.28383785911767695,-0.07941137,0.999851,0.3649517823180828,0.28543773839910397,-0.079395324,0.9998505,0.31094660698350607,0.31124240911521406,0.0784233,0.99984443,0.3913700515602545,0.29445317787335484,0.07806584,0.99993783,0.33174338434579154,0.3380072003566586,-0.05022068,0.99941814,0.36212716671085254,0.3359300626121099,-0.050433654,0.9994491,0.27312587735368443,0.4395278218360215,0.13446303,0.99907345,0.4200854726046519,0.4251543588347745,0.088330254,0.99966353,0.2469863947072164,0.6074746516843865,-0.08005682,0.9972664,0.4701190774883983,0.5912704921784614,-0.1292776,0.99861985,0.373949324345759,0.45268957754821004,-0.29362658,0.9988773,0.30318845447552145,0.4485805137944855,-0.28357488,0.9978683,0.3975010267022826,0.7695864089182601,-0.018876832,0.99985814,0.29770005837375535,0.7731516294692001,0.019473843,0.9998797,0.4425526529420456,1.0697461042087604,-0.06903963,0.9672617,0.28527561761987796,1.0352157969807387,-0.041161057,0.9453001,0.2775165776800044,1.3185699489074645,0.19369628,0.11113364,0.45842491460064394,1.2887576481225058,0.17400718,0.08416929,0.2979168191018442,1.353637448776925,0.21065159,0.06879107,0.4638756248640259,1.3224774738193137,0.19334927,0.04063375,idle
0.3540681370323717,0.3152882700012346,-0.10861726,0.9998172,0.33643228494099686,0.29314333512056984,-0.078723475,0.99984556,0.3601043800387287,0.2923347721858546,-0.07832658,0.99984616,0.31692019310427244,0.29862956541778923,0.078607164,0.99983805,0.39367141196343036,0.2947284794599634,0.07937996,0.9999351,0.3378339508244729,0.33722448247156234,-0.050617963,0.99941045,0.3619139561016258,0.33314127236881785,-0.050366797,0.9994435,0.26400960694869746,0.4303519881833901,0.12604146,0.99901646,0.42778013537696546,0.42889206729600665,0.08997328,0.9996478,0.23461482281543666,0.6115641883132243,-0.087040834,0.99716276,0.4570267959127572,0.5905899695911331,-0.13361426,0.99858034,0.3807428196535665,0.4451907731530606,-0.30764195,0.9987992,0.3006856575371428,0.45229433739019664,-0.27913117,0.9977597,0.38687731212387577,0.768374105575227,-0.017481154,0.9998606,0.2996402030939197,0.7766582922038918,0.018068621,0.99987894,0.4500740852532906,1.0610642206214338,-0.07006358,0.9674705,0.28730861958514664,1.0421706343106512,-0.047676004,0.94542533,0.2820003396609768,1.3165409685840437,0.19076641,0.11520983,0.46634592920384244,1.300361624466492,0.1748643,0.08747131,0.28124131135196795,1.3464894712322952,0.20793799,0.070769526,0.47218486467795273,1.3269430984899964,0.19393733,0.041702274,idle
0.3587810449169059,0.3160706487032005,-0.106614865,0.9998194,0.3335531492662769,0.2717768275106042,-0.076720804,0.99984765,0.36836126906574973,0.28675764129999476,-0.07648443,0.9998492,0.30545843959296326,0.29757986077092746,0.08069352,0.9998375,0.3827894638619661,0.293903860424549,0.08049686,0.9999362,0.3286018519236993,0.3333094603858101,-0.048604947,0.99939716,0.35756228269826373,0.32633699184612597,-0.04873623,0.99943167,0.2689996491590555,0.4320297939922278,0.12884274,0.99897987,0.41812213952076105,0.438140383824561,0.08865628,0.99964577,0.23723091918242734,0.6084174792207862,-0.08423113,0.99730355,0.44970916824837115,0.5957278158426023,-0.13549139,0.9986556,0.3742858520046285,0.43766452507327275,-0.30731034,0.99887013,0.29716700230322934,0.45168056494611203,-0.2849478,0.99786013,0.3842530433363561,0.7747936231638853,-0.018601699,0.99987096,0.29182990167018363,0.7744834399225684,0.019192904,0.99988693,0.4457774991503167,1.0594665708266584,-0.077655815,0.96843755,0.2838983755499842,1.0518775777264153,-0.043049194,0.9465167,0.28154737453884515,1.3193679467915034,0.19069357,0.110511415,0.4665250193871242,1.2851950307319742,0.17245045,0.08306954,0.28784415489716253,1.3585576057376143,0.20762265,0.068570256,0.4765163961527876,1.335012520784008,0.19248304,0.04005488,idle
0.3437935862297642,0.31083571994414466,-0.106378734,0.999824,0.3209825741974569,0.28991914092178683,-0.07633829,0.99985135,0.3615101785078112,0.2812334032627003,-0.07612512,0.9998529,0.3123636847080229,0.30995422833484054,0.08074472,0.99984056,0.38607529758488346,0.288150928769726,0.08011459,0.99993724,0.3390474253095732,0.3420485139538108,-0.048605308,0.9994165,0.353405186648885,0.336850041883915,-0.048877563,0.99944824,0.26968714786362713,0.4380908647675668,0.1286203,0.99900115,0.42317647383203194,0.4336864527366454,0.08761748,0.9996471,0.23187437187850402,0.6140367603972768,-0.08166444,0.99736744,0.4486050838366753,0.5886413348448525,-0.1387445,0.99869,0.36931604454351663,0.43324484767599275,-0.31494156,0.9989168,0.29805090627927255,0.44949958244141813,-0.2693176,0.9979363,0.38512098708636755,0.7749689109160027,-0.018833477,0.9998791,0.2843035614215854,0.7790031311598989,0.01940225,0.99989307,0.4431898771237148,1.0534318302021835,-0.07815544,0.96831846,0.2800194760413601,1.049035575534423,-0.051229455,0.94625044,0.27846979213866585,1.3102325922971199,0.1957905,0.109793864,0.46617842553695343,1.2881115987470808,0.17022684,0.08314151,0.27779509028779825,1.354555690755543,0.21436791,0.067953505,0.4679181251571286,1.3236215899492059,0.1902232,0.03951078,idle
0.3370542761956513,0.3167243157364204,-0.113796175,0.99982363,0.3322188639467506,0.2991727878405375,-0.08490299,0.9998485,0.35973445405382387,0.28544273918595847,-0.08224013,0.99985105,0.3075245025087803,0.30189333131849716,0.0662206,0.99983275,0.37737838972015414,0.2988499546410471,0.076006055,0.99993384,0.32944623778783033,0.3391766592707548,-0.058370717,0.9994155,0.3584929880657519,0.32966950288256924,-0.055616044,0.99945056,0.26041010857580604,0.43623682399031466,0.11227028,0.99899656,0.4074368328643865,0.4378905438999789,0.08884304,0.9996427,0.22943731493283503,0.5987436666080952,-0.089707084,0.99735916,0.45114561465442304,0.5834115396501768,-0.13535388,0.99865264,0.3665048359150267,0.442922008388263,-0.3233637,0.9988995,0.2970840083031673,0.45191132556000163,-0.2781268,0.997951,0.38427983496451235,0.770962210756,-0.015804753,0.9998815,0.28350781702855177,0.7763890755311369,0.01629296,0.99988973,0.4418110575985531,1.0463083859700153,-0.0905396,0.96698815,0.2846835872503868,1.0533040774107532,-0.034593266,0.9427919,0.28539432247021657,1.2908701579971362,0.24506998,0.111800455,0.47357925587494376,1.2685560281843877,0.100863874,0.08705455,0.2851488681683957,1.3062816225592344,0.26661915,0.06894601,0.48209291740857474,1.3095411771289653,0.114959136,0.0399659,idle
0.343429791640102,0.3155246036234826,-0.12842003,0.9998289,0.3292767681657345,0.28900818423898195,-0.10002073,0.9998526,0.35032390121988677,0.28220932333420023,-0.096767075,0.9998552,0.3060849474220344,0.29683702764401454,0.050918795,0.99983567,0.3696915781850366,0.2980856781996024,0.06463389,0.99993473,0.32627183890664646,0.33178094148024456,-0.073183134,0.9994205,0.3463767168161953,0.33114435751397925,-0.06922144,0.9994509,0.2574258147569837,0.4387491817428114,0.10226774,0.99900955,0.402823004636813,0.4282606369748108,0.07979083,0.999636,0.2249965945360608,0.5925047724876942,-0.10265881,0.9975446,0.45128108334714734,0.5809578745180403,-0.13747326,0.998721,0.3753875789653277,0.43444894036440496,-0.32929853,0.9989671,0.29307895635514636,0.4431589558803748,-0.31214643,0.99808884,0.38138100914058726,0.76359410778994,-0.015937665,0.9998872,0.2816099157334523,0.7718863576405569,0.016432205,0.99989474,0.4415984866858992,1.0382476038390636,-0.08767086,0.9666891,0.2757821252148047,1.0388702328121338,-0.053461798,0.94231254,0.281150014007599,1.2863879709587305,0.1995729,0.10723044,0.46581504330353884,1.2707130810441654,0.10813443,0.08325341,0.28365670415445654,1.317041476563775,0.21873768,0.06698335,0.47605576145515516,1.3092132605380962,0.12981296,0.038707554,idle
0.33560167850280564,0.30984131806409804,-0.14346194,0.9998331,0.32167993696264074,0.29774309989454956,-0.118889555,0.9998555,0.3459481795443301,0.2812134680332936,-0.11335262,0.9998585,0.3037343842320075,0.3062496543300339,0.025428986,0.9998373,0.3678849914555131,0.2917537993804197,0.05071915,0.9999355,0.32380201802891695,0.3463151800701541,-0.089602634,0.9994254,0.3465922001036986,0.33434991381584084,-0.082356825,0.999454,0.24952284121106472,0.43774481564139306,0.081230834,0.999007,0.40195370922438745,0.43933013951377486,0.06916351,0.9996356,0.2213731714447178,0.6004552384490522,-0.12667668,0.9976941,0.4448812551431104,0.5921774933726487,-0.14722353,0.9987718,0.37392416282130914,0.4375905035545847,-0.3530059,0.99901307,0.29260779970539885,0.44506140957762325,-0.34664994,0.99820244,0.3879822924345313,0.7593944805419877,-0.015819537,0.99989146,0.2792373930222577,0.7758493953749752,0.016314317,0.9998976,0.440915807734824,1.0350076519505327,-0.08586694,0.96688706,0.2839466364395752,1.034673687932102,-0.061670117,0.9423487,0.2722911963526369,1.2907568555463949,0.18604383,0.10520642,0.4681133193800956,1.2771432317357203,0.12776156,0.08163198,0.28920536357343685,1.320701080423749,0.2047884,0.066526756,0.4775906829500185,1.3106523972773259,0.14729787,0.038448874,idle
0.33474666702654843,0.3098033008932746,-0.17927976,0.9998393,0.3203923974141317,0.2895091314849244,-0.15636459,0.99986094,0.35523766619429464,0.2820749497297303,-0.1492831,0.99986374,0.3003088036311773,0.30390588723409956,-0.0125378985,0.99984294,0.3549678110808764,0.2924270445364969,0.021961506,0.99993736,0.3153272091859227,0.3397167241305692,-0.12509711,0.99943894,0.3430001103945689,0.3298313830948767,-0.11515168,0.9994583,0.24673168608445128,0.43871029565569575,0.047951795,0.99899065,0.39492746690289326,0.4289102237819257,0.043846924,0.9996259,0.21706725679700767,0.5934559674821684,-0.18639469,0.9978645,0.4439360350220738,0.5931084593803296,-0.18506183,0.9988402,0.3748687948402756,0.4427650330060727,-0.41648608,0.99907726,0.298250229317677,0.43568403361874164,-0.43887916,0.99833053,0.38619669400774315,0.7646210024664847,-0.015369405,0.99989575,0.27016270713374957,0.7770610448602142,0.01586836,0.9999007,0.4424945925972865,1.039966926216108,-0.084913805,0.9677782,0.2758719955618595,1.0466571561848217,-0.059026122,0.9431337,0.2842671943070526,1.296338245520538,0.18627277,0.10067776,0.4788898597997264,1.281248292506827,0.13887885,0.07833287,0.28023946388021725,1.337393408179936,0.20584369,0.06448894,0.4823050183931228,1.3158102315218312,0.15836003,0.03725156,idle
0.3203024140201428,0.3154494093909542,-0.18381616,0.99983454,0.3130621656888065,0.29037172832792674,-0.1629245,0.99985695,0.3332752518657116,0.27932433526225453,-0.15442404,0.9998584,0.29250714899107466,0.2980074436234752,-0.023368355,0.99983966,0.36665694993731035,0.2943506103853766,0.017532136,0.99993336,0.3147708660578771,0.33544258280197486,-0.13044803,0.999431,0.3409420768624609,0.3286725825748353,-0.1188115,0.99943495,0.24181255216988695,0.430419655571211,0.034667883,0.99894434,0.4029873273200171,0.43262105780528615,0.041937534,0.9995981,0.20962294229616218,0.593584622012234,-0.19650087,0.99796236,0.4457486054679626,0.5983018304861265,-0.19076575,0.9988325,0.3808756913813375,0.44408293396321813,-0.4275437,0.9990831,0.29717379663809496,0.43853290358760677,-0.4298814,0.99840105,0.3805824037307438,0.7744709869030678,-0.014611351,0.9998946,0.28652787955595316,0.7798116708841218,0.015102494,0.9998974,0.43866620666685063,1.0403365918788698,-0.0839286,0.9676888,0.27491844612920635,1.0450556708510657,-0.061697416,0.94239676,0.26593298478536787,1.2960378958407544,0.20926854,0.09797571,0.47526978839738754,1.2757642133604983,0.14414549,0.07762188,0.27623372375321065,1.329200258779678,0.23189959,0.063990675,0.47811766772364384,1.3097094493801171,0.16365325,0.036943674,idle
0.32286754723614475,0.3128239692026665,-0.16890332,0.99983454,0.31332482954474394,0.2869374162103884,-0.1481792,0.99985677,0.34286107173712965,0.29387490777389547,-0.13872445,0.99985677,0.2897382090939954,0.3039031390046136,-0.011872481,0.9998412,0.3589235545876711,0.30209750578569944,0.031854462,0.999931,0.31157382415036194,0.34153766313582423,-0.116146386,0.99943143,0.33005639539888765,0.3387218992123889,-0.10379944,0.9994148,0.23161711827785536,0.43998240969325336,0.04156786,0.9989339,0.38531181297550565,0.4272320365696207,0.042495538,0.9995794,0.20565464087773278,0.5822768275063769,-0.18771718,0.99810255,0.439203730457012,0.6092245208056248,-0.16808997,0.9988438,0.3777154371756246,0.4485090978292221,-0.39171416,0.9991152,0.2939911734811961,0.4398214136707297,-0.4168296,0.99849916,0.3769725510091596,0.7709478654479484,-0.012707194,0.9998957,0.2702270705442037,0.773869008584669,0.013207507,0.9998983,0.43536253743665565,1.0392876204199022,-0.083945416,0.9675698,0.27890719070186,1.0545069740999495,-0.07409589,0.94112134,0.2731937289808324,1.2957252469170248,0.22058292,0.09200616,0.47946618794638063,1.2745077222513501,0.15248108,0.07422658,0.27034148360086274,1.3355018928205828,0.24557944,0.06073186,0.48186095554255826,1.2988254677056132,0.1744338,0.03553062,idle
0.32010535132821705,0.3190616814366229,-0.18221381,0.9998267,0.3020845329077454,0.30317123147803926,-0.16371097,0.9998508,0.3450413982212953,0.2846208008891922,-0.1512843,0.99984723,0.2832868957453124,0.2981408823418375,-0.029029047,0.99983966,0.36149742317642575,0.2958990102415695,0.030216733,0.99992335,0.3071085192246602,0.33721807225941147,-0.12993388,0.9994183,0.33230979592465826,0.3316460584884548,-0.1131057,0.9993577,0.22643467020742658,0.42822961665439024,0.02089697,0.99889785,0.39127879248199493,0.43401635374862796,0.052453555,0.999545,0.20951984336026463,0.5798065101092053,-0.23646827,0.9982495,0.4374338292926816,0.5990720373843964,-0.17127828,0.99886864,0.3761424219042937,0.4490273728332073,-0.429174,0.9991748,0.29529826921970004,0.4347395374982698,-0.4787725,0.99860275,0.38135543440017305,0.7635953670985564,-0.011833867,0.9998997,0.26701620946316396,0.7869179564106593,0.012371672,0.9999021,0.4319636157426209,1.037447232767389,-0.06382276,0.9650626,0.2758191676951409,1.0477731434547992,-0.076670825,0.93460035,0.2721868207718261,1.301318441681316,0.21722916,0.08387591,0.4506015279542942,1.2836755382755167,0.18089058,0.06849364,0.2675881301735835,1.34598287310572,0.24094501,0.055862945,0.4569187559574439,1.3116035935964871,0.20228341,0.03308415,idle
0.32123849629201484,0.31564616020852765,-0.17460793,0.9998063,0.3159327751705292,0.2816278956434888,-0.1597134,0.99983007,0.3389455203524029,0.29082980060345953,-0.14282349,0.99982643,0.2938793959287136,0.29293834485660647,-0.012715302,0.9998254,0.35997596232503315,0.3049147963249115,0.05137192,0.99990696,0.3152820969634589,0.3426362485649615,-0.12311063,0.99938905,0.3279498364409267,0.33784587506874436,-0.0975808,0.9992914,0.23173914510195714,0.42369937068961816,0.042529996,0.99893993,0.39354124609435515,0.42946659020905215,0.09626347,0.9995335,0.2042723225655808,0.5577803205247451,-0.19622257,0.99837965,0.42603483587324,0.5994314035307942,-0.1053495,0.9988609,0.39265800236900195,0.44635941065710266,-0.3641352,0.99922776,0.29658430716424067,0.43634919053637444,-0.4229663,0.998694,0.3677013085497651,0.7617831264112583,-0.010993147,0.99990207,0.2778523418437291,0.7745656172688677,0.011576981,0.9999056,0.4130868784446854,1.0301950319662363,-0.043860137,0.952404,0.2741181591478611,1.0490506798492027,-0.08648636,0.9133474,0.25566570603717664,1.2991689189105244,0.2117875,0.076150075,0.42709019470126064,1.2864431661199955,0.18807277,0.06322318,0.26757581644192296,1.3313444637544611,0.2385279,0.05102023,0.4232518411354873,1.297788033847669,0.20710261,0.030639727,idle
0.3255628449311887,0.3125520404894233,-0.16649064,0.99980384,0.31096840055144237,0.28914899724919085,-0.14772269,0.99982405,0.3395069578311485,0.2885908971106081,-0.13556924,0.9998197,0.28986163396582565,0.3058160934673028,-0.004880473,0.9998227,0.352176740032739,0.303650061274453,0.04960264,0.9998994,0.30253465143518166,0.33910018941011394,-0.113552794,0.99940264,0.3367825129455604,0.3308821002160719,-0.094807476,0.99929327,0.23138929270479924,0.4048160902711679,0.046017826,0.9990064,0.39249711390320585,0.41819968531235674,0.09774236,0.9995389,0.20212953857611438,0.5614249029357536,-0.18720712,0.9984784,0.4423518833718413,0.5926855412326886,-0.0989651,0.99882334,0.38107102747454313,0.44829707668503227,-0.35343987,0.999265,0.29560159179301104,0.4264069225641695,-0.39229062,0.99877286,0.3619022805680914,0.7637304849682423,-0.01078617,0.9999015,0.2662714316270972,0.7779375041013558,0.011378961,0.9999069,0.4149478843184954,1.0281701684381432,-0.027662218,0.93771917,0.2658327537404399,1.0409754422921327,-0.095756106,0.8902975,0.25408990257464537,1.2860246850298371,0.17494892,0.06937347,0.42481480762495005,1.272023684241343,0.2055687,0.058907382,0.25945489014949386,1.331324723043746,0.19724956,0.04685777,0.4206927481917334,1.300251850722537,0.22447574,0.028624577,idle
0.3133292560252424,0.3172100563651398,-0.16249393,0.99980265,0.2959158593151582,0.2916301788161287,-0.14293766,0.9998207,0.3428524553694161,0.2848520761954106,-0.13189086,0.9998132,0.2822422364225574,0.3010063791781986,-0.0063055865,0.99982303,0.3541750352706988,0.3017173074873197,0.050587602,0.99989045,0.3112645429397636,0.3401494602666278,-0.10951217,0.9994148,0.32670962562762496,0.32841451866809257,-0.09323686,0.99928194,0.22612874631970115,0.41305306038922684,0.03697433,0.9990725,0.3925112408507144,0.42483743243765,0.107696116,0.99953836,0.20474206334079004,0.5726906643770769,-0.17965865,0.9985985,0.4233182851215661,0.6037946659243725,-0.08364755,0.99879944,0.3986426615360238,0.44412667112927207,-0.34211966,0.9993042,0.28909056759883656,0.44110711939960245,-0.38978532,0.99886733,0.3732999061393365,0.7579758251673538,-0.009795373,0.99990594,0.2660571078010947,0.7757716755465487,0.010398797,0.99991214,0.4045635696099217,1.025966967328919,-0.031339057,0.92540437,0.2623787405879945,1.0462691268415414,-0.09657352,0.86910075,0.2566934400417391,1.292746372868124,0.17586173,0.0630179,0.4148700713899873,1.276175619950677,0.21206005,0.0543825,0.25724364114727627,1.3240672574561485,0.20434174,0.04287878,0.41350644416283155,1.2985051822349583,0.2320141,0.026553027,idle
0.3223060447584698,0.315537480443217,-0.14848813,0.9998029,0.30543094339500754,0.2888809993185056,-0.13371845,0.9998196,0.34143161735253136,0.2857578769173053,-0.117620885,0.9998085,0.28771292785060865,0.29675373829629925,-0.002187297,0.9998242,0.35814148886718655,0.30066160905991113,0.063602455,0.9998831,0.3071102038624638,0.3315094589617845,-0.101080954,0.9994142,0.3346708606791283,0.32719749688755223,-0.079502456,0.99924505,0.2270642157531798,0.4048155819227858,0.035922334,0.9991311,0.3790213887817536,0.41416090275097345,0.11405281,0.9995388,0.19521942738497966,0.5713184207161528,-0.17746933,0.99871415,0.4307517119186217,0.5819189600306425,-0.07988678,0.9988205,0.3955681995982192,0.4397704202101388,-0.3301736,0.99934834,0.29573953176084433,0.42462409207523644,-0.37773886,0.99895906,0.3761357636983146,0.75216157249079,-0.009563806,0.999912,0.27194744476177346,0.7603257717945792,0.010229022,0.9999185,0.40649977064629905,1.032948784933009,-0.027593022,0.9134001,0.2662807833705515,1.0477022965775673,-0.09633841,0.84759337,0.2572685920193156,1.2923946222688334,0.17005609,0.056972228,0.41516211836580497,1.266524543764207,0.22001421,0.049445864,0.2632169225630071,1.3216501696792038,0.19342138,0.038945295,0.4173072379756353,1.3011322456922123,0.24098499,0.0242748,idle
0.3282919678056049,0.31111829097130633,-0.14848597,0.9998065,0.30206005329207486,0.2902729307710269,-0.13335702,0.9998227,0.3334177711563222,0.2857809771602226,-0.11772184,0.999811,0.28954722898847207,0.28792240711572875,-0.0052433694,0.9998293,0.35006323984419807,0.3008698287570362,0.06264718,0.99988306,0.2995661612805707,0.33475855969264584,-0.10062424,0.9994171,0.331396880680234,0.32656751140160967,-0.07972702,0.9992323,0.22795380598026904,0.41297706077454294,0.034008328,0.99918246,0.38507809610879173,0.43566514602574613,0.11464293,0.99955046,0.21144425517299392,0.5619938121057911,-0.17543879,0.99882734,0.4323348613778618,0.595783881491522,-0.0759118,0.99887806,0.3919767960317746,0.447673977557283,-0.33231032,0.99939644,0.2978405821210319,0.4197108221571336,-0.37654787,0.99904555,0.3709815077283296,0.7632078424290377,-0.006635713,0.9999175,0.26976256276495403,0.7689079709819248,0.0073460387,0.9999238,0.41086313982987654,1.0177744304587617,-0.029163754,0.91304374,0.2726090260734024,1.0204912849707244,-0.091897324,0.8464893,0.27127158298628984,1.2956589133518468,0.16644159,0.051948633,0.40666363262616223,1.2600873989159915,0.21447957,0.045477483,0.25515342074067715,1.31927439603934,0.1868709,0.035899576,0.41186259463010855,1.2968830559577684,0.23527281,0.022752013,idle
0.32187619502093356,0.31457218227622796,-0.1509423,0.9997903,0.2980934792876433,0.2752587587676912,-0.13648364,0.99980676,0.3405581058577881,0.2822335173728905,-0.12047318,0.9997958,0.2927069668999729,0.29519068394423936,-0.013045467,0.99981576,0.35384711083823206,0.30244536021155993,0.059943296,0.99987125,0.3121588132817318,0.3343407838815496,-0.10357231,0.9993657,0.33400603704462706,0.330135546596288,-0.08206691,0.9991525,0.23471857432227217,0.40881438333234243,0.024006702,0.99915403,0.3892463982788015,0.4188686434735408,0.109967425,0.9995316,0.19998474389670085,0.5604628838283705,-0.19066001,0.99889815,0.43505560539792354,0.6035544765421679,-0.08737286,0.9988747,0.39761451762486666,0.4427290339804169,-0.3450958,0.9994164,0.3039839812334555,0.43163165353126415,-0.3900212,0.9990948,0.3680341057237946,0.7533451531972538,-0.0043799975,0.99991935,0.26289427130696685,0.7775734298163315,0.0049576545,0.99992514,0.399996206558192,1.0323632857758254,-0.030911583,0.91466755,0.269350115800412,1.0339840219591387,-0.08936073,0.84868264,0.2600612420216376,1.2923172505905425,0.17103493,0.04823283,0.40197236618779775,1.2707754043628958,0.21547845,0.043112926,0.2580197201622465,1.3319037938322709,0.19052443,0.03381309,0.4136571967306881,1.3044660492874722,0.2381632,0.022001788,idle
0.31996445475651303,0.3214327575238963,-0.1469703,0.9997838,0.31302314608181736,0.28966889292187137,-0.13223116,0.9997997,0.3276236672724938,0.29516831992329456,-0.1161443,0.9997887,0.281623371981518,0.29694165685601326,-0.011690037,0.9998079,0.34764971083080043,0.29406415831700267,0.06313438,0.99986565,0.30832797278510027,0.3408226024424809,-0.09966503,0.9993229,0.3403163863913352,0.3388058795534533,-0.078531876,0.9990928,0.21623169057154834,0.40119324733539596,0.030312728,0.99915975,0.391592492735232,0.42172404662199353,0.1154791,0.9995239,0.21236484921528376,0.5719971310134222,-0.18554372,0.99897516,0.43076620987406733,0.6005625839658562,-0.078432456,0.998905,0.400303797475685,0.4450219973847145,-0.33209354,0.9994446,0.31623386724710123,0.42820153782034004,-0.3874771,0.99915403,0.3660247154545908,0.766057948571856,-0.0044774227,0.99992347,0.264911462040068,0.769836158633095,0.005031271,0.99992895,0.40650159948138487,1.0299400097021956,-0.044374608,0.91563857,0.27054844627633046,1.0350944019651993,-0.08569066,0.8484223,0.2613475156937689,1.3026387873567422,0.19385077,0.044406462,0.41144133461854526,1.2783785396248664,0.20091403,0.04042867,0.2637960977428794,1.3305607545530425,0.21683009,0.031528797,0.4086438944704113,1.3117992401717857,0.2230401,0.02100091,idle
0.3237932696743039,0.31615414823851073,-0.14370611,0.9997848,0.30022600426762414,0.2863701582292769,-0.1277002,0.9998004,0.34514255971251584,0.2957305937600573,-0.11286789,0.99978906,0.2877868064377356,0.30436139059373457,-0.0072930916,0.99980724,0.35670880192021526,0.29430609736655067,0.06433587,0.9998659,0.2989068836518316,0.3356493566992417,-0.09599991,0.9993023,0.3366419167844895,0.3355726393557222,-0.07636184,0.99905515,0.232378122990321,0.41067503824389234,0.033526476,0.9991729,0.39013443782356383,0.42948512343152867,0.11240848,0.99952114,0.20035020137619486,0.5652329317207002,-0.18539013,0.99905634,0.44017989421115655,0.6108847466896966,-0.08514273,0.99896586,0.3902521743869686,0.45505762894961244,-0.3346805,0.99948645,0.2992463162953444,0.4141907028551861,-0.3949265,0.9992214,0.3568242006269483,0.7604792286842788,-0.0061700093,0.99992883,0.2712209828338529,0.7800181621923739,0.006759724,0.9999341,0.40923955481503427,1.0270264147111514,-0.05102536,0.91679084,0.2764952903037672,1.0434361920804245,-0.07379091,0.8476229,0.25731997121446726,1.3181125584057563,0.20418778,0.040451728,0.42023237414769155,1.292795659229257,0.20073429,0.037021343,0.26258054507151785,1.3535564706447945,0.22722197,0.028994652,0.41088702516833997,1.3209299686272826,0.22240539,0.01941543,idle
0.32106822257899226,0.3164017562860386,-0.14472951,0.99978215,0.30702897349042024,0.29714073491198284,-0.1288252,0.9997969,0.3399951616203909,0.2866894344952032,-0.113800764,0.9997833,0.284325992038582,0.29823051184540134,-0.006117673,0.99980396,0.34742982126169,0.2938706348210711,0.06410392,0.99986005,0.30488519674908876,0.3286001062834751,-0.09699228,0.9992875,0.3335463052661771,0.34023827310970567,-0.07708059,0.99901384,0.22616870830840619,0.41241803447568914,0.027949536,0.9991909,0.38878436875973166,0.4182453572003601,0.112174675,0.9995102,0.20909387434615223,0.5645120895629958,-0.1977232,0.9991192,0.42979969781814753,0.6016651676026747,-0.09104171,0.9989827,0.40005137130270385,0.45054044195347986,-0.35590276,0.9995167,0.3065651652705277,0.4348229256955446,-0.41009134,0.99927753,0.36202981199530293,0.7629404039927417,-0.006838386,0.99993277,0.26571167805924045,0.7804811741669014,0.007484081,0.99993813,0.4015737053357048,1.0392245007541099,-0.0455297,0.90985286,0.26736399847678793,1.0525220067817014,-0.07396403,0.8330832,0.2610206628027567,1.3134195786893308,0.2031779,0.03668713,0.4063151207545215,1.2883589637363941,0.20963974,0.033760186,0.26860547566922577,1.3506493313183037,0.2262115,0.026506647,0.42035688410891436,1.3193228888348787,0.23199955,0.017832616,idle
0.318833994862887,0.3161014650325959,-0.14474162,0.99978215,0.30251160951305545,0.29251803059642034,-0.12865987,0.9997953,0.33300780202185154,0.29389700318440776,-0.11378167,0.9997793,0.2886807382564215,0.2983074877910902,-0.0049383533,0.99980223,0.3432403310273884,0.2961747187223905,0.063852176,0.9998547,0.3027449494958103,0.3313518121883117,-0.09693764,0.99928254,0.3304130191970087,0.3383486694847338,-0.07727024,0.9989881,0.22951977068292062,0.413835626777096,0.026068961,0.9992129,0.3837226290581921,0.42373454765501506,0.11052575,0.9995038,0.2019531371433949,0.5754410767142468,-0.19615427,0.99917567,0.43462688831557805,0.6094027349650298,-0.09265112,0.9989939,0.39811069853849557,0.4424823578655379,-0.3555121,0.9995426,0.30086478717451615,0.4316037971569297,-0.40398416,0.9993283,0.3661006927686986,0.7699725420875162,-0.0073382757,0.9999366,0.25331723718093524,0.788740206930719,0.008035252,0.99994206,0.4043985248995743,1.0342708324133507,-0.03768588,0.89942104,0.2661222778517367,1.048535975281615,-0.07401482,0.81238955,0.26703165626346004,1.3283479174929056,0.20587485,0.033218946,0.40913998271958796,1.2819351879479404,0.21503408,0.03073744,0.2630375384743079,1.3576168162189184,0.22957894,0.02418012,0.4143746228234403,1.3188396076406022,0.23705876,0.016338503,idle
0.3292148042690375,0.32321467979098517,-0.14040676,0.9997842,0.29343708462848184,0.29320820733660885,-0.124765754,0.9997964,0.3333544664386273,0.2878372059205962,-0.10915071,0.99977815,0.28115196499831907,0.29488613144889103,-0.0048587895,0.9998043,0.34591148473167255,0.30013527650900207,0.0684698,0.9998518,0.311512836328524,0.3418554757493584,-0.09361982,0.9992858,0.32653576065572787,0.3315198753116331,-0.07309339,0.998973,0.219114711237835,0.4125366571057773,0.026676003,0.99924004,0.38445166666010955,0.4232151412301581,0.11448957,0.99950844,0.20111347061966778,0.5623360248546582,-0.1935788,0.99923295,0.4156627707758671,0.616326768084515,-0.08592385,0.99900293,0.39023671461638154,0.45341887284431626,-0.34752724,0.99956656,0.3096498701388136,0.4253639786669457,-0.39250416,0.9993753,0.37678159654136356,0.7731843606582259,-0.0071373796,0.9999401,0.2653739090150625,0.782379918252179,0.007856956,0.9999455,0.40339154257642207,1.039232203346705,-0.03406278,0.89353335,0.268594875404939,1.0434330268809127,-0.0727831,0.79926443,0.2596595908089022,1.316377474273797,0.20936242,0.030126046,0.42064837618996387,1.292694909846006,0.2155201,0.028073657,0.25845322207646904,1.3529348682737388,0.2334793,0.02211915,0.409884969841411,1.3272603123711495,0.23724742,0.01505887,idle
0.31512551262439614,0.3203247265488644,-0.14075963,0.9997851,0.28934993438191103,0.29674533810785303,-0.12546161,0.99979645,0.3355269773717878,0.28776075765915754,-0.109610155,0.999777,0.28776497312163707,0.2970977275104015,-0.012928059,0.99980485,0.336588424029826,0.29716048408503737,0.06764514,0.9998487,0.3062861300899513,0.3435103120887996,-0.09478385,0.9992777,0.33933592190808104,0.3375415675276252,-0.07357854,0.9989472,0.22381234955927842,0.4212466831375416,0.013191109,0.99924004,0.38456184435064156,0.42880595271919836,0.11554408,0.9995084,0.207070657021024,0.5781318205327552,-0.19861384,0.99927974,0.42313258153426914,0.6027146829967256,-0.0789883,0.998983,0.40056771623192045,0.45517547219737714,-0.34649777,0.99957913,0.30196745918338064,0.42264523337825294,-0.39034837,0.9994123,0.36228665320266995,0.7763242677904252,-0.004477398,0.9999426,0.2662368855112932,0.7862399080858644,0.0051355837,0.99994785,0.4116588892231082,1.0366732024108405,-0.03291161,0.89358866,0.2735386033357492,1.0440652278274747,-0.07000271,0.7968299,0.26309122117851413,1.319349074681925,0.20697315,0.027631786,0.4169668126698024,1.2909988607462197,0.21368499,0.026098015,0.2664244576608952,1.3543096636841654,0.23056038,0.020569865,0.4189520676339944,1.3258434289636634,0.23531151,0.014217068,idle
0.3075711540857664,0.3181387350190561,-0.14821067,0.9997761,0.2985651633578077,0.28528508399816493,-0.13596626,0.99978673,0.32932093659455186,0.29493583861397943,-0.11666834,0.9997639,0.26485220732804904,0.3034913793809611,-0.028344879,0.999798,0.33943398565877725,0.3084234720585393,0.062346738,0.9998353,0.30709620665778004,0.3411398173338657,-0.105425775,0.9992526,0.3267933423237387,0.3431388178340598,-0.080063656,0.99889064,0.2202706346992711,0.4177063300825864,-0.0014738857,0.9992039,0.38661610757199116,0.424689640175491,0.114580974,0.99947655,0.20964580018717538,0.5817730260672741,-0.20823029,0.99930644,0.42971917095253964,0.616556764866803,-0.08085157,0.9988785,0.4014958753400385,0.45422623621474756,-0.35634384,0.9995693,0.2988509475026846,0.43166699131998293,-0.39074367,0.9994334,0.3656606768045799,0.767509576178909,-0.0012095078,0.9999421,0.2576864839637619,0.7853909751408942,0.0017968133,0.9999474,0.410650116948728,1.0316022486604304,-0.027395654,0.89296156,0.2770819484741741,1.0444959488086751,-0.07592396,0.7952308,0.2744617857966871,1.3160036242488724,0.20597331,0.025642002,0.4165754607856499,1.283688191854128,0.22563143,0.024869295,0.26338138447514636,1.3422459883507831,0.22953478,0.01949554,0.42738201965635525,1.3184399043315207,0.24808753,0.013829409,idle
0.309948951757247,0.32584571044719285,-0.14938727,0.9997728,0.30381975333596,0.2965183557740165,-0.1415837,0.9997794,0.3275888703385966,0.28428462834928275,-0.11808056,0.9997549,0.28209628822962907,0.29870191304598664,-0.054205347,0.9997909,0.3448415343633463,0.2979355318845266,0.058326613,0.99982274,0.3012279888785151,0.3534591181435211,-0.112762295,0.9992452,0.32694145457185353,0.33894337401072155,-0.08181841,0.9988709,0.21640997302553877,0.4223310367680449,-0.031478487,0.9991273,0.3806693926031708,0.42339646271493914,0.1156619,0.99944323,0.20361745044089152,0.5760368920790079,-0.2219247,0.9992856,0.4073388929824282,0.6011192279972312,-0.07148035,0.9986483,0.39875853338443257,0.4523459955977406,-0.35648814,0.99953294,0.29784602453422493,0.4256692825418941,-0.38542032,0.99942935,0.3639459161912101,0.7644964854679934,0.0056096474,0.99993664,0.26784395584985043,0.782769549079181,-0.0050912662,0.99994105,0.41395172074245845,1.0304619503018595,-0.01674808,0.89114064,0.26702648167106957,1.0458234452879385,-0.081755,0.7903828,0.2745721582755286,1.311425572022788,0.19503388,0.024045901,0.4074103449776849,1.2920693726054167,0.22545695,0.024387464,0.2684067419641287,1.3385044639635972,0.2187692,0.018700171,0.412306809105361,1.3122082644482842,0.2470768,0.013716099,idle
0.32420154672185575,0.32025085587058805,-0.14927676,0.9997671,0.30335495761407416,0.2959783865021316,-0.14078861,0.99976766,0.3265973945166307,0.2946118699937406,-0.11801634,0.9997416,0.2776120577656812,0.30544379341597355,-0.047532927,0.9997797,0.3354168247512842,0.30417440260921036,0.057728965,0.99980414,0.2991255979840376,0.33539599928427666,-0.11169273,0.9992378,0.32425767253352644,0.3428916260402728,-0.08181603,0.9988565,0.2148629148201182,0.4142035077653351,-0.025575137,0.99908704,0.3823416388210735,0.43080611487622417,0.1188287,0.9994153,0.2006817704857322,0.5828958805807838,-0.22243567,0.9992201,0.4135201183480566,0.6027473742353301,-0.07160153,0.99830085,0.40323210844379875,0.45721370120249133,-0.35973698,0.9994508,0.30176256358692444,0.4294559686731233,-0.3844959,0.999398,0.37494319401525955,0.7613807223613002,0.0087877605,0.9999246,0.25817031104857424,0.7930797682308589,-0.008304389,0.99992937,0.40356103131956855,1.0259531127382484,-0.008636903,0.8862042,0.2744453618942132,1.0439115220907642,-0.08981995,0.7821934,0.27992761803089916,1.3004594076664686,0.17497423,0.023056284,0.4185689337627094,1.2817309897899245,0.22373848,0.025344916,0.272307341369985,1.325961345709392,0.19731486,0.018336665,0.4170846392073607,1.3140355260983307,0.24473827,0.014281971,idle
0.3189987368810583,0.30832319511484507,-0.15723357,0.99976426,0.2958477196051815,0.29392045107133025,-0.14768647,0.9997611,0.3320494483376847,0.29607906608256207,-0.12666339,0.9997339,0.28499268999582217,0.29763545560540333,-0.046822336,0.99977446,0.33926354509410905,0.29840758517652455,0.04833034,0.9997929,0.2951825423132971,0.34503499697497786,-0.11757753,0.999226,0.32428938490107895,0.3469214394733721,-0.09026074,0.9988304,0.20896297506988604,0.4146593139790701,-0.023356294,0.99907285,0.3823296744849247,0.42629901617303284,0.115049995,0.9993996,0.20377322461579261,0.5848535920560777,-0.22851498,0.99922377,0.4139061111760892,0.6064601803633437,-0.083312504,0.99818414,0.38430325056797143,0.46440163931237255,-0.38486245,0.99942595,0.2979531198843136,0.4243130457230126,-0.40287107,0.9994054,0.3635208579067126,0.7631575767128607,0.0083283065,0.9999212,0.2573747170714945,0.7798203940347801,-0.0078027197,0.99992555,0.40102413695210104,1.026122313869457,-0.0058685564,0.8838478,0.2675944325175147,1.0388440090637003,-0.08662727,0.7771392,0.2743734200337675,1.2992093246826852,0.17603368,0.021655574,0.4171967025362553,1.278485592008776,0.22159174,0.024913369,0.27004679892245875,1.3210380983160335,0.19763085,0.017576933,0.4173472186301679,1.299524848655241,0.23985341,0.014220309,idle
0.3179332125184481,0.3225273529108477,-0.15841043,0.9997583,0.29424585927066416,0.28905492736372806,-0.14858533,0.9997483,0.3320140567346419,0.28793268767388824,-0.12844959,0.9997201,0.28061127452088186,0.30562792458128457,-0.04610399,0.99976134,0.33265760771173825,0.29254813660768286,0.044819467,0.99977535,0.30356549479180595,0.33169253076005434,-0.118002474,0.9992103,0.32254011665298654,0.33871700350475953,-0.09192696,0.99880886,0.21496957934165428,0.4155037063173769,-0.02145902,0.999038,0.3763470983294869,0.42937545997165744,0.11201874,0.99937934,0.20087291792464723,0.5757600840653883,-0.22291525,0.9991733,0.4258202962532617,0.6049760011324664,-0.08406578,0.9979529,0.39729720157704396,0.4590885275759629,-0.37907705,0.99936306,0.29911201641687046,0.430491738038706,-0.3956006,0.99938655,0.3648255957508495,0.7681455143781304,0.0075652627,0.99991405,0.2580656548516319,0.7820343234943102,-0.0070383945,0.99991745,0.4059535857824974,1.0271659935861495,-0.002855956,0.8792007,0.275756246184251,1.0434809006223635,-0.08491037,0.76876086,0.27302325013759954,1.2978664228068353,0.17422548,0.020643665,0.42365867830028714,1.2897043970103097,0.2180256,0.025251614,0.27735018045820214,1.3190381412867258,0.19525853,0.01713273,0.4215817964608852,1.3029400650045857,0.23459789,0.0143906325,idle
0.31759923931430933,0.31396414680378326,-0.15213916,0.9997556,0.3011029773548791,0.2944627575776277,-0.1426009,0.9997406,0.3271254891380373,0.29741634309144543,-0.121987954,0.9997107,0.2748959825093724,0.30333674441750635,-0.045273237,0.9997504,0.33332515243152516,0.2949881599203231,0.0495483,0.99976075,0.2876312059365773,0.34797049318913637,-0.11288206,0.99918926,0.32662614815677415,0.3407873989993022,-0.08641372,0.9987732,0.2144667816906961,0.4247783531621233,-0.016391862,0.99903744,0.38051230026186267,0.43524447294370755,0.11710616,0.9993645,0.2104116716167328,0.5771572625986675,-0.22030456,0.999166,0.4118264496688755,0.6069242282344509,-0.07441439,0.99783117,0.40405108025041514,0.45765363601774595,-0.3683076,0.9993477,0.30016748917125746,0.43503179246415014,-0.39771825,0.9993981,0.3725560196441998,0.7677344052195778,0.0069742254,0.99991137,0.26699453787891925,0.787818746704187,-0.0064453618,0.99991524,0.39430505024773355,1.0333901625803283,-0.007360185,0.87361133,0.26394851989605306,1.0411483418135188,-0.08462368,0.7584007,0.2764914583552661,1.3022712698098389,0.17667316,0.019311018,0.4171948205418343,1.2767408991809017,0.20612538,0.024518607,0.2650177210047082,1.3237493752228704,0.19813296,0.01627492,0.41881309659867405,1.3115814422876544,0.22378314,0.014077153,idle
0.3057253331450084,0.3159241558792559,-0.1505808,0.99975646,0.2876567647110143,0.29475289383489384,-0.14217241,0.9997372,0.33805839300179386,0.2947918448494088,-0.12016877,0.999706,0.2766719206092575,0.30203394594951655,-0.04245422,0.999746,0.3414405280941136,0.2931795443142241,0.052208442,0.99975014,0.3096866587250079,0.3413654085416174,-0.11280848,0.9991832,0.31487567753725165,0.33715719367669167,-0.0845145,0.9987666,0.22020460735780134,0.41752700706526885,-0.019509139,0.9990128,0.3784500053586275,0.4205866124282441,0.120731965,0.9993472,0.20929218384832915,0.5798183497250949,-0.22431155,0.9991311,0.40699295634447563,0.6071847937371083,-0.072941646,0.99762577,0.38563066630579046,0.460135113777936,-0.36811864,0.99928606,0.3046881443130379,0.42346451309947697,-0.3969112,0.9993882,0.36882672880781087,0.762786011522502,0.008582256,0.9999016,0.26821752657064446,0.7819821806256352,-0.00809886,0.999905,0.41262006325385614,1.0343275970361168,-0.008032589,0.8712006,0.27618742461885726,1.0361127558641892,-0.08633663,0.7547989,0.2827658634573924,1.2983658506244478,0.1728219,0.018804045,0.420080668456559,1.2841902302040789,0.20305495,0.025360288,0.28030105113383286,1.3173933806393208,0.19447608,0.016132418,0.419076490371154,1.3092939858463846,0.22124311,0.014586698,idle
0.3214352372497764,0.3225814843944552,-0.15692475,0.99976015,0.29536179574669685,0.30291345852198287,-0.14939293,0.99973875,0.3342946655010879,0.29271025119085353,-0.12623236,0.99970746,0.2790868961576284,0.2949175903318732,-0.055735983,0.99974465,0.33422367921895746,0.30486398424239347,0.047234446,0.99974734,0.29103776915639656,0.3349846276678712,-0.120397985,0.9991742,0.32355472480737957,0.3493675746932623,-0.09062212,0.9987484,0.2118760639891566,0.4206432518688804,-0.034671675,0.99900204,0.3821531939867515,0.42416308303273526,0.11661762,0.9993352,0.21290993046947637,0.5761246771457567,-0.24942985,0.99915564,0.41407033079829714,0.6038174128111699,-0.07412392,0.99762297,0.4100274653176331,0.4572083978013098,-0.37889135,0.9992938,0.3040700315457111,0.4243883641916761,-0.4418893,0.99941283,0.37157206219342276,0.7648723925879325,0.008783122,0.99990237,0.2639395534825697,0.7854129121187644,-0.008330712,0.9999055,0.41737807261801896,1.0243434871760806,-0.011629088,0.8690927,0.27836389634831427,1.0394009479316886,-0.08620868,0.75046176,0.28703946288207893,1.2940880906425798,0.17413408,0.017769683,0.41778476096525496,1.2879327408686359,0.19816276,0.024843642,0.2765772770257451,1.3267502164728369,0.19571224,0.015509289,0.4127338477581214,1.3056344069009325,0.21661368,0.014467068,idle
0.30677474526204673,0.319533885905715,-0.18045244,0.9997639,0.2911682465920986,0.29897419072231646,-0.16701326,0.99973744,0.3244810192015303,0.2956663508294835,-0.14948311,0.99971,0.2747649503925885,0.29319642061848533,-0.05569015,0.99973875,0.33977151813488515,0.30563874407506575,0.025382569,0.99974793,0.2922397431498547,0.3441984276398933,-0.13649654,0.9991722,0.3295830953780111,0.3372105801499392,-0.11415652,0.9987688,0.22252786456189333,0.4205852002769167,-0.03026419,0.9990036,0.3926393440841346,0.432350935338686,0.10070117,0.9993455,0.21785599568957192,0.5757317197833594,-0.24173895,0.9991727,0.4185155613027469,0.6045829031801563,-0.08633812,0.9976767,0.409953046976254,0.4593435466062923,-0.3944364,0.9993164,0.29298983088362296,0.42172135363959184,-0.44708768,0.9994311,0.3716890529082333,0.7590150241275332,0.00862486,0.99989885,0.276016710798453,0.7789910517298181,-0.008228047,0.99990225,0.41462996345570347,1.023287444663751,-0.015366243,0.8662141,0.2840175483707349,1.0374656561560023,-0.07002474,0.7450403,0.2757337701461384,1.2989006864718382,0.19532587,0.017006502,0.41970689970293473,1.2861062757762638,0.17028299,0.024923746,0.27083684067307445,1.327926926245082,0.21728246,0.015027144,0.4169854299280682,1.3148083716653547,0.18542546,0.014512879,idle
0.31747147084442284,0.32001079991502107,-0.19534509,0.99975854,0.2976058963549635,0.29976893714743114,-0.18244119,0.99972606,0.33003896063216676,0.28905972774572575,-0.16553321,0.9997023,0.27318108982331823,0.30771602443757645,-0.06613593,0.9997225,0.3311887763029956,0.30517582917440766,0.010964499,0.99974,0.30233006833893405,0.3375569041673432,-0.14935735,0.999154,0.3275333818177756,0.3318989636527322,-0.12775195,0.9987698,0.2168529385091923,0.41030426548723503,-0.03326618,0.9989727,0.39189656485902546,0.4196754374133834,0.09650709,0.9993521,0.2161710611385359,0.5870000243907778,-0.2420949,0.9991364,0.43060229587560406,0.6014039807779133,-0.08679819,0.9975943,0.42533523331687517,0.4669630807412886,-0.41538662,0.9992966,0.3086447493969565,0.42943245320008466,-0.46190292,0.9994105,0.38026578731750915,0.7653903918962064,0.008644218,0.9998848,0.2699968806595764,0.7756608292242285,-0.008285796,0.9998877,0.41608186942912107,1.0318269800375854,-0.023550525,0.86510044,0.27605580678963904,1.0392541120617418,-0.06757571,0.74511313,0.2688231933753491,1.29788327375061,0.194069,0.017303908,0.4236141134977027,1.2797202908042895,0.15950544,0.02648637,0.2816678349472105,1.3196506341124556,0.21623632,0.015408828,0.4233741193842919,1.316199342998329,0.17453873,0.015406555,punch
0.3154827958645816,0.3265286441627522,-0.18557048,0.9997691,0.29727785566681986,0.2974075751815379,-0.17336118,0.9997383,0.3291069651119044,0.29594083854428554,-0.15614833,0.9997153,0.28447582207960054,0.31257191514949845,-0.06128616,0.99973476,0.3459593180753271,0.2947678280018734,0.011631528,0.9997491,0.3006591277811457,0.338457472011199,-0.14113683,0.99916744,0.32951855274296094,0.34119105035462505,-0.11877231,0.99878544,0.214203757242307,0.4123471327291615,-0.03466728,0.99899083,0.38957393035459686,0.432286536749709,0.11045073,0.9993466,0.22799014485251556,0.5817418968749745,-0.25790197,0.99919164,0.436707914275146,0.6030456373946796,-0.07718708,0.99764556,0.42824029180954903,0.4610264637792336,-0.4108839,0.99932134,0.30873820218403525,0.41631147241091343,-0.4803764,0.9994482,0.3795827621910073,0.766841174780335,0.011490641,0.9998879,0.2725093063431061,0.7696945447170671,-0.011198101,0.99989146,0.4162244795384735,1.0278907283287564,-0.031864055,0.8705765,0.28105072098923034,1.0373551518891553,-0.06696166,0.75577265,0.27556822848792606,1.3016145220879718,0.19927603,0.017106313,0.42255265518752116,1.2904923683246228,0.16244069,0.026734844,0.28203703961785775,1.3372221283684373,0.22139168,0.0151950205,0.4159481914624962,1.3229243586798423,0.17885067,0.0158116,punch
0.3292681749481502,0.32396060218725053,-0.17107865,0.9997857,0.30481448106840947,0.29894919995467634,-0.16211703,0.9997579,0.3314794198675215,0.2965132293769125,-0.1384861,0.99973494,0.2836131813608459,0.30824959299200294,-0.05832099,0.9997548,0.34126243173017756,0.2996545166913961,0.029605228,0.9997663,0.29649183099702126,0.3372892814215558,-0.13724807,0.9992201,0.3376998453006572,0.35191011611255424,-0.10693894,0.998857,0.23610146157332668,0.41983716192500514,-0.05116517,0.9990421,0.40106242379917556,0.42444180941953213,0.13050804,0.9993692,0.23033990781960845,0.5746144194455904,-0.29632634,0.9992514,0.4697486085911261,0.5548778882979386,-0.0025395541,0.99771005,0.5037121068565252,0.43325527723501867,-0.3185822,0.9993134,0.3246312350872793,0.4119338172124894,-0.537603,0.9994883,0.3883826166238773,0.7641779274409457,0.011414613,0.99989223,0.29517604087603455,0.7786307241255078,-0.011129968,0.99989545,0.4211644064304264,1.0177263815426665,-0.047685836,0.87886846,0.2871764323693148,1.050296661750235,-0.056867503,0.77046937,0.2874418115058681,1.2948985333128156,0.2094349,0.018405223,0.4259819874212313,1.3109347042240336,0.15471356,0.028635181,0.29368774358638405,1.3307643025080502,0.2306039,0.016121695,0.4321775223298351,1.3304142050849617,0.1711401,0.017008537,punch
0.3170198103720572,0.3282132870429463,-0.15946162,0.99979323,0.3045397114564715,0.2870528053767429,-0.15380785,0.9997701,0.345275807982539,0.2950392668946655,-0.12752454,0.9997384,0.28768851075183244,0.30815424764761123,-0.059877545,0.99976933,0.3511578226748824,0.30655631846447295,0.0368821,0.9997646,0.3109034888929706,0.35003424476211875,-0.13111761,0.9992555,0.3401216732753809,0.3510599803412379,-0.096935414,0.9988839,0.23592978791879826,0.42683435467653935,-0.07668405,0.99909043,0.3848845178785927,0.435850528966271,0.14351495,0.9993344,0.2487992927974627,0.5702501878757666,-0.3580574,0.9992893,0.4683888106904094,0.5088893087709653,0.043059193,0.9969713,0.5413647030925641,0.4266116280279657,-0.284831,0.99891347,0.3384936565375035,0.41342700395023935,-0.6287457,0.9995146,0.40000400192263463,0.7665068459472847,0.014712982,0.9998716,0.2927472094838469,0.7824216682431796,-0.014439136,0.9998782,0.413859668944202,1.028382281609454,-0.06312053,0.88376075,0.28393496430580534,1.0313689013658858,-0.05933988,0.78073555,0.2949788985263968,1.304499628598421,0.18515871,0.021240715,0.4341848499636882,1.2969681707307144,0.10952504,0.032768905,0.2952796814624028,1.331822789842447,0.20212066,0.018178733,0.4266687836958559,1.331059457541587,0.121733055,0.019145217,punch
0.32996125992006087,0.3356456271349223,-0.110815324,0.9998075,0.3129006588115766,0.3091972281278525,-0.104269944,0.99978673,0.33856802971544975,0.2975930017200429,-0.07981352,0.9997508,0.2918647542806535,0.30969907741296215,-0.030762468,0.99978614,0.3482728370983802,0.3015264244961381,0.0752251,0.999775,0.32282210495467156,0.33987656470115835,-0.08343877,0.99931204,0.34883754518336374,0.34707131624162735,-0.05210968,0.99896115,0.2430436668963939,0.4316820425124203,-0.0643953,0.99915016,0.3969238122674106,0.4286556003068884,0.16165176,0.99933904,0.24899300966931126,0.5703444694126838,-0.32350925,0.9992736,0.49502386428123757,0.4790845392925636,0.15893647,0.99662066,0.5987892795455607,0.39461576793092906,-0.027892906,0.9985426,0.34284166933239024,0.4079410881118471,-0.5723504,0.99952984,0.3990305427838361,0.7634404513377959,0.017054422,0.9998337,0.2978428639738324,0.7810287449147049,-0.016831022,0.9998397,0.43097471574518653,1.0334481651422442,-0.070094794,0.8850621,0.30278382892326483,1.0468410024594026,-0.07075261,0.78584534,0.29362294159084434,1.293839915690361,0.186774,0.025939312,0.43742634478472275,1.2923733335391094,0.12216046,0.041260794,0.30233674725736637,1.319237098358416,0.2062016,0.02186534,0.44138202871924503,1.3244867605691868,0.13696836,0.022108437,punch
0.3309870353625879,0.32594403332502553,-0.16665642,0.9998224,0.30571816707868393,0.29971973657859896,-0.15282474,0.9998032,0.33729260339161216,0.29696303080027686,-0.1394932,0.9997654,0.29831844786038864,0.3047020685380358,-0.045661047,0.9998024,0.36412740176854397,0.30220905231491596,0.01335375,0.99979025,0.31902456492489095,0.3536704453358769,-0.124625936,0.9993734,0.3479492502858673,0.34791161676680593,-0.108532466,0.999054,0.24595438277854542,0.428878673851324,-0.07082839,0.9992058,0.4147996678967165,0.4234987860657714,0.11261316,0.9993679,0.25799433973666164,0.550943447594379,-0.32158569,0.9992105,0.5221557696300532,0.43159169163380945,0.12885115,0.9964094,0.6287441222257345,0.40354083226459275,-0.028230194,0.99794793,0.36205994396690266,0.4052440126877133,-0.61098737,0.9995278,0.40698315554972964,0.7766572520457629,0.01599793,0.999761,0.30948376637187636,0.7818465775812531,-0.015864763,0.99976385,0.42584661156627546,1.0357501689754833,-0.07546322,0.88445103,0.31269314854659946,1.028983725675174,-0.06932958,0.7925795,0.29319378853356215,1.2827547547679556,0.21978255,0.034796912,0.44074428601422455,1.2912416220754734,0.13223593,0.05161038,0.3055518556455833,1.3097133106350072,0.24375701,0.028546147,0.44310424642384594,1.3169266205359174,0.14444485,0.02602057,punch
0.33511042451307915,0.3191685645882101,-0.18383059,0.99983025,0.314142072723131,0.2995839219001236,-0.17198527,0.99981165,0.3569505174886535,0.29213580615239365,-0.15714952,0.9997635,0.2997706504071016,0.3028500855914187,-0.067379504,0.99981046,0.35712029726273,0.3135206526622093,-0.0025794443,0.9997938,0.31984901128555066,0.3522678911599694,-0.14256796,0.9994198,0.3450154495830221,0.3321236792894146,-0.12449597,0.9991247,0.2611483742357631,0.4231055707962308,-0.09396596,0.99925566,0.41691488077096184,0.4291390955307753,0.10046142,0.9993875,0.26027193732507403,0.5498049577549967,-0.35640323,0.9991613,0.5348402175345593,0.4438777240190864,0.15502693,0.996231,0.6377399208248204,0.42190505226232666,0.017587692,0.9975897,0.3649223382245659,0.4054836530295233,-0.6560265,0.9995345,0.4090292208754953,0.761991970465636,0.015816765,0.9996942,0.30514477789044503,0.7884974668236933,-0.015619825,0.99969995,0.42322646355052496,1.0377348781687656,-0.072346665,0.881901,0.3123522968360706,1.0417272019779917,-0.06900123,0.7943084,0.2936127347220514,1.2831823018181967,0.23139782,0.040735304,0.4290182412832385,1.2873812508963973,0.13873714,0.061297033,0.2950776728674527,1.298126917515422,0.25655964,0.03340961,0.4499454920542548,1.3207415835759257,0.15152636,0.029381176,punch
0.34104942212809697,0.3207480056998114,-0.18411294,0.99983436,0.3241086684542327,0.29929684595648853,-0.1741325,0.9998154,0.3544097067364249,0.3076263360010145,-0.15768781,0.99975544,0.3121366677493489,0.31075691185145693,-0.077448905,0.99981195,0.3587032259256858,0.3034101497340134,-0.005954885,0.9997929,0.32958064680676613,0.34878492532418415,-0.1456002,0.9994583,0.350414222795997,0.35753591535901214,-0.12543899,0.9991845,0.25258948825017,0.43222381503482576,-0.096981555,0.9992841,0.41812188599486766,0.42282365486056134,0.09111875,0.9994022,0.26598645973862567,0.5503606125186357,-0.34537357,0.99902284,0.5326569595402468,0.4251633221473879,0.14935592,0.9958119,0.6446765683774573,0.4078090443506236,0.017025864,0.9968392,0.35936902292812845,0.3976572087856077,-0.6267451,0.9995028,0.40862594208910896,0.7637062953288447,0.01546524,0.99956965,0.31011944152210946,0.781685940199194,-0.015224695,0.99955755,0.4317579095614047,1.0284166088556121,-0.07039936,0.8758255,0.30741918814988367,1.0396018036922252,-0.06478235,0.7935978,0.29106475498809126,1.269771965699265,0.230261,0.04901393,0.4387805185920145,1.2769069916685136,0.14164045,0.06961682,0.29162536859859833,1.290231078097973,0.25475478,0.039910104,0.4398905635891346,1.292344163108932,0.15788904,0.03275167,punch
0.3334570354443237,0.32464167261628546,-0.18124577,0.9998412,0.31691750469176583,0.30543332932864276,-0.16615312,0.9998238,0.3481196828340406,0.2957858393176504,-0.15374863,0.99975985,0.3000846218624659,0.3182980627883921,-0.04399809,0.9998208,0.3757555864095711,0.30375315902503397,0.0042489963,0.99979776,0.3246545244333314,0.34811648108334536,-0.1398839,0.99949604,0.350019761132194,0.34934859114233424,-0.11972487,0.9992436,0.2589918778381576,0.4313513001242514,-0.094557196,0.9993241,0.41702077484592137,0.4119918100235101,0.09267105,0.99940753,0.27046114788164577,0.5490548385243802,-0.33024162,0.99894035,0.5375139548250478,0.4370046289329365,0.116527356,0.9952254,0.6457310647349916,0.4187830226477965,-0.064481884,0.99572515,0.37502431409131387,0.4132557953656344,-0.59691256,0.99948585,0.40511366155695294,0.7517454686194238,0.011827828,0.9994626,0.3065109263196427,0.7749604516924508,-0.011543448,0.9994604,0.4388435108964589,1.022655918434366,-0.07933555,0.8654097,0.30350281734954276,1.0269779852499712,-0.04900198,0.79035443,0.2952666780166149,1.2595353197342092,0.23782441,0.05084406,0.43601634355990093,1.2536166402642683,0.14218543,0.07170899,0.29135348654340043,1.2820433858465878,0.26156837,0.042124808,0.42607656083748513,1.2682319593998908,0.15986499,0.034613237,punch
0.34371481716436725,0.3229585583689554,-0.14989692,0.99984914,0.3170506049561811,0.2993533240879722,-0.1278886,0.9998336,0.3546403499940677,0.29431951025753356,-0.118312046,0.99976754,0.3001518557921826,0.3179278379342146,-0.0022893646,0.999831,0.36331767145716665,0.3066408143658745,0.037331372,0.9998039,0.3242339081423601,0.3458602477427751,-0.10421827,0.9995302,0.34457397210805274,0.34621685651982426,-0.09209084,0.99929476,0.25950137878357526,0.42533400297589047,-0.04905964,0.9993662,0.4123377038027507,0.41565152603092825,0.120405115,0.9994029,0.2723996925120187,0.5499582707672964,-0.30852023,0.9988998,0.5281255895443456,0.46947420754881886,0.09118402,0.9946703,0.6385718906000444,0.4166635990291102,-0.07893324,0.995099,0.37295385075656773,0.41126818663859316,-0.58672583,0.99948376,0.39978275628535687,0.7685670168020251,0.0116503,0.99939305,0.30299952981085976,0.7848647926421307,-0.011350263,0.99941796,0.43068347917588334,1.0176889364520612,-0.12789494,0.8580783,0.31634482492152083,1.0224018144054374,-0.06439423,0.7899224,0.2895237505992917,1.2508780446375725,0.21717985,0.051597312,0.4369036376884009,1.2516526219157171,0.09769419,0.072817236,0.28804396748808003,1.2777352976964986,0.23973708,0.042517457,0.44280289961275476,1.2653065843905082,0.11667682,0.035876058,punch
0.3377607530302116,0.32237791201668586,-0.11289431,0.9998415,0.3230476689572359,0.3002183818223376,-0.089499384,0.99982417,0.3557204773199666,0.29513164615699095,-0.0785929,0.99973863,0.29812469602202263,0.30509201597384233,0.034110535,0.99981934,0.3590371119917949,0.30465816552011693,0.08073239,0.99976915,0.3252589315417701,0.3449361979197202,-0.067515165,0.99952936,0.3519580765202337,0.3467061292530304,-0.05456226,0.9992932,0.25960990283935736,0.4204389182268012,-0.011453258,0.99938285,0.42331309943331297,0.41928327500466067,0.16394791,0.9993391,0.26790135253334124,0.5566406701605601,-0.27493614,0.9986807,0.517610384649787,0.46572479934924293,0.09578131,0.9923724,0.6149798893839672,0.40608652785537347,-0.10528632,0.9933233,0.3717084584265612,0.4108724665093298,-0.5288842,0.99941164,0.4047165282899182,0.7639776928221544,0.013920695,0.9992715,0.310884677209031,0.7759143508285363,-0.013642268,0.9992938,0.42958352177818016,1.0204838200098367,-0.19442424,0.8492345,0.315830133991195,1.0293015122909974,-0.089243926,0.7858017,0.29749406898750386,1.2529340135065794,0.1873238,0.055702746,0.43760072527714744,1.2266775605718945,0.008607869,0.07920517,0.2809797259742528,1.2882234759392894,0.20907378,0.04388213,0.4384545313961131,1.2521519638622753,0.025084268,0.038499445,punch
0.3303034713371191,0.31591828530371635,-0.124545254,0.99983865,0.32084467039021636,0.29731424750228563,-0.10793637,0.999826,0.3451109149718784,0.29515933179696996,-0.09393328,0.99972755,0.2970368522187139,0.30841502933091325,0.006399849,0.99982417,0.36465777090218554,0.3011855116665527,0.06479598,0.9997575,0.328280388369917,0.34435522445364974,-0.08271786,0.99954355,0.35219091155379667,0.339970106790272,-0.06550245,0.99930304,0.2590207848405557,0.4350957891464296,-0.023125188,0.9994125,0.4220984134267092,0.42780122604453735,0.15348126,0.9992883,0.2668164213589296,0.5544691635040909,-0.28118926,0.99866724,0.5100720242888088,0.47727311715487986,0.11234274,0.9916818,0.6207680457482045,0.4254768201528487,-0.112712525,0.9928892,0.36413698884434587,0.4167708467962989,-0.5360131,0.99941045,0.4091450097591761,0.7717319119344269,0.013790277,0.9992659,0.3073211001099818,0.7788476838337919,-0.013505876,0.99931186,0.4264247781365118,1.012022182515392,-0.18273497,0.8475433,0.3085088943291934,1.0292998809209315,-0.08507273,0.7862303,0.2930119456430961,1.2644421183542378,0.18839364,0.055668898,0.4491613447018692,1.2269599495578682,0.039289415,0.07991963,0.2912158092941123,1.2821383032705993,0.20929201,0.043981843,0.4355130195728698,1.2689414325197348,0.05815912,0.038937144,punch
0.33430318301965767,0.3105399690880221,-0.12586446,0.99983615,0.32341773495313575,0.29625528526415384,-0.10907129,0.9998272,0.3498997921818824,0.292581338961696,-0.09382511,0.9997155,0.3153638531128432,0.3040111474492674,0.0007480957,0.9998277,0.3647872777245441,0.30334921116412,0.066972084,0.9997409,0.33659869757735106,0.3466957062709299,-0.08522672,0.9995471,0.3508643818403794,0.33865474367900045,-0.06627704,0.9992907,0.2610378543047519,0.4273284748934917,-0.02899448,0.99943817,0.4245341634296832,0.4218221397927916,0.1651132,0.99921924,0.2694585352732711,0.5469768012226692,-0.2631013,0.9986758,0.5256986493331071,0.49377483183014004,0.17455414,0.9910113,0.6028782979578068,0.4269405478629015,-0.002497154,0.9928199,0.3684903116684134,0.4145461183125993,-0.4933452,0.9994207,0.3996881598979879,0.7664496868044243,0.014239167,0.99928564,0.3019569673946848,0.7688516814825256,-0.013930602,0.9993492,0.429179857467502,1.020821561558228,-0.07199605,0.8509716,0.2965322326677361,1.0243285983764714,-0.08322604,0.79093504,0.2821431346348595,1.2580910512912578,0.19277708,0.056496788,0.42998322051589954,1.246154901037432,0.14063513,0.08124566,0.2895853620695975,1.286600873829349,0.21698451,0.04432827,0.4419583339927393,1.27121085682983,0.15835638,0.03895862,punch
0.3393938075103019,0.3195819517925729,-0.1572582,0.9998204,0.32014766774781755,0.30249443515270974,-0.14351764,0.99981296,0.35634112170202514,0.2887950330788679,-0.12511915,0.99968094,0.3098779118166254,0.32231656579147344,-0.037355416,0.9998171,0.3701047853359124,0.30253302694945083,0.044522014,0.9996922,0.3323168991251383,0.3413954486206208,-0.11673369,0.99951667,0.3529720084963791,0.34331254911602344,-0.093632996,0.99922156,0.2717400331607134,0.42946602225488273,-0.06099231,0.9994374,0.4103704083941794,0.41641510580431634,0.15906681,0.9991544,0.28019218244812394,0.550443108126318,-0.30243328,0.998696,0.48881483967304473,0.5227853195349444,0.0887967,0.9906798,0.5688379950068008,0.4254116526861169,-0.20651808,0.9931222,0.3736023952126394,0.4042025950761911,-0.53213066,0.99943054,0.4023738519953748,0.7573792566478788,0.015122548,0.99929994,0.31514449580926085,0.7830309395645969,-0.014821346,0.9993767,0.42995193825285805,1.0077482171574919,-0.056090154,0.85455847,0.3110338462857045,1.0201089468401334,-0.09217515,0.79389626,0.2892359587642548,1.2540172520002282,0.19703452,0.055940717,0.440187036053977,1.2505727148358368,0.1553633,0.08237657,0.2931618565884173,1.2806778635595588,0.22373657,0.044022206,0.43665202905810907,1.2741969105818418,0.1725482,0.039459817,punch
0.3481446177959928,0.32063382025585924,-0.17894334,0.99980974,0.31965688042418006,0.29069579978510757,-0.16308853,0.9997994,0.36184935150696174,0.2857943189588829,-0.14548358,0.99966484,0.30375754074082795,0.30840784765262164,-0.04871915,0.9998053,0.3695009147503512,0.30466869694118726,0.030455887,0.99966514,0.33108861525946554,0.3502604694075962,-0.13560262,0.999488,0.35705952002223496,0.33947609416705554,-0.1134166,0.99916893,0.2654557152336159,0.4291000615589051,-0.064649284,0.999421,0.41203155334369557,0.42484109026914907,0.14093712,0.99912715,0.27322669895632623,0.551586097537544,-0.30639774,0.9987241,0.48754088388470584,0.5432454704694641,-0.013870846,0.99086463,0.5262213411752552,0.4330794203340409,-0.34534565,0.9935707,0.36658021075227,0.4075474283651209,-0.53357273,0.99943554,0.4161816749074595,0.7624967495923693,0.015439853,0.99932384,0.30821821614490674,0.772998539617068,-0.015173716,0.99940455,0.4328625204473069,1.0252526380923674,-0.048827495,0.8539612,0.3158900315750762,1.0328278319423023,-0.095504135,0.79201347,0.2837946256658137,1.2567949708137955,0.2263709,0.053925812,0.4405653843816667,1.2511702807510083,0.17129105,0.081687585,0.2806202983865962,1.291490983272181,0.2557869,0.04293007,0.4293336276881802,1.2762863375024074,0.18936716,0.03961536,punch
0.34013245622434285,0.32453391270028814,-0.17342588,0.999807,0.3114433452071417,0.30089659528717244,-0.15720749,0.99979454,0.36632029037919267,0.2951288500357076,-0.14019904,0.9996669,0.29951540036102,0.3051026141375626,-0.044443566,0.9998011,0.37238351757036703,0.3064513330534718,0.03770472,0.9996626,0.32480260309032927,0.34010248308148583,-0.13048333,0.9994473,0.359053978525948,0.33523134247984965,-0.108981,0.9991115,0.2544126773470772,0.42094566064029204,-0.062378794,0.99939704,0.41220471812884363,0.4291957579298357,0.14212434,0.999108,0.27592774340290893,0.5546097736210346,-0.30504185,0.99877274,0.476842312351887,0.5822317149916424,-0.015560332,0.99115777,0.500082508872762,0.4424783501147097,-0.3422975,0.99405473,0.3661989048386207,0.40771413609243634,-0.52303267,0.99944633,0.40347759848112175,0.7692217702612097,0.020339485,0.9993587,0.31354706799464327,0.7740596309827144,-0.020121397,0.99944115,0.4294215439683089,1.0388172505545028,-0.031336423,0.85026896,0.30392082378400354,1.0439947158455178,-0.09873083,0.786118,0.2870909204171562,1.2863396789291084,0.2301482,0.05039778,0.4237489735699729,1.2828189538522103,0.19021377,0.077988304,0.2852161818611182,1.3145710442050391,0.25923365,0.04065494,0.4205459657041646,1.313641542191492,0.20866278,0.038951084,punch
0.34192328149442786,0.31435681818107847,-0.17206974,0.99981374,0.3191985538052663,0.30302273662384926,-0.15560168,0.9997989,0.36106553155451526,0.2897762174396735,-0.13795242,0.99968255,0.3078305837021291,0.31436903825239837,-0.042558815,0.9998041,0.3661701837535888,0.3052512415588424,0.04042793,0.9996773,0.3329297051222043,0.3491747580236599,-0.12926327,0.99943084,0.3558709981281587,0.33753589028037595,-0.10687093,0.999095,0.25810826412948973,0.4252754972380185,-0.058098126,0.9993719,0.4081910189701423,0.4355865398541346,0.13910589,0.99912673,0.2902488660732102,0.5699756822106171,-0.29225895,0.9988468,0.4732713153832949,0.5942337675366817,-0.04527353,0.99182653,0.4772160878235838,0.44634812971991905,-0.38155037,0.99460655,0.3646648939797791,0.40895095781550833,-0.5063224,0.99947536,0.4088417508847755,0.7736546478164231,0.019983174,0.99941427,0.3106878218623771,0.775721761819654,-0.019747296,0.99948925,0.4361267441206338,1.0522403623113135,-0.030020475,0.85469747,0.3034735561309394,1.04893977043956,-0.09199103,0.7869746,0.29618980143463647,1.3156132006073793,0.24088624,0.046502177,0.4239130129645653,1.314571837036568,0.18804117,0.07350543,0.28637873323341245,1.3365008368066928,0.26936942,0.0377197,0.4135101020221449,1.3395676703748045,0.20617726,0.037148923,punch
0.3542312048522642,0.3198237794038186,-0.18741119,0.9998139,0.3205939599675084,0.2958769007119602,-0.17392825,0.9997954,0.3660704060129989,0.29255208878587585,-0.15405063,0.9996882,0.3095564584457977,0.2985926441295902,-0.060050048,0.9997982,0.3741573935804928,0.30037901441765125,0.0326074,0.99967915,0.32999135809956615,0.34807291881798674,-0.14327832,0.99940366,0.36496185254928803,0.3376261807617392,-0.117736235,0.99905986,0.2539582680498066,0.42555247294282855,-0.057656653,0.9992862,0.406292781474607,0.43910289205407027,0.11801968,0.9991301,0.26352224169060234,0.5771816649079183,-0.2804808,0.9988697,0.4554635821141858,0.6087482412507512,-0.07351699,0.99233276,0.45575482271747836,0.46277949790298767,-0.39698383,0.9950688,0.3506654094164796,0.42465850482416756,-0.48360592,0.99947613,0.40221163616755296,0.7727132277806629,0.019594267,0.9994612,0.305073000911685,0.7833335499567521,-0.019368166,0.999527,0.4288318533302682,1.0543658246794834,-0.023707615,0.8552005,0.29489155983798254,1.046733420780811,-0.08122469,0.7779318,0.2783394690994728,1.3011275488889535,0.23587306,0.042891048,0.4297616913757749,1.2971432165911676,0.1781803,0.06985316,0.2859190615579542,1.321734193058845,0.2630697,0.03498595,0.42407951913651565,1.3255168216886821,0.19557518,0.03523679,punch
0.3499094154286274,0.3275505289147541,-0.18312398,0.99981993,0.32545414494921643,0.2912375992716331,-0.17165877,0.999801,0.3630661633021123,0.29402725774288324,-0.1513516,0.9997021,0.30777563712381384,0.30863346778932105,-0.048307918,0.9998035,0.3619482744317085,0.3122383761924263,0.0427741,0.9996946,0.32170777477688806,0.3392203475481804,-0.13418332,0.9994025,0.35240656276650384,0.34173463469145404,-0.108568646,0.999055,0.24844109236215817,0.4309777795627055,-0.02926572,0.99928194,0.41960062758146655,0.4422097171368738,0.11547725,0.99916375,0.26472756884983717,0.5857906106823695,-0.25256926,0.9989399,0.4529413301169949,0.6269817828050022,-0.08354209,0.992958,0.44018269814982713,0.4585221307252765,-0.3848927,0.9955246,0.3472399585663516,0.4253303807921981,-0.4505291,0.999503,0.3959827804380296,0.7690493761062032,0.010564532,0.99951136,0.29928962690056715,0.7888020716447461,-0.010061196,0.99957085,0.42869507654152195,1.0588283214450411,-0.02377049,0.85232,0.2896515358873629,1.0475549538873992,-0.0752866,0.7603841,0.28717990313812813,1.3124041612133885,0.23313434,0.03886123,0.4161212080927814,1.3075098298860484,0.18987796,0.06368257,0.2794086519923459,1.339023935174517,0.25978678,0.031831726,0.42677926356448126,1.327033950444569,0.207677,0.032187346,idle
0.34177425680331197,0.32357858332747824,-0.18712312,0.9998204,0.32836921000822994,0.30227098974639416,-0.17472294,0.999803,0.3508304368029923,0.29315810171843487,-0.15670785,0.99970937,0.30847714667030146,0.30864201176782724,-0.05418827,0.99980843,0.3702887593099605,0.30115755024801294,0.028802196,0.9997027,0.3317715323685314,0.34748898930373723,-0.13930196,0.9994075,0.3489870284130142,0.3507498432875948,-0.11594858,0.9990553,0.24573725658772838,0.42432664142008053,-0.031527847,0.9992781,0.4015816836237086,0.446096867372014,0.10244981,0.99916923,0.2608169176712595,0.586512717236395,-0.23936796,0.9989885,0.42614056608461925,0.6156450773389376,-0.09081937,0.9931459,0.4241065250366516,0.4623960391335385,-0.4199229,0.99583054,0.34266628932196186,0.4226693712061617,-0.42598534,0.99950624,0.3984685850958508,0.7751127044268269,0.010629862,0.9995459,0.2996988061716527,0.7829542694631091,-0.010142976,0.9996024,0.4211722590987559,1.0523799744927258,-0.005978394,0.85631776,0.2962511557533516,1.051963386245975,-0.07790179,0.76597816,0.28886157175898974,1.2980436459681748,0.1920616,0.036740873,0.429822457219617,1.2798375456198834,0.21145675,0.061190452,0.27503173806519343,1.3324551933036721,0.21464261,0.030642632,0.42969865565091003,1.317764551324724,0.23019047,0.03145354,idle
0.3451637424201308,0.32487734781045613,-0.18540886,0.9998159,0.33039363621170037,0.29410753820985336,-0.17272718,0.99979854,0.35785170416368284,0.29253856388158894,-0.1549541,0.9997078,0.2985567580387065,0.3110295399946896,-0.05395041,0.9998074,0.370166798245234,0.3046459209030859,0.028234784,0.99970055,0.33354712598201863,0.33824579926685855,-0.13835648,0.9993997,0.35636775701597856,0.34814087542136574,-0.115270354,0.9990346,0.24335222656286504,0.4204938402507071,-0.029878875,0.9992632,0.4017723923354417,0.43017654600564575,0.10359063,0.99916416,0.24705697854687447,0.570303368123069,-0.22606003,0.9990047,0.422699483136296,0.613372715545882,-0.07814408,0.9930988,0.41990348882481976,0.4646516541775517,-0.4001406,0.99603844,0.3363364534381823,0.4296289373998707,-0.40227085,0.99948454,0.39645909081886943,0.7699688807267064,0.010710202,0.999572,0.2835657189441736,0.7749649887296529,-0.010236673,0.99962604,0.42652698411170287,1.0370243000183517,-0.0073012607,0.85826385,0.2964744257632216,1.0396279161703887,-0.08031692,0.76781094,0.28383067169230836,1.297378689066214,0.18211573,0.035130855,0.42673591102517094,1.281337605669634,0.20243366,0.05993659,0.2830661940886492,1.3234092649347813,0.20417061,0.029826967,0.43113729588237004,1.3073744639612916,0.2201662,0.03105142,idle
0.35263061810071183,0.32262161156908986,-0.18419042,0.99981517,0.3187590044989922,0.29267056613108405,-0.17258742,0.999798,0.3582307952479178,0.30009593246054095,-0.15328456,0.9997111,0.30856890757900945,0.3135597633892859,-0.06060765,0.9998089,0.35491866428174146,0.3057948210511512,0.029386988,0.999703,0.3302592741874578,0.3410532663575259,-0.13895307,0.9993997,0.3481996990004047,0.3461041315282896,-0.11410973,0.99902385,0.2402258018393072,0.4283458220705318,-0.031959347,0.99925315,0.40341559990995457,0.4342521503488738,0.106609404,0.9991694,0.24523862443180144,0.5896831743712776,-0.23529708,0.9990238,0.43006915925945755,0.6136047532865888,-0.06922874,0.99320716,0.42246976619307175,0.46978221127260733,-0.3902599,0.99629015,0.3357040859155429,0.43683616971805417,-0.4132873,0.99946773,0.3885708072071836,0.7709497013185169,0.0134369405,0.9995955,0.2949949618121934,0.784616265865364,-0.012977217,0.9996474,0.4195390803309528,1.046261621909658,-0.0071812435,0.86116207,0.29298184033402275,1.043902816553372,-0.09526731,0.7728281,0.28470110522019,1.299904389202168,0.17364928,0.033959273,0.4311736786399868,1.265686584396836,0.21587212,0.05853986,0.29190494697839175,1.314374200479877,0.19642879,0.029253658,0.41664793542229517,1.3047889800322103,0.23560727,0.030836133,idle
0.34114828751011206,0.3237624159086255,-0.20275366,0.9998131,0.3268114232553334,0.3061577339286965,-0.1923568,0.9997973,0.3535040754263077,0.29464256228731434,-0.17233023,0.99971426,0.29929716776237636,0.3047189788831059,-0.079617634,0.9998107,0.36365172730980344,0.3078345109663015,0.013864258,0.9997077,0.3279392882814689,0.34400560436893163,-0.15730757,0.99941057,0.35048364679751587,0.34929837774688965,-0.13093475,0.9990337,0.2482782719092953,0.4140917406106448,-0.043473296,0.9992402,0.404869408008237,0.43630473724989277,0.09567777,0.9991775,0.23881288262930978,0.5846497527952371,-0.24318686,0.99903685,0.4242227337857096,0.6132094188918363,-0.08414061,0.99333835,0.4243039422352113,0.47214459107169093,-0.41224584,0.99650586,0.34562757116318477,0.42081080327731346,-0.4345138,0.9994417,0.3856023645671147,0.761415607038991,0.0150321275,0.99961436,0.2829713351748949,0.781407525046338,-0.014580095,0.9996655,0.42591721184617604,1.0466987008172814,0.0022614961,0.8623105,0.291955170105484,1.0458217634933646,-0.10160867,0.77652556,0.2863068927481385,1.2895098285698399,0.17137995,0.032917615,0.42773794844063384,1.2648803930240542,0.24469809,0.056635845,0.28013098979135254,1.31543426623575,0.19425365,0.028799046,0.4264728015043183,1.2901249803709451,0.26684302,0.030716604,idle
0.34080556402375095,0.3206832340149649,-0.19786195,0.9998096,0.32654299269136433,0.2969226167952216,-0.18705136,0.9997945,0.35147338751922874,0.2993971537958366,-0.16703333,0.9997155,0.30192425297338266,0.3063177157254128,-0.07650538,0.9998096,0.35463489256216185,0.3027494149302084,0.016916554,0.9997101,0.3270921411121628,0.3432949537545273,-0.15349257,0.9994075,0.3608622097280174,0.3458529799180594,-0.12724978,0.9990271,0.22518170903919232,0.4248986551952106,-0.044731285,0.9992146,0.3914337592675643,0.4295114779246369,0.0983144,0.9991806,0.23340904770166393,0.5775239425701438,-0.24398673,0.99905705,0.42963431836293653,0.6150770043595146,-0.07609913,0.9935099,0.41707634572369834,0.47136381823686,-0.3981505,0.9967277,0.3371538277891404,0.4314248121655881,-0.42624837,0.99942905,0.3823789755969913,0.7740537728548333,0.01564605,0.999634,0.28804285227723736,0.7880412531011267,-0.015210132,0.99968314,0.4138604755934139,1.037687471496399,0.0012175853,0.8634431,0.28634481787509025,1.0459080377093601,-0.09910895,0.7790051,0.2864437540379774,1.2828656416001532,0.17502847,0.031763513,0.4214724673887992,1.2670918172393097,0.23166685,0.055018827,0.28088430145838494,1.3105454072028553,0.19798623,0.028204432,0.42653437866082455,1.2768508904048015,0.25215667,0.03038624,idle
0.33854397778065715,0.32428795901767626,-0.19711685,0.9998088,0.3158763080340167,0.29594923300534437,-0.18586373,0.9997942,0.3560083984113881,0.30146270701011557,-0.16663547,0.99971825,0.3000556614258697,0.2981918438275193,-0.07538393,0.9998105,0.3605258618276508,0.30565635033044086,0.02077419,0.9997123,0.31825086277831927,0.35029361210674503,-0.15307723,0.99940604,0.35953340358146935,0.34584282153725215,-0.12590978,0.99902236,0.24271627913086247,0.42822223910482615,-0.039065473,0.9991984,0.388997779481421,0.4382154624933847,0.09955426,0.9991765,0.23725155028935963,0.5864663336358282,-0.23022795,0.9990703,0.42098772531493456,0.6091626565158152,-0.06862859,0.99358124,0.4247853477418333,0.4633917766173341,-0.3867371,0.99689996,0.3262606377396151,0.4318337005071386,-0.40096936,0.99941945,0.384109648272951,0.7740002883118245,0.015678754,0.9996531,0.2914239125268733,0.7811685761885409,-0.015243543,0.9997002,0.40566924921736247,1.040936704398156,-0.00036644068,0.8660166,0.292224082090317,1.046291632384995,-0.0987236,0.78354025,0.2833377903422376,1.2921024700346893,0.16265085,0.031117965,0.4273252182699274,1.2695011331534305,0.22801295,0.054379866,0.2760174080637533,1.3203900011719585,0.18404827,0.027934873,0.42219233595278827,1.2938359639676031,0.24793729,0.03029529,idle
0.3440526481981532,0.3267435705191552,-0.19512168,0.9998083,0.3213971003200462,0.30184219126333384,-0.18517783,0.9997934,0.3458199997454128,0.29745754637162775,-0.16505802,0.9997204,0.2959184742932477,0.30313234249605,-0.07155347,0.99981093,0.35921819958790424,0.30396955609252796,0.023466965,0.9997135,0.33162964143066165,0.3442404623477726,-0.15180719,0.9994062,0.3482010375634962,0.3425537542002501,-0.12281345,0.9990187,0.23487361475004176,0.42186321842546926,-0.038495462,0.99919343,0.40014291554712045,0.43433381578934543,0.10025909,0.9991769,0.2468316096551798,0.5762791767363119,-0.22846934,0.9990802,0.4265727815423087,0.6169810292098572,-0.06919035,0.99358296,0.4188779444305786,0.4758396905542537,-0.38863987,0.9970393,0.345480260080403,0.4240705153274814,-0.39638883,0.99940705,0.3906477281182815,0.7751769896973916,0.015725201,0.99966925,0.2940098608444681,0.7806773471952662,-0.015292054,0.99971515,0.4209951422229352,1.0376649205235895,-0.003218056,0.86777705,0.2844468525208894,1.0390243472832137,-0.10183152,0.7873863,0.28102796004762687,1.2959572253841978,0.1558831,0.030665578,0.42096610120193634,1.2599158208175167,0.2280767,0.053755194,0.2768071055795255,1.3165402706504177,0.17712441,0.0277829,0.40995255580634893,1.2875333417469468,0.24847718,0.030219797,idle
0.33603880558056765,0.3188071701942641,-0.20247683,0.99980104,0.31327028249452993,0.2971666760051933,-0.19082615,0.9997865,0.34288756313972946,0.30013468062962023,-0.17183474,0.99971265,0.2984780496585937,0.3108467141611822,-0.0746402,0.99980605,0.34742761921851395,0.30274710618907663,0.014198473,0.99970233,0.3201032459414923,0.34822614553272346,-0.15694508,0.9993899,0.34733077817404323,0.34956042284028177,-0.13121004,0.9989832,0.23736751880948437,0.41466816106256604,-0.042948227,0.99918354,0.3830906076189089,0.4269537545088204,0.09433783,0.9991556,0.23433114195676685,0.583538160587911,-0.23373425,0.99909014,0.42115008615835936,0.6175789984908886,-0.09199439,0.9935052,0.41362305417497625,0.4702440331321454,-0.42602783,0.9971354,0.33547261142389795,0.42871343486706276,-0.4131113,0.9993975,0.3681031512771238,0.7705415958114323,0.015726434,0.99967265,0.2791265280827978,0.7822330406925936,-0.01529398,0.9997202,0.41457786226090465,1.0282428666883732,-0.0042836713,0.8663463,0.29723691436059063,1.0374029895913635,-0.10193354,0.78862816,0.27072938706023963,1.2860643849637186,0.15735337,0.030022414,0.4243183047983493,1.2607654026777826,0.2208595,0.052862026,0.27156303414167826,1.3114860777978152,0.1785812,0.02755241,0.4222918038056186,1.2840388493405341,0.23907915,0.030281331,idle
0.3461091181880529,0.32613802985541496,-0.19629428,0.999803,0.3232503295879905,0.30261268611216185,-0.18520668,0.99978995,0.33962995194883594,0.2962370929733878,-0.16429262,0.9997187,0.29732737731699643,0.3020143245190593,-0.07270109,0.9998104,0.36188629682689466,0.31233095761456076,0.023480598,0.9997086,0.3257136164791782,0.3474462302706871,-0.15213217,0.9993873,0.3431348989779429,0.34969698023744095,-0.12439592,0.99897087,0.23401498020270228,0.4254120400218499,-0.041825984,0.99917907,0.39155546981582745,0.4340711780790369,0.10202023,0.9991553,0.22888622539888925,0.5831238524266533,-0.23613438,0.99913317,0.4258791426519787,0.6128319874928342,-0.085258,0.9937003,0.4144821433065151,0.47995438522611433,-0.40899697,0.99730325,0.3389879683943773,0.4239923306699956,-0.41493875,0.9994124,0.3800661781049611,0.7642460485114816,0.017299201,0.9996899,0.29259111423307305,0.7834068409823711,-0.01684605,0.99973553,0.41275269299534456,1.0294746703497952,-0.005136586,0.86882114,0.2906221741384296,1.0398499246912631,-0.10139241,0.79342204,0.27580131200953173,1.2844036506670125,0.16196132,0.028769825,0.42780480902317675,1.2610395431617782,0.22646487,0.050713208,0.2796777167352331,1.304894621721371,0.18336788,0.026732149,0.4205722463136683,1.2839822516070762,0.24678771,0.029732272,idle
0.3354678593214234,0.31957669053659493,-0.17441684,0.9998087,0.320617801657343,0.3002301499932791,-0.16421129,0.9997959,0.3451584152327323,0.2969940557313799,-0.14214933,0.99972874,0.29367165813710083,0.3073021090088033,-0.058432084,0.9998164,0.36006954461231677,0.3052912061508274,0.042902958,0.99972004,0.3236784702025778,0.3476736458612061,-0.13230447,0.99938947,0.3494718088684531,0.34948094638477073,-0.10356071,0.99897194,0.24130822931359364,0.4191180985333844,-0.03520233,0.99917793,0.39189172173600595,0.43352079678569494,0.11563277,0.9991746,0.24342284190218955,0.5888793165114214,-0.23563664,0.99917686,0.41819177409336683,0.6187585437878871,-0.0738922,0.99399877,0.41395554044143434,0.46829589923181947,-0.38304824,0.99748653,0.33501045268127994,0.42144142636329235,-0.4119002,0.9994315,0.3786405791452463,0.7632550110739282,0.01727495,0.99971026,0.28720699441876674,0.7743446396384258,-0.016824586,0.9997524,0.41486971238766723,1.036978817170616,-0.008210039,0.8731462,0.28538582931599965,1.0337637901977892,-0.09411116,0.7971915,0.2823945026623823,1.287780005463949,0.17755869,0.027297465,0.42755859675458063,1.2688326571408979,0.22248104,0.04883182,0.27561247741316197,1.3156826581954693,0.2006491,0.025602804,0.4258828200142092,1.3060963613266083,0.24291782,0.029097823,idle
0.3342411571374512,0.3263671730985883,-0.16546711,0.9998145,0.31226681407962986,0.3055874630689041,-0.15544154,0.9998015,0.34671850581503616,0.2972555939305128,-0.13381232,0.99973845,0.29268106650401216,0.30792530114531136,-0.051521838,0.9998219,0.3519234095032848,0.3145043453252634,0.048540264,0.99973077,0.3237117040705152,0.3421768617122964,-0.123816036,0.9993952,0.351929906024504,0.3549568010836189,-0.09565573,0.99897903,0.235023971077588,0.4264202191905438,-0.033280678,0.99917513,0.4013655744787409,0.4325519684159701,0.11685091,0.9991925,0.23100128961792143,0.5866613909893756,-0.23698752,0.9992051,0.4140572272796035,0.6193032829224084,-0.07164246,0.99422085,0.41850384748422087,0.4683091439225765,-0.38265282,0.99763674,0.33349368556516124,0.4281310822547413,-0.41441303,0.99944276,0.38449332242791223,0.7641157555074541,0.017007342,0.9997288,0.2891370244804884,0.7819209963380669,-0.016553752,0.9997677,0.41025784636913154,1.0365423151592548,-0.0070749247,0.87703955,0.2918513126483895,1.043541948102588,-0.08972036,0.8008323,0.2807114808919131,1.2949116297623793,0.1740753,0.026194256,0.4297262319678573,1.2735220543775905,0.2211688,0.04754869,0.28519650159021936,1.3233480224342011,0.19587457,0.024761701,0.4330712008753417,1.295298291815308,0.24179085,0.028562551,idle
0.3385837421299589,0.3246020286413964,-0.16533731,0.99981505,0.3147690334422407,0.30773092837590443,-0.15520605,0.9998002,0.3513791801478029,0.2993177533864554,-0.13410224,0.9997404,0.29847044854000737,0.31495814462388444,-0.050499626,0.99982005,0.36351551587269715,0.3120165554520316,0.04720982,0.9997337,0.3151993495228016,0.3443584837715538,-0.12327814,0.9993888,0.34921069108435476,0.35273901867577595,-0.09585692,0.9989794,0.23564854122432055,0.42924216508920604,-0.03035923,0.9991657,0.39723673869172715,0.4253290132080284,0.117702045,0.9992071,0.24243633939000275,0.5811680168105124,-0.22478569,0.99921274,0.4245615015532551,0.6078111322558837,-0.065415666,0.9943845,0.420992024185336,0.4730778996175384,-0.36830765,0.997755,0.3307894105785658,0.4350071683530963,-0.39181465,0.99944144,0.3786233103966171,0.7610041605795286,0.015811902,0.99974155,0.28426620937591707,0.785068223001834,-0.015378669,0.99977773,0.4126908566319216,1.0273680604832387,-0.008454063,0.8785148,0.29648995316719895,1.0374061915027826,-0.08925543,0.8008103,0.29176665884329633,1.292484970846792,0.17710838,0.02532147,0.4288110197155496,1.2788730691711299,0.21294706,0.046843234,0.2820998329742659,1.3142419933720877,0.1994817,0.0241424,0.4269386508946763,1.3020306047902477,0.23237821,0.028218925,idle
0.3368730254192517,0.3143561654070918,-0.14601497,0.9998115,0.31074663378219847,0.29876026095009306,-0.13734688,0.9997955,0.3428975765776411,0.30517128960205325,-0.11570679,0.99973685,0.2922279242684035,0.3133468010166714,-0.039307136,0.9998148,0.35207944614927034,0.3093907415990543,0.060887557,0.9997313,0.31952396878464284,0.34838350326068557,-0.10627407,0.9993583,0.3413245551606344,0.3432457366080625,-0.07802607,0.9989311,0.23460705351575128,0.4244883717936933,-0.021909207,0.99915755,0.3911402355150335,0.42814559799103696,0.12462282,0.99921405,0.23714417804083798,0.5792146269554195,-0.21804985,0.99922115,0.42539012312805824,0.6102641843633444,-0.05762577,0.9945469,0.4194812385208391,0.47058680963424776,-0.35250193,0.9978692,0.3247613940991899,0.4259855264736277,-0.38249606,0.99944544,0.3808988857038914,0.763814075099195,0.013146554,0.99975693,0.28413680554761944,0.7799618956478951,-0.0127411485,0.99978983,0.4078756368097979,1.033049985357231,-0.02066006,0.8794509,0.285708158315248,1.0268302959897617,-0.08915668,0.8002832,0.28133646128477063,1.2904168432391114,0.18731713,0.024202814,0.42822982503642315,1.2705563689449457,0.21285236,0.045095585,0.28891989659914474,1.3202642044029396,0.21143922,0.023173014,0.4248393142854888,1.3089139995205523,0.23266976,0.02728646,idle
0.32606875520448486,0.3258543617520613,-0.15285185,0.9997961,0.31774853780541124,0.3011589617398876,-0.14317727,0.9997771,0.34746752024497274,0.3031129974124032,-0.122066714,0.99971735,0.2940714543151546,0.3093000778057601,-0.041244727,0.9997966,0.3472095344046764,0.2989111103247627,0.056318164,0.9997112,0.3374817475602314,0.34326860501483913,-0.11178702,0.999303,0.3483829332590922,0.3492553889390066,-0.08436753,0.9988507,0.22766411613678528,0.42171120982037236,-0.02188093,0.99912107,0.3952663730813293,0.43219526922646107,0.12390532,0.9991979,0.243225143094291,0.5832572683288848,-0.21826772,0.99919593,0.4178225475807449,0.6264600015977845,-0.059652835,0.9945574,0.4156989391367927,0.4578395646728868,-0.35639614,0.99792254,0.32924509974957084,0.43211750012320227,-0.3852734,0.9994198,0.3738786166626866,0.764344764387607,0.0122169005,0.9997615,0.2794856459573938,0.7795972103044172,-0.01181835,0.9997923,0.41137909229008696,1.040271682467776,-0.024919596,0.8786505,0.2923213903632609,1.039445137361518,-0.09033206,0.79817176,0.28512589836058855,1.2883277597231202,0.18618803,0.023580793,0.42159500684108997,1.277970844248578,0.20726009,0.044336937,0.27940845795471014,1.3198586488438282,0.21033534,0.022717202,0.43187380509431383,1.3083948426878016,0.22728403,0.026906108,idle
0.3400321475805189,0.3237866503274857,-0.17597282,0.9997899,0.3184771150434943,0.2929852397917251,-0.16497841,0.999768,0.34388432396382873,0.29039056784809525,-0.14524643,0.9997099,0.2883626448603024,0.30873972526979526,-0.055352252,0.9997869,0.35673762746162774,0.30568704974372685,0.036054768,0.9997033,0.3195810770427494,0.34699008543308923,-0.13198604,0.99928564,0.3478680757643704,0.34817552273658015,-0.10631959,0.9988357,0.23538092891867346,0.4232154231291446,-0.028993702,0.9990917,0.4000087608297035,0.4331308096133743,0.11429658,0.99919283,0.24000630918712873,0.5790894495159251,-0.22122519,0.99917006,0.42262718139078437,0.6245736478526316,-0.06684391,0.9946046,0.4143064912172735,0.4745133489703988,-0.37102747,0.99798924,0.3344887980466408,0.41898475266800433,-0.39148974,0.9993972,0.37198905022860407,0.7608437601571505,0.012296343,0.99976385,0.2854486602015891,0.7788886895180364,-0.01190423,0.9997937,0.420289064733705,1.0364079547473712,-0.023900324,0.8770955,0.2857438653627018,1.033061114483566,-0.0934593,0.7952424,0.2847605912956731,1.2910330452154262,0.18258712,0.02312534,0.42715246695393816,1.279655694247065,0.20741014,0.044054758,0.29020743156634365,1.319916379444177,0.206436,0.022462828,0.42485141706809637,1.2963547416065853,0.22743389,0.026871152,idle
0.33897125432029296,0.32882713284921544,-0.17562877,0.99979174,0.3095729609513721,0.2956085826817817,-0.16467549,0.99977064,0.35401001650751196,0.30198973738467694,-0.14485183,0.99971396,0.29162490074665093,0.31415442763061513,-0.05574733,0.9997893,0.35217865499691714,0.30548392973486427,0.036252707,0.99970883,0.3278993760421637,0.3550234295992404,-0.13176718,0.99929625,0.345768099812935,0.34705230925037917,-0.1061513,0.99885476,0.23676663189127922,0.4216671553375697,-0.029221203,0.9990919,0.3942552176351465,0.43563822198238145,0.11512043,0.99920243,0.23465938565250055,0.5729326487247121,-0.22274995,0.9991692,0.4229322591333443,0.6146544545656016,-0.06648581,0.9947511,0.41924567388354894,0.46204105254398775,-0.37178203,0.9980813,0.33194973214839596,0.42927837293566645,-0.39293435,0.9993992,0.3829021039778928,0.7580032592575467,0.012339733,0.99977386,0.2866062396127873,0.7777846875633107,-0.011946995,0.99980205,0.4045415543211086,1.0341562617773414,-0.023897517,0.87849915,0.2937851226403926,1.0376149064203193,-0.09827403,0.7962064,0.28314901046946916,1.3015475929451272,0.18419793,0.022711033,0.42301534497109783,1.2734931026484029,0.21848054,0.043500822,0.2849764409280986,1.317655827909583,0.20877917,0.022102784,0.4203134934827667,1.3017495142138225,0.24070318,0.026605025,idle
0.3423337089324381,0.3229574673503163,-0.18285653,0.99979305,0.32406349817686864,0.3024264007745994,-0.17459342,0.9997727,0.3485403113928742,0.3027707370824655,-0.15257563,0.99971676,0.3012966984105703,0.30610815318774043,-0.07418269,0.999792,0.3582328660935835,0.30399607560252623,0.02840295,0.9997122,0.31542851284600104,0.34902544002245695,-0.1418018,0.9993129,0.33016603900369124,0.3469922291586196,-0.113103114,0.99887514,0.2295632664946825,0.4251163124244654,-0.050282825,0.9990751,0.3932569757112041,0.4315725587517229,0.107810654,0.999205,0.2366565547492977,0.5748736041178467,-0.24791706,0.9991596,0.42103840168314444,0.6139873365814693,-0.071243346,0.9948028,0.4145273368666341,0.4703067721242987,-0.38738933,0.9981568,0.32962281271919036,0.43191073026324395,-0.42351437,0.99939436,0.37453031829668515,0.7646726635544767,0.015099359,0.9997781,0.27578565190036375,0.7742414112060931,-0.014741665,0.9998045,0.40571418332181675,1.037140855825521,-0.014596003,0.8807263,0.2844405326279532,1.02943871632463,-0.09823518,0.800104,0.28743202951099767,1.289220552660079,0.18540928,0.023151068,0.42709091251118236,1.2760114519761598,0.22936337,0.04395649,0.285702205689664,1.3219351436371836,0.21003267,0.022526069,0.4201981832333903,1.2974072324086865,0.25161946,0.026945082,idle
0.3374326408152851,0.3180942837375284,-0.19113448,0.99980086,0.3179117868718635,0.29990894465686074,-0.1848276,0.99978316,0.3427596462673601,0.29583121190568346,-0.16127084,0.9997291,0.3018841699260232,0.30698928801596614,-0.08718729,0.9998025,0.34840523127010914,0.30488517413820093,0.022059027,0.9997259,0.3058569887647683,0.3463565585705523,-0.15101409,0.9993471,0.33980708100743107,0.33687744592808566,-0.12015237,0.9989227,0.23743175598076327,0.41619474870182155,-0.061095893,0.9990902,0.393341370071006,0.43274952486603246,0.10498277,0.99922293,0.2353689859934358,0.5839251491511435,-0.26229113,0.9991809,0.42153610316005696,0.6178884267387122,-0.07215322,0.9949218,0.42278620522407784,0.4681945714629925,-0.4020695,0.99824,0.32720580995186654,0.43352644178617145,-0.45065808,0.99940675,0.3799328489494864,0.7639292202381915,0.019355774,0.9997861,0.2834542147426121,0.7862828311353448,-0.018974636,0.9998114,0.4157335268464697,1.0359155083250102,-0.005424081,0.8846314,0.2834394008703661,1.03075789138101,-0.10304705,0.80779517,0.28452193217984767,1.2950135314320645,0.17365865,0.023656184,0.42517543362069277,1.2546399311729952,0.2541106,0.043381754,0.2801122170456355,1.3051127013769603,0.19693747,0.02289222,0.4319592821033812,1.2915093770402999,0.27854747,0.02708912,idle
0.33946254083731753,0.32374335578389946,-0.18867293,0.9998054,0.32621820034097015,0.29989430427015484,-0.1816154,0.99978906,0.34900028309095465,0.30704467415865283,-0.15855081,0.9997355,0.29591237804838566,0.30864655500621985,-0.08540318,0.99980855,0.3421469504952136,0.30390641678080443,0.023628155,0.99973214,0.32461934038868057,0.3408902963102999,-0.14821155,0.9993662,0.3411009144868291,0.3533282759349304,-0.11805457,0.9989451,0.23114969455469692,0.42891851832745853,-0.06099119,0.9990956,0.4042870636696513,0.43315877744484993,0.10447167,0.99922764,0.2362202002935302,0.5805934547299635,-0.2624871,0.9991943,0.42388884890878575,0.6182423144891857,-0.07317264,0.99493426,0.4161668298274869,0.47628851259552,-0.4058296,0.9982872,0.3243188187107966,0.42528049433190623,-0.44944757,0.999416,0.3894235181826351,0.7618338788959929,0.019323755,0.99979067,0.2824077369305308,0.7769335090459586,-0.018947536,0.9998137,0.42638061258780924,1.0382159489757952,-0.010771259,0.8872809,0.293615684724188,1.0419080390183968,-0.10244584,0.81233263,0.28369279427852345,1.2707449960693185,0.17533502,0.023885874,0.42305450604912964,1.2597210819420632,0.23338518,0.043518413,0.277279334534442,1.305822289923892,0.19918728,0.023179946,0.43491618671577625,1.2916807449618293,0.25600463,0.02722572,idle
0.3398044263528399,0.319024272112723,-0.18882844,0.9998096,0.31554447963066756,0.317735793861026,-0.18106803,0.9997933,0.34384123275805567,0.29898875345794207,-0.15875122,0.9997404,0.2950697581075975,0.3087432939396191,-0.08112641,0.99981314,0.36089361272283205,0.31163680521973236,0.02345454,0.9997376,0.3234619714576149,0.35413259181343715,-0.14734134,0.9993866,0.34216838586193266,0.3410846960008749,-0.118224084,0.9989775,0.23089894316376025,0.42413701656672054,-0.059419286,0.9991112,0.3966114593711896,0.43350203279059557,0.10492557,0.99924684,0.23906188163690967,0.5881299194660622,-0.25212422,0.99920213,0.4164733348780143,0.6085725625026368,-0.068060175,0.99494255,0.4152223347843138,0.46619794412981347,-0.4015444,0.9983259,0.3341439103296493,0.43132187654192167,-0.43568668,0.99941784,0.38164450970403463,0.7680053030445158,0.019194586,0.9997948,0.28307061128407773,0.7870740187568097,-0.01882485,0.99981624,0.4112280374966827,1.0314491285438894,-0.02209565,0.8879966,0.29631113440293533,1.0366771538318351,-0.09913704,0.81205523,0.2845887245164195,1.2781522082242474,0.19360018,0.023505835,0.425548772428997,1.2591452425298904,0.21053231,0.043367554,0.27723500952658475,1.287989197648431,0.2193074,0.023031842,0.4306790957861871,1.2919907663290884,0.23141745,0.027202439,idle
0.33248210816363355,0.3175919181206083,-0.17597225,0.9998165,0.3207836594672654,0.3022221919349051,-0.16574797,0.99980074,0.347292798288364,0.3027260339631196,-0.14434668,0.9997488,0.29449595690979946,0.31056337331163464,-0.055977814,0.9998202,0.35545937294794794,0.30768160194363264,0.04108812,0.99974626,0.3195209879252803,0.34652955329992274,-0.13158175,0.9994089,0.3426454314056816,0.3424893216370219,-0.10422792,0.9990163,0.23626992864379404,0.41436537814358404,-0.02969158,0.99914724,0.4013801433171017,0.42375189463638346,0.13304797,0.9992743,0.23966262475945466,0.5777633230541199,-0.22084287,0.99921894,0.43119243896802306,0.6072659537580959,-0.032067303,0.9949458,0.41625327950000723,0.4739866276708562,-0.36042613,0.99835664,0.3284282726127672,0.42896860008440924,-0.41016728,0.9994302,0.38576835060885806,0.766799562575457,0.01909897,0.9998006,0.2915888292030555,0.7724976044616269,-0.01872705,0.99982095,0.41873668810851916,1.0359336431678368,-0.042193674,0.89003444,0.28883959713246765,1.0321255265318652,-0.10044416,0.81480515,0.27704343148984956,1.2783202157145968,0.20108843,0.023572307,0.42478027399608254,1.2734258111305925,0.19731955,0.04405404,0.276899024441287,1.2920543793972212,0.22793856,0.02315277,0.4214686205498047,1.2816756609643112,0.2184126,0.027644,idle
0.33922724830119577,0.32857258852241333,-0.17306018,0.9998235,0.3106274624838672,0.2990828568571506,-0.1637394,0.9998078,0.34678790574001983,0.3052810889814007,-0.14244565,0.99975747,0.2960224844817726,0.30467256908884827,-0.056501906,0.9998263,0.357644240578574,0.30437029018307193,0.040366475,0.9997553,0.3196390813491956,0.3430218589885463,-0.12951812,0.9994344,0.3429266648099436,0.34312710881134456,-0.10237233,0.9990607,0.24024990261799195,0.4258065595013338,-0.02877739,0.9991826,0.39818639368151976,0.4287686232142881,0.12981346,0.99930435,0.2387422933887876,0.5824224798062231,-0.21208437,0.9992348,0.42851925458643647,0.6086920613779035,-0.031051178,0.99495304,0.41194514784322567,0.4647822493502074,-0.35093632,0.9983874,0.33460208778204736,0.4189345152518377,-0.3961414,0.99944144,0.38439818179268637,0.7633255446125267,0.01883815,0.9998064,0.290136870334989,0.7867108505202766,-0.018482279,0.9998261,0.42879140898618884,1.034345843613631,-0.047489423,0.89271903,0.29233222012048554,1.033005807334722,-0.10035293,0.81906354,0.27508696318062575,1.2660101553400096,0.20074742,0.024085924,0.4177385032183438,1.2661083454855,0.19166148,0.044770468,0.2801487594321238,1.29907390848188,0.2272233,0.023645492,0.4320283928737412,1.2814899280226124,0.21319637,0.02809033,idle
0.3347128190577282,0.3260660307583782,-0.1708042,0.9998211,0.3184682867673342,0.28787894335198266,-0.1622509,0.9998032,0.34657604623443616,0.293632872664466,-0.14068396,0.9997535,0.2990905866315372,0.3052984234826516,-0.058471315,0.999819,0.3580839164842763,0.3050988528884405,0.03969016,0.99974763,0.31150495950473567,0.350569875600413,-0.12972517,0.99940544,0.3480165883181102,0.34789732315468536,-0.102237545,0.99901533,0.24374412703467108,0.42125147813042246,-0.03826923,0.9991494,0.3938307763485287,0.4258358345079366,0.11654272,0.99928665,0.23702989005861463,0.5801239628671708,-0.22541055,0.99924016,0.4255156452511887,0.6130315286200887,-0.049826436,0.9949755,0.4161295441352013,0.4703193311227451,-0.36216253,0.99843585,0.33095496848111483,0.42129642237369724,-0.4060839,0.9994462,0.3816400171825055,0.7674962347690228,0.01701758,0.99981135,0.27929528405864734,0.7857342974199328,-0.016713468,0.9998295,0.41407892069669705,1.0309380022699732,-0.043566573,0.8948939,0.29091196701864563,1.034292341753857,-0.0778835,0.82098556,0.2838220881826632,1.272695520830845,0.199487,0.023905324,0.4314932505274002,1.2641494416107766,0.1743322,0.044488266,0.2835274172708052,1.2889642131967545,0.22233877,0.023251168,0.42271304866843373,1.2882030048408961,0.19226985,0.027605731,idle
0.3351276167785294,0.3391333480485596,-0.16856103,0.9998233,0.31618147445391953,0.2953197855069503,-0.16029443,0.9998043,0.3547853229492224,0.30107990234873905,-0.13774231,0.9997559,0.29194249084681,0.29911878197374603,-0.05933998,0.99981713,0.34995095966074774,0.30039339972587537,0.040147312,0.9997483,0.3239321596898196,0.342440106362861,-0.12955865,0.9993944,0.3428062351369525,0.35212075633862766,-0.10099795,0.99899566,0.23814306927234152,0.4223907802225329,-0.043043427,0.999125,0.39766392161531594,0.44071408972409215,0.11361234,0.99927485,0.2414087149355023,0.5761518963243043,-0.23542449,0.99924785,0.4287870414648056,0.6084081827133231,-0.057110436,0.99506503,0.42561319682216847,0.46558339054136627,-0.36384103,0.998499,0.3496440078226999,0.43199951983924206,-0.40859914,0.99945694,0.39787297326523574,0.7618843498949796,0.015414707,0.9998206,0.2966340897513363,0.7709464871369837,-0.015181865,0.9998375,0.4473648928151781,1.0336101674731586,-0.040672854,0.8972002,0.29256772798095954,1.0338584572799572,-0.07078123,0.819955,0.2979400265954312,1.2827764060191316,0.20305757,0.023422804,0.45140455873329177,1.2746003137969366,0.16055799,0.044209924,0.28629967115243793,1.317395260331899,0.22600098,0.02258181,0.4491003904824943,1.3013050158408168,0.17726214,0.02686563,idle
0.3418807039916595,0.32097941275787256,-0.13142036,0.99981993,0.3175908343452878,0.3018228668316716,-0.12434896,0.9997981,0.35383534966844254,0.29615864511645246,-0.098412596,0.999748,0.3108625267569868,0.3066603710343494,-0.040536337,0.99980843,0.36159887406914515,0.30434144440645156,0.07691299,0.9997352,0.32295463580912875,0.34173723663081407,-0.09819827,0.99937314,0.35030159143633144,0.33979932482621933,-0.06471804,0.9989531,0.24814722720896165,0.41737974603422806,-0.03165034,0.9991002,0.40382545036126793,0.4200819405490433,0.13939342,0.9992482,0.260559139048814,0.5804554053042329,-0.23543397,0.99921924,0.43384071707470373,0.6168841379417661,-0.03688631,0.99487954,0.42697553916287356,0.477373441944104,-0.3511707,0.99848676,0.33010419108356237,0.4226708518845703,-0.41069975,0.99944144,0.39763099477781305,0.774628806981545,0.015393935,0.999819,0.2968488135162797,0.784390152035584,-0.0151692135,0.9998355,0.4454204910691696,1.0318556803225225,-0.06012842,0.8998001,0.29630202404962747,1.0414124802987779,-0.0969348,0.8215476,0.2921261797350765,1.281951162694247,0.21176068,0.024665602,0.45469127001778187,1.2773742085017035,0.16157167,0.04788774,0.2906880281807268,1.312826627489638,0.23915073,0.022927681,0.44593662772722054,1.3024829635160993,0.18025196,0.027245205,idle
0.3523597787470292,0.31377852175573606,-0.14009978,0.9998003,0.33487600016152375,0.2954641492665154,-0.13083658,0.99977213,0.3654106306805813,0.29457426357528566,-0.10889153,0.99972135,0.3100222871475351,0.30158305148865044,-0.05718547,0.9997745,0.3783505272086076,0.3036954630407582,0.07443438,0.9997004,0.3377644111941316,0.3411124064378926,-0.1043363,0.99925506,0.3690169669438862,0.35160795669030304,-0.06809394,0.99873424,0.25739397026046296,0.4237833406816329,-0.045073878,0.9990166,0.41660846516933814,0.4405313561899613,0.13154575,0.9991959,0.26239731842012637,0.59074394651498,-0.2595794,0.99919194,0.46859467605009364,0.607893424897067,-0.041497804,0.9949569,0.44902189407039816,0.4678876550748902,-0.35685438,0.9985545,0.3611672636901486,0.43650959910346415,-0.456417,0.9994252,0.4166565674857522,0.7712623658068933,0.015394482,0.9998217,0.3212291143081417,0.7861596169695817,-0.015172179,0.9998368,0.4707727411203747,1.034763816781391,-0.04411895,0.89447725,0.30753701283374013,1.0481772921503025,-0.07164259,0.8055826,0.3139794403196082,1.2944235537151714,0.20830052,0.02347763,0.474970515553484,1.28842904249888,0.14929445,0.046635967,0.3172492043376235,1.3247546667998038,0.22956479,0.021718591,0.4733373215795722,1.3144267796773932,0.16300257,0.02612386,idle
0.3778559065416962,0.3234306609975657,-0.14441156,0.9997802,0.3552299562925185,0.2939857896662191,-0.13354705,0.99974686,0.3871189724592168,0.2994821754264442,-0.11341989,0.9996941,0.3282700668348494,0.3213498706846898,-0.07443577,0.9997358,0.37442603151127474,0.29981891347938683,0.06654833,0.9996591,0.3474689705921994,0.34921928845981687,-0.11452452,0.99917614,0.3752020642886279,0.351123891050069,-0.07011127,0.9985765,0.2687084064031996,0.4235337781381656,-0.05784849,0.9989277,0.42312610845383203,0.44366447972322176,0.11885277,0.99913526,0.2712405912413578,0.5954289511459335,-0.28050044,0.99906963,0.4640760843284871,0.6172815229599957,-0.054858077,0.99473,0.4494065344669613,0.4605294795029593,-0.3791433,0.99856967,0.35928152570674654,0.4355269365198152,-0.49083582,0.9993565,0.4246750274281562,0.7724002031742664,0.0154188825,0.9998142,0.32801833487941445,0.7786185172762188,-0.015214391,0.9998271,0.47750758402527826,1.0438590480852115,-0.0427367,0.88877493,0.31753834752069643,1.0421628974497135,-0.07432431,0.7913944,0.326398810840392,1.2883675650203812,0.17314157,0.023492582,0.4858871827685848,1.2873762542459222,0.1206849,0.048210207,0.3198183865312112,1.3250761888396598,0.1916233,0.021213684,0.48856121740255465,1.3203527042342404,0.13193674,0.025612867,idle
0.3804963832574012,0.31951832904958494,-0.1486436,0.9997832,0.3617117526971494,0.2910687185969525,-0.13947383,0.9997508,0.39019193826185417,0.29606862508163384,-0.11702081,0.9996985,0.3274249182382124,0.311394201307798,-0.07175769,0.9997373,0.39418664249455126,0.30249261188463533,0.06017371,0.99966145,0.36679742521874337,0.34838722616544066,-0.11688415,0.9991659,0.38191871866756444,0.3357292973844186,-0.07814249,0.9985423,0.28567254964065214,0.4285603070827013,-0.05555906,0.99893296,0.4428613976488419,0.4429775138623099,0.12027867,0.999125,0.28379441003566563,0.5793366996618978,-0.27049267,0.9990844,0.4824816613063512,0.6097071055511782,-0.04818454,0.99490935,0.46494119791263333,0.4583814186855497,-0.36915126,0.998649,0.36600754623196496,0.4273417312828078,-0.47061762,0.99936897,0.43398792462633584,0.7661227678755169,0.01616266,0.9998192,0.33351636012817154,0.7856174010374577,-0.015985405,0.9998315,0.48762564894332894,1.0366368359546771,-0.047078203,0.8912087,0.3276075813025814,1.0487790436536988,-0.08043888,0.7938663,0.3392092091741976,1.30018906529598,0.17965457,0.023296397,0.4892212411335618,1.2887666135381657,0.13976595,0.048198488,0.32409778912059184,1.3276125675179535,0.2010434,0.020731747,0.4905910278073903,1.3144730191643557,0.1548697,0.025272736,idle
0.38966440549575354,0.3170489624106437,-0.16708359,0.9997867,0.36777739571671053,0.3036825617444791,-0.15368733,0.9997529,0.39583466737109285,0.28828556008778283,-0.13247909,0.99970275,0.33856318990186807,0.3045608082077873,-0.070833,0.9997344,0.41222063563569955,0.2999287285567181,0.046947174,0.9996611,0.3718464185508831,0.3448097787925539,-0.13152063,0.99916077,0.3884827327570334,0.3333070743908525,-0.10004835,0.9985264,0.2891626531614958,0.42315106645202816,-0.054581523,0.9989429,0.45847825565386435,0.43726866138779863,0.10881094,0.99913055,0.30154506773332035,0.5870912052155247,-0.28261596,0.9990991,0.4860255200900171,0.6191757599842945,-0.07017391,0.9951697,0.47136159773191477,0.4461164451144099,-0.39920512,0.99874383,0.37454955049127825,0.4382280291269468,-0.52216154,0.9993899,0.4431364652394729,0.7746349148236332,0.014770891,0.99982584,0.34642311363982337,0.7756853991965387,-0.014598839,0.99983716,0.4771040193030647,1.0404780499549169,-0.052381866,0.884211,0.32685530863053036,1.0402575820124684,-0.08856125,0.77545196,0.3371204347036796,1.301648895024665,0.18094933,0.021680249,0.5011672317006755,1.2907570215021633,0.13697,0.045825806,0.3286169925433189,1.3263199229928084,0.2020737,0.019336652,0.5100916699974583,1.3324331479125442,0.15216151,0.023824148,idle
0.3922910802605606,0.3279603577811967,-0.21209352,0.9997813,0.3724880385495948,0.30329898693225416,-0.197049,0.9997466,0.40213612476052996,0.2905692660228252,-0.17754856,0.9996984,0.3512803786543739,0.3079068547778821,-0.083319314,0.9997243,0.41026347155153453,0.30972868701534345,0.012160966,0.9996546,0.3744536879177147,0.3342306435039005,-0.16752604,0.99917084,0.40144904372971646,0.34862137502309204,-0.14149213,0.99855864,0.3033912514462547,0.4335049771310868,-0.05477143,0.9988961,0.4627002618410154,0.42968038182590923,0.08830178,0.9991282,0.2839867875080153,0.5854996226931097,-0.2792284,0.99903625,0.49186550605385093,0.6183447968817064,-0.09542501,0.99521327,0.4705255585772097,0.4622210861734352,-0.42869315,0.99877775,0.3927915284016986,0.4296980357114845,-0.5186715,0.99935025,0.4590211874451644,0.7700066607338534,0.01259236,0.9998204,0.3501435529475456,0.7743492479881245,-0.012456836,0.99983317,0.4932208107915944,1.0368537431721334,-0.051288,0.88559455,0.3336428196318826,1.0567402724860122,-0.109287515,0.7776827,0.32989592377750576,1.313017552490096,0.17377415,0.02348152,0.5185182746470642,1.284481045426641,0.17988119,0.05084515,0.337422927324295,1.3279645901775365,0.19641969,0.020207532,0.5091361847252609,1.3105751162366657,0.19898859,0.024489388,idle
0.39486515872924777,0.307246720409975,-0.21573165,0.99977434,0.37265672398517813,0.30178525711300286,-0.1983178,0.9997398,0.403182007025669,0.29997156648290724,-0.18181124,0.9996927,0.3497590175451414,0.31204470878866675,-0.0822684,0.9997163,0.41910710312208477,0.3085820132974007,0.0062017124,0.99965,0.385522196119218,0.3392634266387239,-0.16778955,0.99915844,0.39868687765331146,0.33994092120254304,-0.1459998,0.99855155,0.29844874462990867,0.4345667248414191,-0.052374966,0.99885696,0.48669877158024166,0.4279975690750669,0.076649055,0.99912137,0.30308111725026454,0.5925181839851624,-0.27570423,0.99901927,0.5100610074377132,0.6212372462860433,-0.1194949,0.99544007,0.48238439445943815,0.4628439756169266,-0.43343073,0.99884284,0.4017365454851707,0.4316324534219607,-0.50913525,0.9993378,0.46549377039243434,0.7745697029295565,0.011664844,0.9998251,0.3618484504213437,0.7828824667195152,-0.011436803,0.9998391,0.49096440345989434,1.0488589982736016,-0.023150893,0.8815219,0.3549087631406539,1.056161782075995,-0.112915434,0.77094024,0.34815524462156056,1.298434285660449,0.16654007,0.022281406,0.5208556037094788,1.2791672710937008,0.22463813,0.048502386,0.32153951484167453,1.3286008617105032,0.18995367,0.019415192,0.529561207341098,1.311241234160913,0.24631655,0.023425035,idle
0.39695477298078186,0.32965972388107767,-0.2071161,0.99976426,0.3709047709092985,0.305840547860533,-0.18111241,0.99973226,0.4051119666844414,0.29290444608128663,-0.17500293,0.9996857,0.3585390158209111,0.3098263534492682,-0.052264005,0.9997051,0.43015259037596354,0.3102526020437677,0.011071289,0.9996448,0.39160538528409283,0.34719060332145457,-0.1511347,0.99914825,0.4110379601062121,0.34353071224567494,-0.14393523,0.99855757,0.312465082046783,0.4367322952620847,-0.03821693,0.99885815,0.4832613885653424,0.42698532277256696,0.081957504,0.999126,0.3107053030369421,0.5945850232088428,-0.2736178,0.9989454,0.5125963599516259,0.605996914422455,-0.13368508,0.9955552,0.4786729524569998,0.45200153770311435,-0.4434243,0.9988648,0.39350681614849115,0.4342655844885777,-0.4999272,0.9992932,0.47120844408202855,0.7660375585387004,0.011727721,0.99982524,0.37007834528527594,0.7882040557718476,-0.011498308,0.999842,0.5204210847114545,1.0305102266596318,-0.015805094,0.882788,0.3617093058909826,1.051755415389754,-0.12163655,0.7783713,0.3428144917884508,1.2993927741940625,0.10081772,0.02402275,0.528130120023806,1.2647282135635525,0.23528965,0.04830665,0.33168317497777344,1.3329131994549142,0.11843054,0.020317374,0.5248437738062688,1.300575904108112,0.25818592,0.023350535,idle
0.40570442698355424,0.3177516142996848,-0.20381553,0.999772,0.3943539691737432,0.30213642838308763,-0.17630562,0.99974394,0.42932740093838373,0.2940771359405629,-0.1744189,0.9997001,0.36517106010337985,0.31692517299883527,-0.04434056,0.999717,0.42515949718032575,0.30440205704659934,0.016308468,0.99966246,0.4021850773074682,0.34228194336168316,-0.14682193,0.99919045,0.4160206685292428,0.33949608126841113,-0.14018339,0.99864155,0.3284343944629131,0.44103395759544256,-0.03004061,0.99889934,0.490580534981105,0.4286649499180873,0.086019926,0.99915636,0.320880066578631,0.5848152939029367,-0.27208868,0.9989129,0.5212710991373427,0.5987601457988455,-0.12835594,0.9957018,0.5023323750889654,0.4497678722800409,-0.4448424,0.9988948,0.4045897949487872,0.42898073387943414,-0.51896966,0.99927986,0.48120911267142596,0.7657240564092503,0.012036396,0.9998286,0.3804514172858787,0.7765274900302902,-0.011789929,0.99984694,0.5067159462669102,1.0319330494343295,-0.013201532,0.88565296,0.3728462892676986,1.054624572265478,-0.13006923,0.7876317,0.34146762149172905,1.3087408689002296,0.08462615,0.027166897,0.5409180734815464,1.2626506417207692,0.23011999,0.050111376,0.34512308571316086,1.337261683432705,0.10115814,0.021645518,0.5443303467200952,1.3009706811435413,0.25192636,0.023871532,idle
0.41056630294962804,0.32186273350543815,-0.15841578,0.9997744,0.39485804258896284,0.3067653431649727,-0.1367453,0.9997506,0.4342331652814698,0.29202563902107687,-0.123877026,0.99970764,0.3762660925729042,0.3082662542755865,-0.012907264,0.99972457,0.43182767638205055,0.3107509834791681,0.056754004,0.9996749,0.40489029679461597,0.341068919151451,-0.11029191,0.99920744,0.41909755024319684,0.34955424399978546,-0.09346072,0.9986801,0.3301415636304561,0.4325853638416083,-0.006361101,0.998937,0.4939511814204758,0.425750961030639,0.11336289,0.99917847,0.3345024242999175,0.5852687995671991,-0.25806177,0.9989071,0.5358477783311049,0.5841169596028977,-0.11670121,0.99586546,0.4917377437039715,0.44997129101147376,-0.43804473,0.99893737,0.4115952747121049,0.43595451998078755,-0.50850886,0.99928653,0.48877835174966444,0.7756846142451009,0.012275556,0.9998387,0.3816601720984215,0.7797794265171208,-0.011999203,0.99985725,0.5178587160372045,1.0280494142279095,-0.01621705,0.88717407,0.3845281426594096,1.0513977817195037,-0.13637275,0.7950267,0.3488810153121473,1.3024630817159237,0.110385224,0.027389562,0.5351592991340287,1.2745238935200418,0.2769132,0.04815867,0.3481320758700397,1.3296663775879656,0.13102503,0.022129808,0.5382090772092472,1.2843713905256748,0.30562165,0.023547353,idle
0.4281579107427279,0.31902217397929383,-0.15592423,0.9997748,0.39988342684181166,0.30338212761590994,-0.1354644,0.9997547,0.4245119089487801,0.29471770167732775,-0.12115824,0.99971205,0.38951373053188953,0.3085827554647242,-0.009704975,0.9997288,0.44469854878930515,0.299089971589137,0.058962595,0.99968195,0.41088811783689483,0.3429055271610183,-0.10823818,0.99923706,0.4282001969486575,0.34424028816251695,-0.08991019,0.99874306,0.339052335935225,0.43205607747799357,-0.0019796796,0.99897045,0.5017810812776582,0.42653456282412583,0.11873189,0.9991971,0.34714683259442447,0.585925518256477,-0.2576232,0.9987445,0.5465844967017414,0.5863258364939878,-0.117202595,0.99573785,0.5024249661691111,0.45104653488038937,-0.44798908,0.9988626,0.42415984152886066,0.43383145844987275,-0.51008236,0.99920595,0.49817130755768835,0.76550933506482,0.01576273,0.99983263,0.3876346861257858,0.7838272361422336,-0.0154758785,0.99985576,0.5193995413534123,1.0254324928815484,-0.003491095,0.88890725,0.3831286192079232,1.0466842344686373,-0.15946576,0.8075669,0.3453643177028298,1.2882118449761246,0.04051221,0.038497362,0.5342762108866198,1.2505532183740444,0.28105038,0.05227794,0.3418424899710185,1.312790013853951,0.055397637,0.026284566,0.5294536132118577,1.2775210104454846,0.306925,0.02545246,idle
0.429535160109654,0.30874601231984183,-0.15948877,0.99978787,0.4141617906777255,0.30535716615209735,-0.14089224,0.99976885,0.44305860232144656,0.30047716654834594,-0.12534013,0.9997284,0.3828162154385626,0.31143387671250017,-0.013274334,0.99974394,0.4414087466262334,0.30261499118278556,0.054566294,0.9997005,0.4137866511709123,0.3368763401694602,-0.11314859,0.9992906,0.44507719111343136,0.3336670086160793,-0.09312387,0.9988377,0.3467877672263818,0.43607559636172283,-0.0032259761,0.9990304,0.4996975797913036,0.42257381609390043,0.11745469,0.99923676,0.35894588227042157,0.5872615275262628,-0.24818087,0.9986645,0.5444269361074909,0.5757049923121395,-0.113354996,0.99566483,0.5146822112457852,0.4302368032244145,-0.4446241,0.9988013,0.4295880281278507,0.42360986074216084,-0.5010919,0.99917567,0.49637776520927634,0.7622854074042315,0.017807981,0.999822,0.38927693012809395,0.778699285905485,-0.017545177,0.9998493,0.5211223010297321,1.032167659939485,0.00028629397,0.89172524,0.3898877018283826,1.0513370943949816,-0.15357134,0.82025856,0.35164036420957945,1.2841191556151499,0.030125668,0.0530877,0.5381247844332531,1.2522401092626678,0.25944602,0.061526164,0.3455044025720021,1.3159075028454044,0.04217433,0.0309329,0.5271338219249939,1.2734710071119495,0.282152,0.029041065,idle
0.4277529441361445,0.3214075956498186,-0.16622365,0.9997999,0.4065355721192485,0.2948039143307038,-0.14155924,0.99978167,0.4444840964887081,0.30056718597163107,-0.1331722,0.9997443,0.38666302789125007,0.3066745833297154,-0.012121432,0.9997578,0.4452651625733589,0.2885071776978179,0.04355304,0.99972004,0.4165585391828177,0.33716149198818995,-0.11567156,0.9993386,0.42750658905607264,0.3345367067882188,-0.10085974,0.9989282,0.3543419944797199,0.438971860871104,0.0058926316,0.9990776,0.5037988592969571,0.4202041636097921,0.11247063,0.99927586,0.34877461240092633,0.5836974435975975,-0.23271768,0.9985645,0.5441593984999042,0.5772262476388118,-0.12233311,0.9956661,0.5123675975070443,0.4301830629652347,-0.44492656,0.99872166,0.4313614173254313,0.4310427132040939,-0.48918048,0.99913746,0.4855911269619242,0.7598355070828564,0.015435612,0.9998131,0.3901973700664423,0.768692983810664,-0.015060127,0.9998434,0.5204973432941891,1.0232015565200334,-0.004115888,0.89132106,0.3870565955381041,1.0437357808044327,-0.1456279,0.8260009,0.355030107604438,1.275205976657306,0.05140828,0.056146905,0.5302358140483956,1.2525736359570157,0.23849633,0.064574875,0.35434944007584357,1.311267979423472,0.06429667,0.032375284,0.5304612613572013,1.2784087945148344,0.2557967,0.030241799,idle
0.4440393060885317,0.31538071517681504,-0.15144268,0.99981105,0.40806857105755523,0.30050464713352176,-0.13055985,0.99979335,0.4391391714419318,0.28405384344989065,-0.119639695,0.99975854,0.3883393242371136,0.31203791671213343,-0.0047335643,0.9997707,0.4575746212131704,0.303513101226637,0.048256293,0.9997374,0.4103214337813125,0.339163192496244,-0.10363215,0.9993727,0.4383552661905057,0.32917088726313665,-0.08928331,0.99899787,0.3511908052953411,0.4390809737298209,0.006104667,0.999113,0.4990508950204491,0.41641312589324997,0.11374335,0.9993066,0.3522923854724449,0.5820156453366888,-0.19682312,0.99857765,0.5424027829714484,0.5765269160802043,-0.10748456,0.9957925,0.5124007191318536,0.4386051461290718,-0.3883422,0.99870753,0.4360741598630834,0.43345179916377136,-0.3812349,0.9991484,0.4893288917686033,0.7651201576671186,0.013641531,0.9998162,0.387439653156055,0.770897002884905,-0.0132222,0.9998466,0.5139740393158578,1.0270037990079353,-0.0056383307,0.89373034,0.3984843545968627,1.0416849717152488,-0.13050632,0.8323998,0.38062012946159063,1.2747203264631188,0.059011925,0.055358414,0.5346507024575031,1.2492474764405594,0.23642418,0.06406866,0.3770612649706082,1.3138651063689075,0.0699185,0.032747503,0.5312683748444188,1.2836030322571799,0.25578687,0.030761106,idle
0.4413326357818963,0.31406179197443895,-0.15146592,0.99982244,0.4098135908427313,0.28789650948549295,-0.13046086,0.99980485,0.4460591316066016,0.2967060079236896,-0.118750826,0.9997729,0.39192453805769434,0.3139449102192493,-0.0023417536,0.9997834,0.4556075836486527,0.2882939810220362,0.04924094,0.99975485,0.4237594970403228,0.3394845649912646,-0.103807464,0.99940276,0.4486847760792405,0.3349278739170458,-0.08931966,0.99906224,0.3475900507910348,0.43444691149241155,0.012041436,0.99914783,0.5125673466895683,0.41291605422374883,0.11565833,0.9993397,0.370598285315906,0.582611159402071,-0.18601388,0.9986459,0.5502633177357132,0.5760382166017276,-0.098081365,0.99603295,0.5137959191663368,0.43256306543305095,-0.37941402,0.99874777,0.4413856375550068,0.43483778351689156,-0.37699628,0.9991889,0.48649701435717985,0.7602716715423143,0.009644457,0.99982077,0.3933730259392556,0.7748956838123221,-0.009176144,0.99985015,0.5200807531405949,1.0152600114205137,-0.02009346,0.89644057,0.3944033049449053,1.033490890573839,-0.11722718,0.8363363,0.3846291313152612,1.2703362498101265,0.13139021,0.052788634,0.5221490524123291,1.260057767165091,0.21014313,0.06300848,0.3784636971903639,1.3039188002019215,0.15179172,0.0325104,0.5355809596162201,1.270382525354511,0.22926989,0.031199101,idle
0.430362346169585,0.32127555675834507,-0.16424976,0.9998337,0.42215755643122,0.2985946995976248,-0.14481881,0.99981654,0.4535629128558649,0.2883537983367437,-0.12973419,0.9997865,0.40458745489647385,0.3148150351125612,-0.01831562,0.99979657,0.45433978183377877,0.2976429825088848,0.045401327,0.9997704,0.42691834833172015,0.33542098678435606,-0.11751457,0.9994394,0.44314836188290385,0.33077635945244876,-0.09931456,0.99912614,0.3454482327943412,0.43476040585325404,-0.00011534174,0.99916196,0.50786837183238,0.4086525721113305,0.11510088,0.9993673,0.3668066490113281,0.586665107295276,-0.19461681,0.99870193,0.5514418269228216,0.5810739388494355,-0.099806786,0.9961852,0.5146223084960847,0.43576552124126294,-0.38331312,0.9987824,0.44240908041038585,0.4294179420331659,-0.4078466,0.9992259,0.48754455057938917,0.7643129793329391,0.010245559,0.99982435,0.3931313659869812,0.7766475062301397,-0.009779102,0.99985206,0.5120709303510609,1.023669689310742,-0.01909118,0.89810437,0.3936373538220076,1.0332743714372723,-0.1175014,0.83992314,0.3876632250026323,1.2810677283135148,0.12841883,0.050863925,0.5268065841428407,1.2671603750388285,0.22998388,0.061656535,0.3781962727445336,1.303035320007173,0.1487739,0.032556128,0.5231969677741406,1.2884719712671755,0.25230992,0.031470664,idle
0.4368843954457089,0.31313260563083073,-0.15398277,0.9998451,0.41803994883702034,0.29510635337753893,-0.13305122,0.99982935,0.45038284252151217,0.290028238017312,-0.11680962,0.9998014,0.3983535806700129,0.3148779794605458,-0.009790109,0.99981093,0.45866061137019654,0.3087676424311693,0.06110679,0.9997873,0.4287613447270443,0.33823194309050103,-0.10947691,0.99946624,0.4448089819005686,0.3324773026361676,-0.08969673,0.9991725,0.35979746783006616,0.43123105170541903,-0.001700094,0.9991603,0.50293173613081,0.4203083431057643,0.11857051,0.9993787,0.3630747815434031,0.5792649769209335,-0.21827033,0.998767,0.5432904639597049,0.5798074926714163,-0.10425639,0.99638414,0.5258103187893415,0.43966803654936204,-0.39120144,0.99884284,0.4431020534867348,0.4249955242134661,-0.41231313,0.9992719,0.49382066304312966,0.7836072227505764,0.010391285,0.9998355,0.39457743933278233,0.7713974329918956,-0.0099408915,0.99986106,0.5194106167389034,1.0359133040364343,-0.007727758,0.8983017,0.3913917795471622,1.0403273701425801,-0.10641271,0.8376921,0.3816702224935351,1.2801710587506772,0.13062997,0.046939157,0.5210156701510243,1.2882319350087807,0.23927553,0.057531223,0.3788782433411413,1.3163090227130085,0.15003899,0.030550467,0.5206145476574473,1.3074322741109587,0.26131386,0.0296864,idle
0.4346355142000734,0.3194308402007259,-0.15963985,0.9998536,0.41110077114760524,0.29324956139664654,-0.13995072,0.9998395,0.44867899952693036,0.28914784121312526,-0.122582994,0.99981266,0.4061664820991584,0.3108797130757381,-0.019092526,0.9998226,0.4586619726775363,0.29126821550841153,0.057346784,0.9997997,0.4250351932155878,0.34100260515480546,-0.11579649,0.9994953,0.45243604156167827,0.3378414800334675,-0.09464469,0.99921864,0.35354814877543117,0.4345542113414397,-0.012951322,0.9991742,0.5010978702786486,0.42858152168889657,0.11786084,0.9993868,0.37042905449739816,0.5885067120585538,-0.23703137,0.99881244,0.5558162781985014,0.5787073231635106,-0.104533374,0.9964508,0.5211541899189522,0.44986276283672233,-0.4063663,0.9988636,0.4329111812310682,0.4377545409235236,-0.42338243,0.99929994,0.4918633848114473,0.7726200896523071,0.013826566,0.99984205,0.3925612452806212,0.7756014938306921,-0.013335198,0.99986786,0.5178418527875468,1.02910722154454,0.0034457068,0.8994373,0.3893491705465323,1.0361169024309727,-0.11653815,0.84263587,0.38601977542990773,1.2805233394428668,0.10728665,0.045178633,0.5250084849551235,1.2742584238407682,0.29454774,0.054592457,0.3778099429903421,1.3183352174700622,0.12512009,0.029936796,0.5191796079644817,1.2896111086449555,0.32195732,0.028927883,idle
0.4438428727795356,0.3133500517996461,-0.15458976,0.99985087,0.4274683509129753,0.29389015295195786,-0.1395447,0.9998379,0.444372697027144,0.2882634919780788,-0.11963674,0.99980915,0.3931854485805816,0.31597708670042524,-0.03154295,0.9998202,0.4583307874948028,0.30356951874163396,0.058280684,0.99979365,0.42687806426887154,0.3401598761693422,-0.11468687,0.9995066,0.45849926720568535,0.33564688611195054,-0.088991195,0.9992339,0.3376406999949866,0.4321608115347606,-0.029338947,0.99915737,0.5001381213184799,0.4252978236968016,0.121675566,0.99935925,0.34935947039968784,0.586356627492703,-0.26440847,0.99858606,0.5490961519200049,0.5821113168093472,-0.10044327,0.9957654,0.5232296807388651,0.4478787179166571,-0.41649294,0.9986234,0.4385233959801279,0.4265550308619013,-0.46097788,0.999186,0.48415823324135165,0.7705430770689018,0.021476686,0.99983025,0.3956539905101678,0.7743920784696287,-0.021044243,0.9998626,0.5231303331045456,1.0357891355122557,0.013088899,0.8941737,0.39421256958562856,1.0401807087226809,-0.14322779,0.84358996,0.3784842432525385,1.2900750644813788,0.04899038,0.048487525,0.522957934019078,1.2510114094919418,0.30538654,0.054430548,0.3764661768437173,1.3067883955382789,0.06281386,0.030831853,0.537170849227069,1.285423676076593,0.33247662,0.028729675,idle
0.4366700958283082,0.32420658605862057,-0.14042863,0.9998468,0.4239805281905017,0.3054710615153428,-0.12572183,0.9998332,0.4457084043966507,0.2961509348488781,-0.10612881,0.99980056,0.4038562942624109,0.3206464387366825,-0.018877687,0.9998151,0.4572268281589337,0.29687122510569053,0.07014866,0.99978137,0.4178163535908318,0.3351442151047254,-0.09971617,0.9995017,0.44442371471409947,0.3330200460631758,-0.07470118,0.9992237,0.343951743647685,0.4335151562076078,-0.017477777,0.9991493,0.49814529982893674,0.431629439675169,0.13380668,0.99932283,0.35927705667544374,0.5838636974134876,-0.24236736,0.9984537,0.5434143268058049,0.590556895558446,-0.08630453,0.99505883,0.5247875995838982,0.4419906911103832,-0.3978504,0.99837947,0.42674375917217844,0.44262102959738725,-0.41094485,0.9991226,0.48268221045761117,0.7601790407951724,0.021013565,0.99981135,0.3913633901475334,0.7830692026058769,-0.02059045,0.9998526,0.5191849134343738,1.0390434985616697,0.0057519297,0.8906484,0.3906396963494072,1.0453674383216411,-0.13918036,0.84098005,0.3768885035725783,1.273189874535606,0.07005252,0.0496966,0.5282112616676198,1.2545406458914752,0.28977102,0.05571092,0.3823430190603996,1.2998083271169303,0.08615174,0.03217045,0.5249569760995221,1.269677315954744,0.3172394,0.029355451,idle
0.43676867860451285,0.31349081440815485,-0.14369966,0.99984246,0.41798081128764997,0.29233570458343255,-0.12758467,0.99982977,0.45031130742431513,0.2915966229499015,-0.10951488,0.99979395,0.3983811458697688,0.3117111295014559,-0.013053611,0.99981236,0.4446472113221974,0.312914268344482,0.06773196,0.9997719,0.4185875930711166,0.3429811913801808,-0.10035269,0.99950457,0.4403149834272053,0.3421261523896412,-0.07752532,0.99922776,0.3504491589387211,0.4337076940131814,-0.0122870095,0.99915475,0.505404446542795,0.42942127664543084,0.13208012,0.9992808,0.3509821534003861,0.5863457893875226,-0.24104054,0.9982867,0.54591995126856,0.5944008826865458,-0.08696638,0.9940574,0.51082847021943,0.4469938938577251,-0.41178066,0.99800575,0.426469528603612,0.43078405792795604,-0.42338347,0.99903023,0.48100480806014934,0.7677772628913433,0.020625751,0.99979126,0.380642218376108,0.7736647283774287,-0.020208778,0.99984306,0.5070349105163854,1.029406481464832,0.0037919513,0.8899495,0.3899955475068234,1.0489112148191333,-0.13882229,0.84277964,0.3776862495226587,1.2763585280831684,0.07308768,0.05486184,0.5165432003118677,1.254493850369992,0.27082258,0.060402546,0.37466386827032283,1.3006601802703215,0.09017138,0.034718443,0.5309671342877889,1.2703451647862,0.29507893,0.030920235,idle
0.43666949173786684,0.3162431228193062,-0.13792703,0.99982893,0.4144146950603418,0.2977930995969799,-0.12330246,0.99981683,0.443417897485907,0.2977276022904143,-0.10368071,0.9997758,0.3916020524456558,0.30698746480437983,-0.013331315,0.99979717,0.4534742258043183,0.3141232169473517,0.0742825,0.99974805,0.42503990548398873,0.3431997973366068,-0.096228704,0.99949396,0.44653941778113604,0.338600775315099,-0.07102896,0.99921405,0.34331852376640826,0.42881389731824215,-0.011166414,0.99913675,0.5087703612948431,0.43714397922292914,0.13589782,0.9992247,0.346585092659342,0.5877115068145842,-0.24544585,0.9980473,0.5404973494856904,0.6038114514302098,-0.08644195,0.99256456,0.5146099529296395,0.45305126132157963,-0.41323328,0.99737555,0.4336870181837964,0.4247052307834542,-0.44144574,0.9988601,0.48187213873748824,0.781463664589773,0.020605767,0.9997374,0.3874283066715656,0.7825571492613864,-0.02021111,0.99981076,0.5100575353010253,1.0283807056225616,-0.0156142665,0.89022434,0.3902991547038619,1.036382387619266,-0.13768798,0.8472267,0.36620151109394383,1.272737763119972,0.07049078,0.06726205,0.5262799944044164,1.2413801220174152,0.2317417,0.06835581,0.37719072070914605,1.3112290537409752,0.08515851,0.03999955,0.5363435317632234,1.26294575511568,0.25379217,0.033965945,idle
0.4234635235117997,0.323025588593749,-0.13892093,0.9998247,0.4223499670098171,0.3011444241066353,-0.12452946,0.99981225,0.43959890472930363,0.30072162481544834,-0.10524342,0.99977,0.39417520772052506,0.3096206256878949,-0.013680776,0.99979246,0.4557037952052564,0.3014764075995731,0.070951395,0.9997413,0.4205404933059126,0.3516666263200026,-0.098281145,0.99948895,0.44252737057130487,0.3355900846384305,-0.07382948,0.9992112,0.3415159102533478,0.4394164221561443,-0.0071715936,0.99913335,0.5030831715452742,0.4308496989401029,0.13399969,0.99921006,0.34045305104382184,0.5929752618214158,-0.24083316,0.99800724,0.5457366579710663,0.601820144912792,-0.08671428,0.99218583,0.5186058093512053,0.4546839252350736,-0.4114735,0.99719614,0.43411855066289806,0.43689711899102074,-0.44028383,0.9988064,0.4797609396691481,0.7568703640586201,0.020538375,0.9997212,0.378509658118655,0.7768744485767552,-0.020138877,0.99979997,0.5127243031129344,1.0327093296206928,-0.019757202,0.889041,0.38946712468118905,1.032919206755859,-0.13128057,0.8458767,0.38008221070434,1.2692882542010204,0.08232223,0.06795144,0.535829033773442,1.2411204288170425,0.21582921,0.07068496,0.37567804922876824,1.302200235980647,0.09748197,0.041290928,0.5131603440176427,1.2548617843980316,0.23625526,0.035334773,idle
0.4249087498769356,0.32439391624805336,-0.14133987,0.99981415,0.41106378866456683,0.29420888058470346,-0.12677214,0.9998,0.4346285309992719,0.29537466212854635,-0.10896311,0.9997538,0.38892874197421257,0.31259430186552006,-0.014165608,0.9997784,0.4488175533623874,0.3062233460273675,0.067366816,0.99972075,0.41134579711231534,0.3486042226710323,-0.09874948,0.9994791,0.44898016504197,0.3340916296597919,-0.074899316,0.99920434,0.3361478852593911,0.4330282496915705,-0.002562584,0.9991289,0.4958535000717764,0.42258610795936863,0.13273159,0.99918425,0.3337685502673714,0.5873651660238602,-0.22599027,0.9978853,0.5283004999541525,0.6041308964272316,-0.083662935,0.99108666,0.5006980500246385,0.46153918809331057,-0.4113229,0.9966396,0.4231711293603203,0.4345838410524465,-0.4232967,0.99866253,0.4797243134187845,0.7629862384891233,0.020248659,0.9996635,0.37665692990641486,0.7735441331718799,-0.019831073,0.9997654,0.5053866111801248,1.023451936957738,-0.021379793,0.8862042,0.3828304358906772,1.0378113493443737,-0.13090879,0.8468507,0.3658531456440913,1.2647730748364738,0.067102775,0.074198365,0.523635943564754,1.2307109554439248,0.20989701,0.07593857,0.36468937801202517,1.286119209306837,0.08019905,0.046187136,0.5271647162568373,1.271490992626164,0.22960594,0.038706604,idle
0.4254519328008254,0.3169614692288312,-0.18286848,0.99981177,0.413060201018166,0.3007567529949504,-0.16777092,0.99979764,0.4372370654664772,0.2979311056457546,-0.15123576,0.99975115,0.3870219327519653,0.30921487839027656,-0.045518696,0.99977916,0.45316668478390965,0.294442603237766,0.029214706,0.9997198,0.4104215555286307,0.3500712419879135,-0.13580441,0.99949014,0.43243924018559243,0.34361992398250507,-0.11443533,0.99922204,0.33203439463971596,0.4363776720423936,-0.01724086,0.9991175,0.4993746639826542,0.43256621613950763,0.10695289,0.99917585,0.3292064245465106,0.5913410000930045,-0.23350346,0.99790317,0.532739611870952,0.599009789615706,-0.10389189,0.9909091,0.5020215512217718,0.46472529973724525,-0.43741387,0.9965242,0.41644980305466495,0.4314541513770112,-0.4510662,0.9986313,0.47386356331491164,0.7741944632321897,0.018608179,0.9996596,0.3792106112135162,0.7708560865516008,-0.018169273,0.99975985,0.5041533993506122,1.0185811922031276,-0.0034355014,0.8844015,0.3846635152289828,1.0293246770458107,-0.12602894,0.84469,0.36691748502256016,1.2548418468235027,0.09461376,0.07305152,0.5222991292222735,1.2302841527468418,0.21518584,0.07711792,0.37054733857924416,1.2878322952915287,0.11081847,0.047033906,0.5197181412052279,1.2630027679593836,0.23005252,0.03995217,idle
0.4300598986089925,0.3166973063569123,-0.18158953,0.9998114,0.40956087732865054,0.2936676665342752,-0.16255942,0.99979806,0.4355891610833701,0.29671516767825784,-0.14809833,0.99974936,0.3807973692359924,0.3131858650983753,-0.04010878,0.99978215,0.4579445940017145,0.31067082031063314,0.034070034,0.9997181,0.4072010561994235,0.34599315744698206,-0.13177991,0.99949634,0.4465645130259219,0.33993793442745257,-0.113170326,0.99922514,0.33239056269984535,0.4455908253604265,-0.016862419,0.9991207,0.4921316810440113,0.43249011405136917,0.10895683,0.99915606,0.32559311340894403,0.5935150208475497,-0.22950467,0.9979515,0.516285452230628,0.5995273742635163,-0.09791857,0.9906034,0.5020802521997587,0.45821564377267765,-0.4242723,0.99641037,0.41773939880698907,0.44283586380752366,-0.41967338,0.99863946,0.46070277683754546,0.7673814156845358,0.018036384,0.9996635,0.38092951672730535,0.7762138275227626,-0.017575203,0.99976337,0.5034215274169802,1.0147483595415558,-0.0043797884,0.8848236,0.38313877657971673,1.0240800574256086,-0.1260125,0.8463166,0.3655836138677211,1.2675690921596325,0.1004851,0.07211421,0.5229648477894505,1.2290428432961205,0.24565384,0.0762317,0.3715492996252062,1.2883902965824396,0.1183535,0.04794326,0.5208345965462106,1.2655619772958038,0.26799107,0.040248558,idle
0.4176792829495807,0.32310131106083867,-0.17714766,0.99980325,0.41118329177122637,0.2963500009421008,-0.16129118,0.99979097,0.4393905445791151,0.3023275963198974,-0.14407702,0.9997361,0.3848892667736711,0.3102459949363868,-0.04425096,0.9997799,0.4473364545824793,0.30236082818112997,0.037152715,0.9997039,0.4136527723248701,0.345563128785752,-0.13055278,0.9995016,0.43022243124743464,0.3465376641917135,-0.1087875,0.9992248,0.3364068048969726,0.4366404099112096,-0.021286003,0.9991179,0.48299760523611357,0.42627619311581644,0.11077406,0.99911994,0.3273980942716356,0.5900378649939233,-0.23345535,0.9979377,0.5244203839619821,0.5978723044299241,-0.098783456,0.9898901,0.49287642066445114,0.45654909979542646,-0.4255267,0.99609625,0.41593894083746796,0.44328209150887227,-0.4220538,0.99859947,0.4707034005826948,0.7722091639541186,0.017836597,0.99965894,0.3733954832159728,0.764282420090336,-0.017366493,0.99976057,0.49515258479627344,1.0136365887007452,-0.0043223705,0.8851375,0.3810662951012187,1.0339177053903224,-0.1260486,0.8482063,0.36311810264345,1.2564892890849058,0.10832272,0.07374726,0.519765671789586,1.2297369643188532,0.2602438,0.077684164,0.35912027261664914,1.2884663036914075,0.12701644,0.049792256,0.5195961466722236,1.2534181811547291,0.28425896,0.041042898,idle
0.4316034400319124,0.32085003283692265,-0.17602585,0.9997991,0.40307717019858025,0.29400723128206935,-0.16223034,0.99978966,0.4342634428793787,0.3055111868393243,-0.14328739,0.9997301,0.3880923125762562,0.3194026939813333,-0.049474616,0.9997832,0.4391149042649297,0.3065077370293169,0.038015284,0.9996993,0.40983053718861895,0.3395902710083301,-0.13138762,0.9995064,0.43716405464341046,0.34380004028158034,-0.107425556,0.99921995,0.3277076245996041,0.4258484213797303,-0.027077321,0.9991195,0.49491317960963654,0.4325637187878602,0.110111974,0.99909,0.32950480376375124,0.5933045860179764,-0.24516621,0.99799335,0.5093182812169441,0.6073200763490686,-0.103527665,0.9896415,0.502790899626111,0.46454016331151804,-0.43194255,0.995972,0.40775801401123035,0.43770737707027374,-0.43835598,0.998619,0.4736525446276031,0.7587199806214696,0.017281404,0.99966717,0.37056082539818114,0.7710752198273815,-0.016799219,0.9997663,0.5034140494568524,1.0238660102456596,-0.0048354403,0.8875192,0.38157225974875875,1.0321341429387842,-0.12605207,0.85150635,0.36658702645355024,1.2498822235075258,0.107936524,0.07370542,0.5189650973240195,1.2217039508314316,0.25764588,0.07759683,0.357406277413159,1.2881547533231013,0.12635314,0.05058742,0.5216392617810265,1.2565370562338953,0.28140703,0.04116723,idle
0.42606233721147224,0.31318772450615573,-0.17192435,0.99979115,0.4031179265414696,0.31249573554082294,-0.15863918,0.99978274,0.43538495746276684,0.2974303269661578,-0.13941866,0.9997156,0.3889570800806633,0.32157609139891535,-0.048301075,0.99977905,0.450054222041554,0.30470548733109054,0.04020451,0.9996794,0.405794145015273,0.3349867665979267,-0.12823197,0.9995032,0.43707916731483265,0.3455924116776981,-0.10392574,0.9992028,0.3175992378196195,0.4367012762398232,-0.025704026,0.99912536,0.48865324060825943,0.43037095441005285,0.110491216,0.9990389,0.32259824227526446,0.5843578931359579,-0.24091665,0.99799496,0.5029810051146799,0.6022734695681213,-0.10290335,0.98883444,0.49992830376719033,0.4551790145310787,-0.4314754,0.99551696,0.4075720316232755,0.4336615033688504,-0.42731482,0.99860775,0.4654980585122771,0.7649344348960241,0.01679776,0.9996563,0.38082631281223744,0.7658729623593945,-0.01631568,0.9997594,0.5046511413119887,1.027894081165358,-0.0060084285,0.8875889,0.37256160735919575,1.0215175975021935,-0.12497262,0.85299236,0.3578213972112745,1.246040520863593,0.10653697,0.076252684,0.5213423910844566,1.2251203099210128,0.25069302,0.07953141,0.3594624678210009,1.277249485170212,0.12462391,0.05313671,0.5218941472163481,1.2445472528829478,0.2737137,0.042029623,idle
0.4197821545248772,0.3347448149953654,-0.1804255,0.9997909,0.4132335624312061,0.3008221250211756,-0.16526935,0.99978644,0.43631284909624446,0.2941533100201353,-0.14669213,0.99971557,0.38806786861355713,0.31808654929929053,-0.04693445,0.9997865,0.4442150879777794,0.305097245949726,0.038130276,0.9996812,0.40968913144974173,0.3484376958861885,-0.13417777,0.9995136,0.4389241622832776,0.35823356204937695,-0.11050961,0.99921113,0.33158830263362093,0.4313038525050162,-0.025267323,0.99915594,0.4834887947007914,0.43641072900373223,0.11061219,0.9990206,0.3261403445588873,0.5850132400159742,-0.25436673,0.9980875,0.5093022329888861,0.6081000874948086,-0.107609,0.98873556,0.4937466305321585,0.4542594863254594,-0.44671386,0.9954212,0.4181101926738131,0.43585899412040785,-0.46602613,0.9986623,0.468926451870082,0.7673716875404691,0.015610494,0.99966156,0.37131006181057635,0.7693258860794465,-0.015089972,0.99976546,0.49789276519106396,1.017853830757289,-0.010863381,0.88935333,0.3839818428124021,1.0296012444611562,-0.12059393,0.8552925,0.3573340157333331,1.2427043717374209,0.120784245,0.07516884,0.5265946479921342,1.224276683232131,0.24737552,0.07867365,0.3629356722089543,1.2747368917855957,0.13960958,0.05288576,0.520166871204002,1.2466149938846542,0.27034265,0.04175591,idle
0.4276575226663567,0.321544351555354,-0.20845969,0.9997878,0.40907732970259936,0.3133177231404639,-0.19324067,0.99978536,0.42710748180736857,0.30037086485822806,-0.17481796,0.999711,0.3845604330261394,0.31669691373732123,-0.0693322,0.9997884,0.434643722933273,0.3017902302236753,0.014035419,0.99967694,0.4057828540883658,0.3440184185812552,-0.16081183,0.9995158,0.43005563920421597,0.34333373104227716,-0.13724987,0.99920934,0.3268702256036138,0.4364442270287329,-0.041054927,0.9991619,0.47934179630951657,0.4374311829934105,0.094846234,0.9990085,0.31999494850944643,0.580820109184933,-0.27536708,0.9981588,0.5265903380824221,0.5995942556787434,-0.12242975,0.9888319,0.5004688093975281,0.4701850497711975,-0.47141442,0.99541676,0.4092375169512886,0.44204542930806917,-0.50138104,0.9987019,0.47629430701473596,0.7678147225440818,0.01483964,0.9996605,0.3693210911190762,0.766713252039839,-0.014322008,0.9997637,0.49286002920168515,1.0081990222156938,-0.010600691,0.8887846,0.37036464803954117,1.0254523901337924,-0.11684768,0.85357714,0.35435330276378507,1.252189943447525,0.1327721,0.07310875,0.5202005667177929,1.2289979750543791,0.23139302,0.078412384,0.35738768263451515,1.2842615749212363,0.15208079,0.052580167,0.5115971512375639,1.253977077320906,0.2512847,0.04204024,idle
0.4215274213796468,0.31639946142865316,-0.20034537,0.9997852,0.3990498930201323,0.2989633981022705,-0.18555546,0.9997826,0.42308921414775824,0.3078277902853492,-0.16702722,0.99970585,0.3850238134502598,0.31178553079350846,-0.066379294,0.9997863,0.4479580613268195,0.3045027088181838,0.016957294,0.9996706,0.40194750692576864,0.3454303314996007,-0.15479794,0.9995139,0.4310971092806979,0.3404146709102371,-0.1311314,0.9992076,0.3370664812053308,0.4405062126524686,-0.03993664,0.9991549,0.4786021023244523,0.43882493845842313,0.09183474,0.99899226,0.3211862824864783,0.5778241364540033,-0.2699089,0.99819374,0.5094104378195761,0.5978522870936035,-0.12421517,0.9888402,0.5008866329656347,0.45764012616541516,-0.46455178,0.99530125,0.4116330262338519,0.4378211355707262,-0.48915046,0.99872893,0.46296236925865186,0.7670014970767228,0.012870824,0.9996514,0.37731286095755556,0.7621911649510938,-0.012390101,0.9997522,0.490101137508428,1.0112025647897869,-0.012763728,0.8878502,0.3635895412791863,1.0359636137370583,-0.102836534,0.8508451,0.358016174583606,1.2478089501077336,0.14044073,0.07249831,0.5159608959803657,1.236186837742964,0.19961585,0.079930395,0.3646921807017043,1.2669919124093934,0.15899356,0.053216554,0.51926374780217,1.2570439032202543,0.2166472,0.042685207,idle
0.41939798922819427,0.3198085881725903,-0.1948096,0.99978596,0.39098231443339093,0.3020359473740318,-0.17972954,0.99978465,0.42394602688300886,0.2989767135570328,-0.16140278,0.99970764,0.3792530812767947,0.31331567883904365,-0.06162729,0.9997896,0.43930333901685914,0.30111705630491725,0.021788858,0.99967307,0.40452221381623954,0.3425625520521972,-0.14929236,0.9995189,0.4378807998194484,0.3396058166886271,-0.12591103,0.99921364,0.31906873301411387,0.43297572997481937,-0.037664868,0.99916923,0.4793253503383452,0.4378774955855348,0.09557153,0.99898607,0.32508121385851285,0.5821689882192622,-0.26563197,0.99826574,0.5156160471817121,0.6043085188950844,-0.120876275,0.9890596,0.5099477537656638,0.45491048003133244,-0.4605855,0.9953545,0.4045794286622013,0.43717755770335076,-0.4835325,0.9987773,0.4658633855441493,0.7605054840425242,0.012372786,0.9996565,0.37824501950288236,0.7693470425076409,-0.011897351,0.9997559,0.5064183435792315,1.0092337831858829,-0.014869277,0.8886733,0.3713588190852385,1.028215007495711,-0.10534732,0.85178447,0.3552003227840833,1.2469954000076715,0.13829266,0.07165857,0.5176524817895432,1.2276957749356814,0.21058667,0.07960155,0.3674353336705284,1.2751807864996274,0.15724,0.05321462,0.5096407031327238,1.2512952542943678,0.22975,0.042642757,idle
0.41966698347813036,0.3173447848745689,-0.19399181,0.99977535,0.40810904276226134,0.2947092802620408,-0.17797807,0.9997749,0.42705894374596054,0.2955466613264446,-0.1599995,0.99969333,0.38989492743596554,0.31205536817186164,-0.0608428,0.9997798,0.4387454937098013,0.30313337244840577,0.022404768,0.9996539,0.39883372196862543,0.3438922429045031,-0.14882573,0.9995046,0.4198158407467958,0.34084163163484577,-0.12522729,0.99918675,0.32447868978608074,0.44133617963773847,-0.03564132,0.9991512,0.472613194969725,0.43355845162640416,0.09764187,0.9989447,0.3108696023056686,0.5860437673240547,-0.2646851,0.99824893,0.5222714494700562,0.6086385351872041,-0.11918,0.98876077,0.49508897324886747,0.46282897370601556,-0.45659542,0.9951738,0.4087515965950248,0.4404510061357788,-0.4786482,0.9987617,0.46187484957965885,0.7601015046188356,0.012437152,0.9996487,0.3655453804403046,0.7742775735324533,-0.011967192,0.9997514,0.4972904907420832,1.016857331765201,-0.014789602,0.8867205,0.3627722412141019,1.0190662906605747,-0.1071051,0.8507848,0.35598542282851,1.2438745923398438,0.1334497,0.07218917,0.5147880632277744,1.223852022020344,0.22970955,0.07941613,0.3549672521942988,1.2778190017894335,0.1521327,0.054006778,0.519318425905491,1.2600626498641851,0.25224435,0.042655095,idle
0.414042995116505,0.32891922411139374,-0.154548,0.99977005,0.4011518563352692,0.3090077830304449,-0.13736077,0.99976933,0.42420504343270427,0.2952832151845484,-0.11985401,0.99968606,0.3763761095197733,0.31909365072734813,-0.021160267,0.99977285,0.43687875568591084,0.29365187220595174,0.05829077,0.9996402,0.4019516681659766,0.34003084996513416,-0.11069751,0.99948955,0.430739330618232,0.34391778045838384,-0.08813548,0.99916095,0.32294334907686273,0.4298787188770354,-0.010201302,0.9991436,0.47374993697643597,0.4329136057757779,0.11865423,0.998892,0.31466313400327384,0.5749525750670883,-0.24902084,0.99821484,0.5074356128903139,0.6120299573458164,-0.10940371,0.9883187,0.5088013566971986,0.4599826465270599,-0.4409465,0.99493563,0.40882477454256894,0.4356192688772314,-0.44955963,0.99872863,0.45965601038264914,0.7554712684547366,0.01273139,0.9996293,0.3756051765288755,0.772747985166924,-0.012263432,0.99974203,0.4871438492177901,1.0161330785733904,-0.012257644,0.8841566,0.3772645961836978,1.0374028039888212,-0.11094556,0.8490601,0.3606643065628816,1.255946489312494,0.10555565,0.073221184,0.5115795336134935,1.2298800402882095,0.22986841,0.08026946,0.36200495029040314,1.2730850504404967,0.12193974,0.055147078,0.5169359871580237,1.2573286049438077,0.25226742,0.043301526,idle
0.4179676632337339,0.32476863857146376,-0.14180674,0.9997638,0.40477970762871807,0.29779866096177937,-0.12328975,0.9997647,0.4335981601032449,0.29020340927932914,-0.10669798,0.9996816,0.38365080138815577,0.32042987385524024,-0.004542738,0.9997682,0.4420989533781713,0.29906325047237226,0.07144974,0.99963486,0.40591089584755446,0.3521829608577547,-0.09734299,0.9994638,0.4248635331805918,0.34839846799250224,-0.07583435,0.9991146,0.3184665420010132,0.4295009629560547,0.0017056279,0.9991306,0.472235691169678,0.4446719190596962,0.12236887,0.99884397,0.30980767874639714,0.5829239305489758,-0.24399105,0.99821085,0.5041002716557078,0.615196233552292,-0.108771816,0.98836946,0.5074563847390798,0.46406519268935464,-0.42616826,0.9949557,0.4047485677976923,0.43970681208242657,-0.44086638,0.9987077,0.4592222953985965,0.7726921052703702,0.012742298,0.9996369,0.378677494776711,0.78033038804707,-0.012275698,0.99974966,0.4940233673789791,1.035148970576618,-0.006978938,0.88220257,0.37173382879252737,1.0344076279210745,-0.11013894,0.8464229,0.34964053602100376,1.2566123354212464,0.10800537,0.071384735,0.5267179091562497,1.2227358703305193,0.23972054,0.07880662,0.3536451444711244,1.3017978310179465,0.12407388,0.05366651,0.5096749388443963,1.2530095239037624,0.26207492,0.042548828,idle
0.41767912015593645,0.31600883381982253,-0.12459092,0.9997617,0.3912843338261619,0.2967752329858802,-0.10585655,0.99976325,0.4239390163154628,0.2900933763873797,-0.08918218,0.999678,0.3823771863428723,0.31065345434891306,0.012122342,0.9997666,0.4342475268935375,0.30502358029251886,0.088489436,0.99963045,0.39795832817768695,0.34483826344359664,-0.08032645,0.9994569,0.42077712097811204,0.3432759834556324,-0.058746986,0.9990963,0.3193059601604673,0.43243594659765894,0.015630094,0.99914426,0.47200282536407423,0.4308531605611489,0.1356181,0.99881333,0.31521868437463674,0.5706674733539381,-0.23909196,0.99818003,0.508466471870718,0.6134850635656546,-0.09694849,0.9880994,0.5020138355793864,0.4663790632807132,-0.41296023,0.99487185,0.40368817342537033,0.43477007329960604,-0.44100133,0.99869233,0.4685175389068168,0.7628867872443909,0.012755516,0.9996376,0.36868876847161136,0.7768827709080997,-0.0122890845,0.99975324,0.4941611491407434,1.028281157419021,-0.010340722,0.8801638,0.37023988329795177,1.0365747900489772,-0.11064653,0.8449897,0.34058295006140127,1.2616164004741053,0.10919155,0.07205132,0.5120324651893731,1.240966250247374,0.23853716,0.07960317,0.36231514940041043,1.2823766262652705,0.12581776,0.05335739,0.5085592801722714,1.2477095808773544,0.26104102,0.042598963,idle
0.4092214401452807,0.3220652059285208,-0.099053904,0.9997726,0.39752460558236313,0.3052353294875765,-0.081974976,0.99977607,0.4293921612381745,0.29621366312884506,-0.06404554,0.9996938,0.3768071325952914,0.3089033813489751,0.031141337,0.99978024,0.42873616709110507,0.303646507023694,0.11349591,0.9996506,0.3940940178267063,0.34338728053786494,-0.056133967,0.999473,0.4215621605647407,0.3445392923146009,-0.03289311,0.99911374,0.3169835194289756,0.42815977911332465,0.031036088,0.9991817,0.4794214320453918,0.4365178822304451,0.15867196,0.99882966,0.326085753432628,0.5829564372467664,-0.2288795,0.9982513,0.5096908750919369,0.6122142139877639,-0.076148495,0.9884823,0.5008262027473243,0.4611335701505453,-0.3855733,0.99512535,0.3953156113979871,0.4244428403166032,-0.42662138,0.99875546,0.4660638947097433,0.7609403820556502,0.0128894765,0.9996626,0.3725151641534067,0.7815680893498627,-0.012414654,0.99977106,0.5004350138372935,1.0363966679477226,0.0057605854,0.8798337,0.3718707216766549,1.04575292063936,-0.108022824,0.8445313,0.3555518652729551,1.2704100750068146,0.11155037,0.06914196,0.5149948102017767,1.2409698449855533,0.27001962,0.07677655,0.3508733891485998,1.318179912942585,0.12779775,0.051073503,0.5246466198399968,1.269613843140197,0.29363397,0.04135259,idle
0.41505048684960666,0.3279896629490909,-0.11913532,0.99978334,0.39473355868390114,0.2985594383998681,-0.102676466,0.9997891,0.42408822121592504,0.30491656480828894,-0.08482962,0.9997095,0.3777127315702752,0.3242884415716993,0.01666292,0.9997953,0.43156297076108363,0.3188697484213246,0.09416852,0.9996717,0.39203113174752025,0.34488441191774655,-0.07580824,0.999497,0.4286315889483385,0.34661110015333985,-0.051977307,0.9991424,0.3210750706654679,0.43967560058410887,0.014782816,0.99922186,0.46797366635796855,0.4331975336569058,0.15062398,0.99886364,0.3226605265922582,0.5754365668567035,-0.24558747,0.9983512,0.5213774026157173,0.6075543256986005,-0.0733647,0.98894227,0.48761180455825215,0.46319509977642537,-0.3948105,0.99540085,0.40644691492402585,0.43107234068951106,-0.44178835,0.99882245,0.46686966306984024,0.7729331641732021,0.015778668,0.99968773,0.36250864711804276,0.7896618182450107,-0.0152641535,0.9997885,0.4881355250777475,1.0448347237028381,0.008886537,0.8836864,0.37524188541450243,1.0434087186732837,-0.111841835,0.8493289,0.35202428506798467,1.2767765934037345,0.11817441,0.066747084,0.5065560839925584,1.2561837206207862,0.2874849,0.074269526,0.3585223926249984,1.308888227941636,0.13675287,0.04937461,0.5069837842808347,1.27350821290454,0.31310856,0.04061657,idle
0.4079591012172109,0.32087815457867264,-0.12392888,0.9997856,0.3925019807840219,0.300786626491817,-0.1189703,0.9997944,0.4266988471878268,0.2968901418580484,-0.09089434,0.9997121,0.3893258542335465,0.3127244082928749,-0.025798123,0.99980336,0.44148990548187006,0.3119905864725281,0.09186584,0.9996767,0.4062734183742337,0.3500545955390924,-0.089856215,0.9995158,0.41997663240445904,0.35363353182620305,-0.05346526,0.99916226,0.3239044427772779,0.4333856355354286,-0.011354954,0.99924624,0.4769313238673075,0.43992600770673274,0.1492989,0.998867,0.31854490368710653,0.5750737756766304,-0.25707215,0.99832314,0.5131566496083283,0.6123846880066509,-0.060569298,0.9882669,0.4949613157049859,0.46281036456489927,-0.3978922,0.9952675,0.39953839317548134,0.4410168472462764,-0.45603862,0.9987856,0.4734621126266986,0.7729578157421656,0.02142706,0.9996959,0.37302394201822797,0.7809315965807978,-0.02094347,0.9997954,0.5011032087633402,1.041297411846314,0.0096376855,0.88636,0.390551096849451,1.0377635841671669,-0.13158384,0.85451066,0.3654281179914801,1.2734786181113162,0.09491491,0.07227178,0.5212975244036906,1.24525457682253,0.2894831,0.077336386,0.35988496382063806,1.2982789675445692,0.11244158,0.051400375,0.5164003665890987,1.2741906772678153,0.31503853,0.04193645,idle
0.4194124447673162,0.31693025571992695,-0.15305609,0.9997915,0.4009318482561741,0.313869490546547,-0.14589103,0.9998004,0.43501078586850417,0.2992021652257237,-0.12102618,0.99971753,0.3686586095476445,0.31455829784474676,-0.049109716,0.9998104,0.43293545641422804,0.3122812113024759,0.057847686,0.99968326,0.4082372785235441,0.35433601546003163,-0.11666405,0.9995364,0.4264648122021888,0.3461597475267933,-0.08461054,0.9991915,0.3216178483869312,0.4461202878634276,-0.027273739,0.99925524,0.4734882426107275,0.4381463656846286,0.13145152,0.99888134,0.32741791443332235,0.5739823769688158,-0.25608104,0.9983291,0.5194620138950818,0.6134415146302102,-0.066962644,0.9880881,0.48646786027365463,0.4573674315696422,-0.4022498,0.9952432,0.39923023223827026,0.4401792206575693,-0.45436358,0.9987932,0.48205745652792575,0.7692762741326913,0.021107757,0.9997015,0.37095777867078716,0.778856005983192,-0.020639189,0.9997978,0.49804859605859364,1.0369235885226282,0.0077117234,0.88864803,0.37037420894568174,1.0451321111842866,-0.13411158,0.8579578,0.35387487261838424,1.2741676492701532,0.09385492,0.07532319,0.5186375618235413,1.2379938740754106,0.2888046,0.07944172,0.3550486477735061,1.2965600565733677,0.11147942,0.053430308,0.5077400855379797,1.2622751551557172,0.3137675,0.04301776,idle
0.41724755141534364,0.3271181753309924,-0.18124698,0.99978304,0.39473070082856665,0.2950968851321263,-0.1669916,0.99979335,0.41941418835232014,0.2945369521315857,-0.14793621,0.99969655,0.3736856593843235,0.309968012810435,-0.051810157,0.99980634,0.43799384181621526,0.31070151732409335,0.03405451,0.9996517,0.4018365514434463,0.3507946586377604,-0.1370541,0.9995441,0.4343921028952161,0.346074759298618,-0.11267058,0.9991914,0.33289817349174033,0.4341570917756759,-0.03183031,0.9992614,0.4821401889858261,0.4295581883206733,0.11430756,0.99883634,0.32443614257448194,0.5884275328679718,-0.26297292,0.9982361,0.5199120000196602,0.6066833527366632,-0.09545855,0.9867361,0.48406248186000933,0.4562945455552576,-0.43386978,0.9946451,0.4076784494467578,0.43585882372236723,-0.46999425,0.99873996,0.47382131228381497,0.7741970701255798,0.020824065,0.9996841,0.37645519574862596,0.7772327754536034,-0.020358136,0.99978805,0.49659800447884006,1.0277088470662281,0.006497998,0.8893894,0.3810886141715336,1.0331160960720627,-0.13201883,0.8616697,0.36408744871500087,1.2380020305821635,0.097121924,0.08461742,0.5226303293332922,1.2198764522381125,0.28946614,0.08348382,0.3650267247775383,1.2692382205752435,0.11483371,0.05848255,0.5162058928719165,1.245496066228234,0.31510028,0.045038532,idle
0.4210404845990948,0.3278626505469692,-0.17390652,0.99978745,0.40730410997353117,0.30487985606844414,-0.16005571,0.99979776,0.4301708037057317,0.3063025715738809,-0.14051053,0.99970126,0.38414031726475895,0.31376002966913635,-0.049979832,0.9998106,0.4348263959537263,0.3127140814488349,0.039678738,0.9996568,0.4008646932904322,0.3514177580335857,-0.13098581,0.9995589,0.41984442956287715,0.3405684662353435,-0.10583156,0.9992126,0.3247554897882319,0.4365228475655597,-0.030963976,0.9992499,0.48244776547386325,0.43423335817762126,0.11181848,0.99883586,0.3384247694686533,0.5890915916758411,-0.26326337,0.99817306,0.5221128352083316,0.6014827284113501,-0.10043838,0.9865345,0.49915393972422906,0.45224866529676755,-0.43095374,0.9945819,0.4132052018669312,0.43621490963744314,-0.4693447,0.99869895,0.467832464415311,0.7729331788014394,0.020708524,0.99968535,0.3851714479429593,0.7663115743851223,-0.02025649,0.9997871,0.500882229096892,1.0248232464294766,0.0053915055,0.89023525,0.3855852582156173,1.0357902162884332,-0.13384035,0.8640198,0.3610250971269744,1.2463408648328762,0.09171237,0.08780855,0.5169470814552111,1.227530982987827,0.2830456,0.084799945,0.35820734501198526,1.2704371503153626,0.109038815,0.05999487,0.5207258137738336,1.249836496006284,0.30729678,0.045680344,idle
0.41802534981632344,0.3231635501860159,-0.15000151,0.9997904,0.4050741470111423,0.30669469277260064,-0.13107124,0.9998,0.42795979568444376,0.3058512414116928,-0.115634345,0.9997027,0.37670285827390926,0.3201037192888094,-0.008323377,0.9998114,0.43217966749438586,0.30957695761612514,0.06202942,0.99965507,0.39966311947697286,0.35678686556772127,-0.1036395,0.99956834,0.4346553280269234,0.3463760571941461,-0.083918534,0.99922675,0.342726845343129,0.4368490231387541,0.0049417936,0.9992631,0.48497402996734695,0.42218369555818974,0.119956754,0.99883175,0.3435881565221487,0.5852235081408284,-0.24006197,0.9980527,0.5318603477127681,0.5937592486517402,-0.100938186,0.9861649,0.4918241913290279,0.44904543003122466,-0.42401132,0.9944339,0.41049196422261924,0.4391145746666799,-0.4510773,0.99863034,0.4801468277749916,0.7707999279597647,0.019919816,0.9996793,0.3866434605967116,0.7691107292308678,-0.019486815,0.999787,0.512194667214684,1.030248372796906,0.004741368,0.89090294,0.3890300893875198,1.0223171643086892,-0.1388668,0.86767805,0.36984252518058147,1.2453477985627313,0.048918653,0.096921325,0.5364650479697743,1.2291301800667782,0.27845258,0.08797703,0.36790230002097724,1.2739807567509074,0.06244127,0.06358405,0.5296597433614776,1.2426117833492782,0.3024347,0.046538536,idle
0.4248640264601955,0.3265057023386002,-0.13994205,0.99979216,0.40477654379116823,0.30210154376996357,-0.124579236,0.99980205,0.4273422655982958,0.29302817640442685,-0.105695486,0.9997015,0.38737767851053684,0.3003835305314098,-0.011557769,0.999813,0.4402356409763879,0.30900558097710334,0.0728755,0.9996534,0.40777736706678647,0.3583182038606042,-0.09722178,0.99957997,0.4302565998925434,0.3492016596846851,-0.07306184,0.9992417,0.3302742424436387,0.43494185338109015,0.0027044457,0.9992707,0.48826984057173695,0.4245705093689999,0.13224337,0.9988269,0.34914176797858776,0.5900802790492564,-0.2419674,0.9978258,0.5253911046382809,0.5984834305017264,-0.09168492,0.9853506,0.4934559538557185,0.44547249812020806,-0.4153362,0.99417526,0.41628568882792805,0.4361960375595626,-0.45138794,0.99850994,0.4797363923061193,0.7635542779709853,0.020057065,0.999677,0.3853326042730836,0.7742099259247875,-0.019637931,0.99978846,0.5110570909502183,1.017977188462247,0.004366346,0.89053875,0.3902365511707977,1.0333160053267356,-0.15167472,0.8700706,0.363614572209513,1.2476611836508453,0.045684773,0.10641651,0.5297762258869709,1.2257317466474118,0.28513765,0.09198948,0.3725798305231486,1.2775722224458446,0.060382284,0.06727959,0.5338805514824965,1.2510201803665357,0.31097186,0.047566965,idle
0.4171986657999923,0.32104973235476236,-0.13374874,0.99979925,0.4049127487788585,0.3023802669568286,-0.12023695,0.9998097,0.43697905765473144,0.3048391156755298,-0.10038195,0.99971366,0.38593071328427564,0.31813393055311073,-0.01395985,0.9998204,0.4392130563208181,0.30725632549441134,0.074694976,0.999671,0.40401567877099154,0.3511041375376908,-0.09382307,0.99957895,0.4438995733046327,0.34068303669008965,-0.06829877,0.999237,0.3360019512808331,0.436274075910194,7.3443414e-05,0.999269,0.4949241625391918,0.428617868827867,0.13146481,0.9988561,0.34275712666821934,0.5845179781327196,-0.24312043,0.99791414,0.5263129507894839,0.5919975258600344,-0.09170323,0.9862164,0.4976856480837606,0.4454410503106943,-0.40073848,0.9945768,0.40820662338312286,0.43998225635454663,-0.4508481,0.9985783,0.4882279839372754,0.7683280652916918,0.017607301,0.9997017,0.38881255991380603,0.7748237435523525,-0.017212264,0.99980384,0.5102860904435891,1.0210958444726754,0.0039172894,0.8932417,0.3953541225749566,1.0319566129436284,-0.13958907,0.8713641,0.37209138843483924,1.2689767689617053,0.075958416,0.10013748,0.5326118557705193,1.243285233106034,0.28198013,0.087688,0.37252727680699593,1.2999440755280354,0.09363418,0.06360295,0.5392431866531237,1.2668619896643685,0.30749926,0.04542472,idle
0.42387115166371125,0.3260290129407394,-0.16399075,0.9998066,0.4058574670344187,0.3015457518854265,-0.14493047,0.9998166,0.44280337270324177,0.30186480746639827,-0.13056742,0.99972546,0.38994407055461056,0.3274845695756689,-0.015611795,0.99982774,0.44213834352698567,0.3146571045254641,0.051086754,0.9996878,0.41412513043571375,0.34154078053926673,-0.11486071,0.9995893,0.4352363751806929,0.34978473374279406,-0.09640444,0.9992589,0.33732937290922893,0.4391217652534643,-0.0016841665,0.99928325,0.48691527903523324,0.4338466603452569,0.11341355,0.9989052,0.3426395072769234,0.5895375694803016,-0.23909536,0.99794513,0.5295609967439923,0.590636130853812,-0.10657934,0.98708016,0.5041019301898391,0.4422606659158842,-0.40639192,0.9949422,0.42780609192669694,0.437086236818771,-0.45114493,0.9986262,0.49128457420712013,0.7665806516762604,0.016493496,0.9997215,0.3932452781733706,0.7745880509631289,-0.016073251,0.999816,0.5156651211736957,1.0234108971388638,0.007296323,0.88867384,0.4002317816086758,1.0374268550803831,-0.13863304,0.8628053,0.37898207564994135,1.2816006565380695,0.07828502,0.09323878,0.5283930263977867,1.257920161796725,0.27987468,0.08308325,0.3719388873536955,1.3028741438553406,0.09570587,0.05946883,0.5272458140934709,1.2872104921624525,0.30521625,0.04288386,idle
0.4262044795870833,0.31176466180547424,-0.16679475,0.99981296,0.4043434533836917,0.30151186323166534,-0.14790022,0.9998231,0.4312238113337342,0.30007049568365995,-0.13438036,0.99973726,0.38579258248324144,0.3176769370516907,-0.016828839,0.9998346,0.45179801988112933,0.30914585415982876,0.043785952,0.9997045,0.411068535971294,0.3452428902115335,-0.11753869,0.9995924,0.43182008231948144,0.3530656496959645,-0.10032716,0.9992706,0.34922661701256896,0.43434338158393304,-0.0023991808,0.99928653,0.487735816742505,0.43657767794493046,0.09875266,0.99894863,0.3564998512890579,0.5886771109781535,-0.2373229,0.9980301,0.5321799114126786,0.5879580273906069,-0.12829241,0.98799694,0.5130597249965655,0.4514237410461271,-0.4270351,0.99530345,0.42991605628258134,0.4326513758551969,-0.4524154,0.9986918,0.48738993255231766,0.7578623677636886,0.011287385,0.99974114,0.39687252696461284,0.7810450284186476,-0.010836538,0.9998278,0.5183184633858389,1.0261366474769291,0.007023403,0.8883619,0.39419323409757245,1.040819846006121,-0.13279964,0.85839,0.3793557022740045,1.2791481815499295,0.08065556,0.08673166,0.5251626164750964,1.2565943082614353,0.25501165,0.078986555,0.3781025037089427,1.3156945949832577,0.09790249,0.056211587,0.5354956796313244,1.2893879493595637,0.2766293,0.04085927,idle
0.4343901885223418,0.3305339040538975,-0.16481273,0.9998226,0.40563505182265525,0.3069232160901686,-0.14683805,0.9998327,0.4306247980275537,0.29926771910774386,-0.13220042,0.99975175,0.383364159960209,0.3260004747181683,-0.014643947,0.99984425,0.45225028915020693,0.30516157509121355,0.04618915,0.99972296,0.41011091186501625,0.3392459621969799,-0.11727093,0.999607,0.43888258986874285,0.3418901236203927,-0.09820007,0.99929774,0.34413837745839726,0.43970434190714425,0.0027590764,0.9993169,0.49208468192202326,0.42956340102315127,0.10365609,0.99899644,0.3503788374847111,0.5870730265837288,-0.23070943,0.99812657,0.5325336755793916,0.6007138347239334,-0.12318319,0.9888408,0.501647765828052,0.44591459950085555,-0.43008056,0.9956514,0.4203133278597687,0.45025659502843396,-0.45241246,0.9987748,0.48419653035068744,0.7684633925188651,0.009760124,0.99976075,0.39704443213696405,0.7701210442512092,-0.00925432,0.9998405,0.5070984948375581,1.0319838843830662,0.0071971887,0.8858758,0.39960507230579834,1.0432809574110702,-0.13263705,0.8513044,0.3791472341059272,1.283280587675208,0.078493744,0.080107614,0.5286751023330502,1.259785953405302,0.25645941,0.07406471,0.38502924131192573,1.3004691672372262,0.09510031,0.05256358,0.5347858398548497,1.2777302672365858,0.27834943,0.038370233,idle
0.42391729488563334,0.3187017508323746,-0.1679325,0.9998264,0.40357297266529035,0.30767104175898347,-0.1494927,0.99983627,0.43217622141851586,0.29948588538349696,-0.13589972,0.99975884,0.38871038984019024,0.31633246125239595,-0.016286027,0.99984795,0.43704639620307484,0.3067853260825918,0.040241558,0.9997341,0.4092078692067719,0.35327671404991823,-0.1194906,0.9996101,0.4273489318375723,0.34109426702217127,-0.10204631,0.9993094,0.34599554140909927,0.4315616205255894,0.0019960548,0.9993266,0.49389721103683315,0.42357231188137945,0.094797626,0.9990254,0.35260102646668245,0.5931948221601129,-0.23203263,0.9981845,0.5427561070117168,0.5853256056776752,-0.13824227,0.98952645,0.4928032519814911,0.45056202972796255,-0.44394627,0.99593115,0.42387472552544725,0.44019336676339815,-0.46433416,0.9988313,0.49178809542061985,0.770693417232218,0.007746062,0.9997736,0.3894576520712184,0.7777063265058353,-0.0072881253,0.99984837,0.5158395556377601,1.0300237431197992,0.0068220696,0.8837485,0.39364203707005074,1.045160018934341,-0.130673,0.8458426,0.3732803536660434,1.2697203039578842,0.08176858,0.075066924,0.5336884825939254,1.2597719432199084,0.24331255,0.07104801,0.3782221922141894,1.3056930072106359,0.098781124,0.049980078,0.5287884773435991,1.294683782112485,0.2636708,0.036711518,idle
0.4234396400984126,0.325094980688194,-0.1713451,0.9998306,0.4037235806389424,0.3086893269512003,-0.15346155,0.9998401,0.43755272367650244,0.3016967533842572,-0.13903342,0.99976563,0.3917061814205074,0.3208356338583163,-0.02524886,0.9998522,0.44638539565245616,0.30276551724647355,0.037534673,0.99974364,0.40786679624680877,0.34749472956449495,-0.12384488,0.9996126,0.43515646014018206,0.35009791389754896,-0.10542337,0.9993154,0.34695832489522815,0.4312149499403241,-0.0087671,0.9993337,0.5033945449100665,0.4263096447468218,0.09107441,0.99905133,0.3487027347821131,0.5874008493147064,-0.24784341,0.9982729,0.5384158730172968,0.5940600624154941,-0.1413487,0.99018025,0.5099447628056951,0.4475402061568743,-0.44755825,0.99620634,0.42747445460294387,0.43686020364901323,-0.47722673,0.9988948,0.4852076776060674,0.7709871029814843,0.0079768775,0.9997857,0.38874510749433633,0.7781695816569587,-0.0075370744,0.9998554,0.5173993139753338,1.0237961835293716,0.005205115,0.8853431,0.39220196292700293,1.0481270802014486,-0.1282799,0.84584504,0.3807063111045571,1.2797869361903305,0.09516471,0.07071814,0.5280078473579399,1.256944011041196,0.24167547,0.068709925,0.37504075634421574,1.3031420307682189,0.11342156,0.047709253,0.5242503456884416,1.2903537718225022,0.2626582,0.035656262,idle
0.42734139717966124,0.3307361984752552,-0.17015052,0.99983484,0.4180396746601427,0.29785153796702796,-0.15242875,0.9998437,0.4334531129339185,0.2950388383734256,-0.13784447,0.9997719,0.3934589806189098,0.32604596788587287,-0.025782868,0.9998566,0.44696649362407737,0.3096938811158165,0.037575144,0.99975294,0.4167386825109982,0.35880989937972074,-0.12303774,0.9996185,0.43919659375514464,0.34929292745645657,-0.10452175,0.9993259,0.3457970593203492,0.4343796027526121,-0.0110090505,0.99935067,0.4868785556002082,0.42732686918391904,0.08882959,0.99908125,0.3444197828448389,0.58718444913039,-0.24811724,0.9983534,0.539775694359194,0.5923313583371146,-0.14180274,0.99073744,0.5018388290984717,0.4409607204485224,-0.44326836,0.99642205,0.4276959337779531,0.45456806004108,-0.47565737,0.99894446,0.4970354675736639,0.7746189637749892,0.008256107,0.99979615,0.3943305273658324,0.778880173891525,-0.007818921,0.999862,0.5132632485872181,1.0289865724324232,0.0050533176,0.88556814,0.4013123695151827,1.0407751618268435,-0.1277944,0.84548616,0.3687305947335501,1.2795683880794477,0.10638024,0.06694606,0.5242077542725067,1.2603529404831926,0.24519058,0.066764876,0.3771405420729531,1.2980479329726942,0.12588617,0.045905765,0.524380045490713,1.2739852469840625,0.26682398,0.035020556,idle
0.43141788648209156,0.3177255753167074,-0.16921036,0.9998383,0.41277140818938496,0.29446460145399456,-0.15197982,0.999847,0.4433429348514242,0.30039252531202515,-0.13673034,0.9997775,0.3980761578302825,0.31007871803617626,-0.02496394,0.9998605,0.4473233071929742,0.3091083906746602,0.038646765,0.99976194,0.41479600223483004,0.3512524511342566,-0.12257556,0.9996217,0.4307092239602329,0.34707387380932797,-0.10334567,0.99933255,0.3507155343983269,0.44360611826351165,-0.010618614,0.99937,0.4892740937084685,0.42078115396292226,0.089142635,0.9991072,0.3555065427530989,0.5885934979097897,-0.24666592,0.9984402,0.5358428871673004,0.602376324107216,-0.14214604,0.9912887,0.5047175711821063,0.4473266927458628,-0.44152665,0.9966365,0.4219341942562197,0.43874752359796254,-0.46714145,0.999,0.4885560128343127,0.7584722025176293,0.0076102973,0.9998075,0.3960957650719532,0.7740677472582356,-0.0071938164,0.99986964,0.5136947756379864,1.0214840499913884,0.0034555532,0.8854738,0.4020603690535731,1.0511293933503676,-0.12377956,0.84443444,0.37131480077466583,1.2695288030470846,0.117889166,0.06298166,0.5181551704810471,1.2580027435425403,0.24547262,0.064076096,0.3835399635958966,1.303978274732845,0.13799164,0.043849442,0.5290851655132653,1.2865200386307876,0.2674225,0.03394595,idle
0.431407820263184,0.3144318180731508,-0.16891621,0.99984,0.4099501917376617,0.3041139935137515,-0.15126786,0.9998487,0.4306895527359579,0.3038850440176278,-0.13609533,0.99978065,0.3934346020772793,0.3225982537157024,-0.02191202,0.9998631,0.45966763122911425,0.3038059529577388,0.03946823,0.9997688,0.4171041979226653,0.34353483107959537,-0.121277705,0.9996213,0.4400292583395744,0.34780946260143275,-0.10271357,0.99933344,0.350859560163005,0.43226191526311,-0.005364152,0.9993896,0.49270523855212833,0.4236192989781527,0.09082187,0.9991299,0.34451589367965363,0.585174769792271,-0.23799276,0.9985191,0.5456799555527057,0.5925060674003753,-0.13932884,0.9917751,0.5054521182973497,0.44163321272583184,-0.44124335,0.9968273,0.42221882315164505,0.4403008697332638,-0.4533667,0.99904954,0.48606453296939567,0.7669396316165962,0.006585844,0.99981755,0.39538873329297153,0.7762118892321217,-0.006175428,0.99987656,0.5200143381419289,1.0252534268187645,0.0019587812,0.88468647,0.4000905893928024,1.046955039558815,-0.12253431,0.84307086,0.3768236219651828,1.2753445688096794,0.12118542,0.059326798,0.5199784692863112,1.2568678474558768,0.2491788,0.06150176,0.37142392770632016,1.3066070165624348,0.14136782,0.041985486,0.5203623219330732,1.2852028581232824,0.27206686,0.032934956,idle
0.42222333522036903,0.32087765011734753,-0.16758968,0.99984175,0.39697783782289986,0.30616129684783544,-0.14903048,0.9998502,0.4374665348224871,0.2853900647165273,-0.13522962,0.9997842,0.3905646946987529,0.32140492974840884,-0.018049618,0.99986506,0.45824122676708756,0.31742026504998416,0.039672155,0.99977577,0.4121243592827144,0.34965297992546224,-0.11837655,0.9996189,0.4334937063659908,0.35831526190101487,-0.10153921,0.99933314,0.34435808959058467,0.43964269087910157,0.0015335209,0.9994048,0.4983040974343135,0.4209768049090871,0.092407554,0.99915427,0.34363133454368777,0.5846351198611558,-0.23304448,0.99859506,0.5327373436515663,0.592999414999466,-0.13716395,0.99226886,0.4966780484561868,0.45257204603006423,-0.435049,0.9970324,0.42452052354968683,0.44330659928749194,-0.45227164,0.99909824,0.48054532334258815,0.7637776925146218,0.0053414535,0.9998274,0.39774263216641004,0.7688028989198932,-0.0049323374,0.9998832,0.511863133040513,1.0320348635594163,0.00095825194,0.8828405,0.3951380553788716,1.0393315535343126,-0.123080745,0.8393933,0.37954602323182374,1.2731417177781532,0.12092396,0.05548634,0.5218461294209386,1.2593396696426813,0.25033087,0.05889394,0.37707934632666495,1.3031215032753316,0.14135155,0.040060703,0.5149296237898593,1.282334650030094,0.27336332,0.0319007,idle
0.4308702472714485,0.31683869348523747,-0.1673353,0.9998424,0.41427345782621494,0.29994495299653146,-0.14864616,0.9998507,0.4370005635921368,0.3025375636935379,-0.13477507,0.9997861,0.3943745696100601,0.3247915135353592,-0.016458618,0.999866,0.4509525517971811,0.3093536769392121,0.039680608,0.9997811,0.41833520932427415,0.35178792398478365,-0.117501654,0.99961716,0.43509813700393063,0.34288140724939015,-0.10113168,0.9993355,0.34624659007446423,0.44334513067639425,0.0037878025,0.99942034,0.4984001822356431,0.4327786239906223,0.09120454,0.99917,0.3470328209150454,0.588297540189293,-0.23224,0.99864715,0.5431584020073534,0.5988479267082312,-0.14221469,0.99267095,0.5057588393236546,0.4433728599535342,-0.43953067,0.9971965,0.4220268135694144,0.44503298116006307,-0.45175013,0.99913734,0.49181536966348105,0.7685729146484657,0.0039908066,0.99983454,0.3935867598205449,0.7751181626310832,-0.0035539034,0.9998886,0.5095300362335375,1.0242679767138134,0.0009831104,0.87792957,0.3973530720962086,1.0326475533492594,-0.12290778,0.83188194,0.37788508468657456,1.2748041866571695,0.118039325,0.05182768,0.5194879398011782,1.255560397920885,0.25112325,0.056060143,0.3798282200966543,1.3072527921206114,0.13785361,0.038129993,0.5266734646565019,1.2805309733003547,0.27414167,0.030591905,idle
0.4333230152341233,0.3215199612237596,-0.16747725,0.9998408,0.40719378054396727,0.3061129091143871,-0.14848888,0.9998493,0.4305117879758582,0.2946347794471338,-0.13527504,0.99978536,0.39759730864668863,0.3187554885559166,-0.015811753,0.99986553,0.463785719980382,0.3078223447470212,0.03927037,0.9997837,0.40947853747109253,0.3471959014061655,-0.11741799,0.99960977,0.44468262991701357,0.3429983700658648,-0.10146121,0.99932647,0.3371010963433534,0.4335073557960812,0.0039448184,0.9994284,0.5005641710377182,0.4283936742187254,0.08935972,0.9991759,0.3492142474526513,0.5899259666509172,-0.2327868,0.9987002,0.5446278828144112,0.588502653334384,-0.147749,0.99303025,0.506997084687828,0.44571492565275095,-0.44626626,0.997349,0.41178155807888894,0.44530176694950235,-0.45719856,0.9991747,0.49266520508366063,0.7756911016376763,0.0035229144,0.999841,0.3867471728103242,0.7826750400619311,-0.0030751831,0.99989325,0.5095059111864331,1.0273874961748888,0.0011385308,0.8739817,0.3989888767345774,1.03491106025392,-0.1222623,0.82620454,0.3860237480328559,1.274419275329237,0.12033874,0.04853491,0.5214495465755902,1.2658148966837566,0.2521441,0.05361623,0.3686817845439725,1.2972968982285262,0.14014308,0.036327053,0.5257672982110793,1.2864971561721463,0.2748226,0.02941912,idle
0.43113546793533275,0.325973921518296,-0.1677507,0.9998407,0.41523157068298566,0.30753451161373346,-0.14850853,0.99984837,0.43652836461913846,0.29892293229766853,-0.13558617,0.9997862,0.3908278627864725,0.32195403337808065,-0.015893055,0.99986476,0.4401579832598471,0.3127089222843783,0.039385244,0.9997871,0.4146187681220108,0.3534704831264605,-0.117502674,0.99960244,0.43228008295246734,0.3412701536409839,-0.10173825,0.9993194,0.34347783481328575,0.435587400009918,0.0037661337,0.999423,0.5070440459623174,0.4211528841704512,0.08911894,0.9991887,0.3446128428129088,0.5867036136484386,-0.23370504,0.99873877,0.5353570802506693,0.587583059199826,-0.14568676,0.99337125,0.49497523595010773,0.4480011879220633,-0.44547898,0.99749583,0.4191999752836708,0.4490872573747652,-0.460876,0.999199,0.4970048847416271,0.7602205376697655,0.0032201547,0.9998475,0.39287823784608267,0.7791014043111898,-0.0027681796,0.99989724,0.5067698065999995,1.0268580941125562,0.0011421058,0.8705239,0.3874423098020576,1.0491522738647088,-0.12188856,0.8189148,0.37967091709228495,1.280052847837693,0.12393848,0.045229044,0.5253670943609698,1.2530506836202322,0.25255698,0.051281925,0.383070074379084,1.3089178392621414,0.14414951,0.034529284,0.5270462571035509,1.2882496538137467,0.275265,0.02833884,idle
0.43621877389494523,0.32647076562467314,-0.17171745,0.9998444,0.4128802199950571,0.3011098562941048,-0.15019804,0.99985117,0.43652016242443203,0.3020232941653527,-0.13839896,0.99979335,0.39401083592416586,0.3194904441852413,-0.015160108,0.9998666,0.44933602311864285,0.31137251064615756,0.038554404,0.9997968,0.41401408149938745,0.3480144593739862,-0.11996539,0.9995983,0.43990962201681383,0.3457748090869193,-0.10562259,0.9993236,0.35307748349616064,0.4300158086556161,0.0037855182,0.99941903,0.4929826418026463,0.42800234667731907,0.08975807,0.99921095,0.35350417719558547,0.5878592873443934,-0.24556664,0.9988061,0.5458735619920907,0.5930600254200799,-0.14419942,0.99388015,0.5170827491103458,0.4506837128143176,-0.44735822,0.9977021,0.43682407256860944,0.4470330931934549,-0.49712044,0.999245,0.49579898730769645,0.7721457208224085,0.0033691954,0.9998568,0.3870416888208964,0.7782539559686527,-0.0029193538,0.99990326,0.517692663243309,1.0301999028240036,0.0015145757,0.86541647,0.3909529529832154,1.036903199007099,-0.1164636,0.8090463,0.3718044874632035,1.286207512766093,0.1489606,0.041497506,0.5321708904199431,1.2755266989679435,0.25539201,0.04789831,0.37330933458617443,1.3230791867812473,0.17115368,0.03212929,0.5206151164249713,1.2970077447776336,0.27793753,0.02678515,idle
0.42628491906290844,0.3153476051295751,-0.1742002,0.9998495,0.40543867948045575,0.28784820735685945,-0.15183106,0.99985546,0.4300481531295849,0.29390738888452844,-0.13974375,0.99980193,0.39321082930680373,0.3261067377701763,-0.015787754,0.9998699,0.45625611212844364,0.3104409983912868,0.038189314,0.9998057,0.4155010807250391,0.34877489123180455,-0.123312436,0.99959916,0.4446125943440947,0.3379467918722539,-0.10840495,0.99933106,0.34635673802670663,0.44080659445136217,-0.0073943944,0.9994107,0.49767639099146865,0.43430470614086397,0.09017687,0.99922097,0.3467074860381366,0.5961742383229012,-0.27970484,0.99887687,0.5465108368183935,0.5910659456511247,-0.1497185,0.9942986,0.5228363837556051,0.44815180447097164,-0.47764784,0.9978852,0.42976458064606193,0.44482818950797526,-0.54151213,0.9992937,0.4905749505826096,0.7721294061851582,0.004155166,0.9998642,0.386600565449273,0.7766331137861254,-0.0037305471,0.999908,0.5152141801262584,1.0332243234674452,0.0013616878,0.86127967,0.40448759452656113,1.0463275898583935,-0.11602497,0.80054903,0.3777676850780832,1.2873784540957538,0.15860268,0.03812792,0.523100797546447,1.2781206326465693,0.24714811,0.04509492,0.37855025437560286,1.324527697486533,0.18172297,0.029899584,0.5198457492848785,1.3020562159174898,0.2680814,0.025487415,idle
0.4240328922550747,0.32187883723703037,-0.21002069,0.99985486,0.40683381427036536,0.30415983652065054,-0.19017676,0.99986166,0.4326854385185498,0.3006481030886998,-0.17270343,0.99981,0.38645852996390084,0.3172386969501125,-0.061501205,0.99987626,0.4488679027086294,0.29883984075926623,0.017749026,0.99981177,0.41203289527962383,0.3539785079961159,-0.16237678,0.9996134,0.43856819458531004,0.3458389718221866,-0.14020044,0.99934834,0.34727229973769447,0.4297937512610381,-0.065018006,0.9994285,0.4943764811643957,0.43389410246831955,0.090292715,0.99921983,0.33591761452868274,0.5892414865835984,-0.35429996,0.99895203,0.5433705000038791,0.593065756752842,-0.14867602,0.994516,0.5554578904398344,0.4514447402243661,-0.5269741,0.99801844,0.4206709788590275,0.43487223011674886,-0.61987334,0.9993432,0.48298307225698767,0.7708060798128346,0.014410081,0.99986637,0.3991478251675863,0.7834088337332249,-0.014019797,0.99991035,0.5192480196214422,1.0357947492631094,0.014791685,0.8594469,0.3933477488814747,1.058340883227581,-0.13032924,0.7986681,0.3839836250177926,1.2946773450940354,0.14882922,0.036131043,0.5199114166718322,1.273142157703822,0.2520741,0.044318773,0.37625639620942297,1.3256809652914945,0.17177306,0.028846644,0.5234586943142465,1.2991868119717593,0.27099648,0.025266014,punch
0.42974892058272074,0.31114367543090904,-0.23546585,0.99985915,0.41017906411212535,0.3057487744122753,-0.21654955,0.99986684,0.43808061776420937,0.30833929404744903,-0.19840671,0.9998134,0.39040457143211005,0.3216303911566363,-0.0830363,0.999883,0.4525139771002511,0.313600240775227,-0.0020217262,0.9998123,0.407051105897541,0.345008268224689,-0.18586074,0.9996386,0.44366125584299254,0.33574260999848526,-0.16321737,0.9993831,0.3461290767456908,0.4344166064329757,-0.08782706,0.99946123,0.48895835924632436,0.43352509047111965,0.09888279,0.9992282,0.35005280244272785,0.5814002207799891,-0.374285,0.99901074,0.5543067204054104,0.5588652421776731,-0.107068434,0.9941651,0.6093977265020313,0.43963288347912177,-0.52283305,0.9980281,0.4230843585284231,0.4395253873776226,-0.642675,0.99938524,0.4898334918916767,0.7754958215198211,0.017780341,0.999857,0.39301365692415646,0.7774901301901658,-0.01736622,0.9999064,0.5174611683961856,1.0425880777953223,0.023295375,0.8575597,0.39308422620035477,1.0440573265307262,-0.13109818,0.79947627,0.39133089755137473,1.2826750377855487,0.14314756,0.036575876,0.5190609768949273,1.2690441608199918,0.27913004,0.047152318,0.3757189570171372,1.3099278002337573,0.1648203,0.030154005,0.5285047475406335,1.2935805061382888,0.29910722,0.026820892,punch
0.42972138188885056,0.32442870211328845,-0.21760097,0.99986243,0.41199819905246404,0.30129251012662756,-0.19835079,0.9998732,0.4424451119371017,0.30189756153708297,-0.18183649,0.99981403,0.3927729222563462,0.33186782093060346,-0.067736164,0.99989057,0.4493421083822491,0.31041150538639894,0.0063560954,0.999812,0.41417717657774467,0.33883808926451625,-0.16909508,0.9996625,0.4360884458153782,0.3454297375692725,-0.14849105,0.99941176,0.3500180378654124,0.43704887290221955,-0.07489249,0.99949765,0.49534967717938705,0.4233147184604038,0.12683678,0.99918467,0.3406875284679991,0.5775315079135005,-0.34133574,0.9990264,0.5668490449155914,0.531210943556956,0.00079493935,0.99124676,0.6422046582195797,0.43462282472900143,-0.3641301,0.99675936,0.42395060709203347,0.442611584366296,-0.59888434,0.99939674,0.48974542833913415,0.781413873833152,0.017301405,0.9998424,0.39003149952802774,0.7872713221109516,-0.016884979,0.9999018,0.5048391351921574,1.0365938852860652,-0.021283505,0.8630102,0.3907333816275098,1.0486072015306247,-0.121696375,0.809693,0.36835609278178383,1.2736749979429585,0.143713,0.04331161,0.5346640458984541,1.250969441687018,0.23017009,0.054261506,0.37556124875233854,1.2987156098805195,0.16403049,0.033821844,0.5290689205149774,1.2906259659403836,0.24967141,0.029484987,punch
0.438716901466807,0.32785885885215577,-0.21210158,0.9998646,0.39497018836569886,0.30132669439964255,-0.19254954,0.9998784,0.43955688293426776,0.3002520640478919,-0.17624839,0.99981356,0.3923911688619486,0.325796347961056,-0.06260654,0.999897,0.4500718702842459,0.30760679919420036,0.009970074,0.9998105,0.4138495562645067,0.347210157066181,-0.16408272,0.999683,0.44273879767278035,0.3453349091231075,-0.14382175,0.9994356,0.3486913032080099,0.4428923215678358,-0.07285161,0.99952906,0.49250863886742846,0.43530293424784644,0.13257407,0.99914384,0.3433924652197373,0.5895718251532537,-0.33976686,0.99903715,0.5663251252494643,0.5216681352573292,0.0037933725,0.9887172,0.6462576575142943,0.4352625630529389,-0.3608691,0.9957582,0.42371325491795997,0.4325262736228403,-0.60079783,0.9994065,0.4881710181775808,0.7684831558776068,0.01730219,0.9998283,0.39407213652746864,0.7752325928843551,-0.016886776,0.9998969,0.5132683993651931,1.0285511809671366,-0.029283771,0.8673377,0.3974187915154681,1.0433870828050127,-0.116861366,0.81820565,0.3639504344858351,1.2670033973860564,0.14462146,0.04908341,0.5234067516627176,1.2583211761960504,0.22088115,0.060740165,0.3690639738117687,1.2946134918985521,0.16433236,0.03696033,0.5303469506131508,1.2775204771268487,0.24044454,0.03185765,punch
0.4217773459148233,0.32022172508638364,-0.27077392,0.99987346,0.40777950433449817,0.2979620923144895,-0.24812457,0.99988544,0.43917857251421055,0.3009270292910315,-0.23872569,0.9998184,0.39070915575167964,0.32935686205296033,-0.099082336,0.9999027,0.45107398463654236,0.3123720042928856,-0.059496135,0.99981993,0.41275080021068233,0.34969893013575154,-0.21433654,0.9997113,0.43896589318006674,0.3457415527450414,-0.20345387,0.99948597,0.3357431308102312,0.43764359900278377,-0.09556547,0.9995655,0.4922134266037965,0.4188500717706408,0.08067547,0.9991889,0.3520900109572078,0.5907910146537129,-0.33208337,0.99894565,0.6122608891614267,0.45660313927560575,0.12489663,0.9890053,0.7242096267901961,0.4398250388104393,-0.029458214,0.99455655,0.44453705172139535,0.4329011556388113,-0.6453169,0.99940425,0.49213105019635073,0.7678407689393119,0.01686178,0.9996464,0.39606311500263636,0.7683391902780639,-0.016445495,0.99978215,0.5150770691904027,1.033316121635475,-0.048186373,0.865852,0.39436752795673236,1.041797896541604,-0.10649736,0.8242633,0.37115275260706204,1.2681409990668766,0.19893873,0.07274599,0.5271633712829913,1.2611956746439925,0.22558248,0.08387991,0.37483642872671674,1.29275316152994,0.22242859,0.052003615,0.5262793462114113,1.2840745902305193,0.24654552,0.041595288,punch
0.41791436620079614,0.3246142097421967,-0.27447987,0.99988,0.4042573281770089,0.2968377301183492,-0.25216037,0.99988997,0.4503402741039306,0.3054063247259184,-0.24309242,0.999818,0.3804962012563453,0.32210006358102156,-0.103614405,0.9999063,0.4474603903398685,0.31069060899021556,-0.06577874,0.999825,0.4055927561689763,0.3468793134401211,-0.21812415,0.999736,0.4337959641670873,0.3511463498625665,-0.20761375,0.9995304,0.348911280528599,0.4443039703786384,-0.09824075,0.9995954,0.494497455913642,0.42400946785906984,0.06754916,0.9992218,0.3504686671273999,0.5889132234939183,-0.32898876,0.9987752,0.6187027382384912,0.44848503710652254,0.12305862,0.98904055,0.72845885627775,0.44014400857740466,-0.025232524,0.9927758,0.43551788121822055,0.43919527056559465,-0.64248925,0.9993692,0.48715171592164663,0.7682365734699054,0.016562087,0.99942344,0.4022416629475324,0.7708277818339746,-0.016236197,0.99963677,0.5138916904140408,1.0296552109504318,-0.046575405,0.8656621,0.39037102014080494,1.042632710970008,-0.10112421,0.8307917,0.36814797651679076,1.2668195460895675,0.22264245,0.10186429,0.5295727614387247,1.2583365520913659,0.23047686,0.11295764,0.37147738065442826,1.291143987144552,0.24800456,0.06971599,0.5319351698288143,1.2800647568641528,0.25143072,0.053275704,punch
0.41734741574486434,0.3260303178976356,-0.26269776,0.99988544,0.40562546943472155,0.30397584188451054,-0.24095137,0.9998931,0.43183404087264554,0.29696605907099083,-0.23175724,0.9998168,0.38636442603658283,0.3215750407475567,-0.0979045,0.99990803,0.4434059625580423,0.3175494636484629,-0.06015014,0.99982744,0.4138485060177506,0.34815409870053143,-0.20863548,0.9997574,0.4381149496031782,0.3481055346931733,-0.19797215,0.99956936,0.34616153908032565,0.44483594713054747,-0.09870022,0.9996208,0.5000330415668965,0.42083573330075136,0.061449308,0.9992522,0.35039153440253057,0.5837228468733299,-0.32666728,0.99862754,0.6074253466722789,0.44631728987051955,0.10688839,0.9890766,0.7368512734843685,0.43969289458166005,-0.045914896,0.9914508,0.44441548643372264,0.4357861674330383,-0.63130635,0.99934417,0.48191672831142895,0.777045303308264,0.015829405,0.99917585,0.3989483831484789,0.7656429421928551,-0.015580624,0.99946487,0.5166783585069823,1.0308208562986674,-0.048562028,0.860397,0.3944158044516466,1.0460601839707269,-0.09818284,0.83312565,0.37221890591624796,1.2583786511740576,0.2080334,0.122662134,0.5239743482423305,1.2502712565845855,0.21273704,0.13584392,0.3710738430124021,1.2754239606347895,0.23161623,0.0833664,0.524532007765097,1.2699516822306784,0.23208621,0.06221502,punch
0.41799761696578996,0.3299554605372646,-0.25445548,0.9998897,0.3945386473580832,0.3097488436871809,-0.23625097,0.9998963,0.44002228761796736,0.2845437790991809,-0.22060895,0.99981475,0.387385118542795,0.3230778168665186,-0.09692824,0.99991024,0.4557002871895205,0.30745845003992966,-0.042696845,0.9998273,0.4116782984988385,0.36129613544940303,-0.20179772,0.99977607,0.43111062299819547,0.3429414744044613,-0.18512905,0.9996025,0.3581621485036536,0.43545904553821024,-0.089395225,0.9996462,0.49221288262956564,0.4140891456547641,0.06942455,0.99925894,0.34551487510705114,0.5719847389778345,-0.3243797,0.99852747,0.6191697500875576,0.4755675322202434,0.11773758,0.98874915,0.7223235253847989,0.43717783963114315,-0.04525066,0.9901014,0.4369487590894997,0.42706534923965117,-0.62834316,0.99934036,0.49046412031356057,0.767402768010601,0.015606572,0.9989083,0.390264708734385,0.7732026139513998,-0.015348986,0.9993086,0.510496315547436,1.0306483176204837,-0.06370388,0.8550884,0.39068669050137883,1.0441223171218952,-0.10065331,0.83585584,0.38321690410716447,1.2665994763107788,0.19290349,0.14106378,0.5302029539298969,1.2451705176521244,0.18019234,0.155701,0.3700194333129888,1.2892212186080465,0.2155329,0.094782084,0.5259787075044795,1.280295154534649,0.19810066,0.069405355,punch
0.4274562913564013,0.3282059592090701,-0.20228073,0.99989384,0.39597592929054826,0.3089684774211073,-0.18094754,0.9998996,0.43836277387611156,0.28401535461306854,-0.16956598,0.99981487,0.3841730163147774,0.313112199836878,-0.046101548,0.9999129,0.45836664889273215,0.3107590594461498,0.00033204575,0.99982864,0.4086392703255266,0.35322063994362823,-0.15132484,0.9997928,0.4294508927620384,0.34731673321859274,-0.1379467,0.99963236,0.3511148316602696,0.4433002428487625,-0.06541045,0.9996702,0.4983435289903354,0.4145937065000758,0.11322113,0.99927455,0.3443539870445981,0.5704261500097639,-0.30692783,0.99841803,0.6044451812228163,0.48254727386432233,0.1443564,0.98768806,0.7122764545782494,0.4449131395506236,-0.04639355,0.9888835,0.4471137290031897,0.4411078173118222,-0.62548685,0.99932843,0.4891867445407667,0.7569199458676003,0.016854243,0.99869376,0.3819573079605598,0.7752693514976536,-0.016598932,0.99918187,0.5127552887678383,1.0323209398111515,-0.0747381,0.85378236,0.39222509311532006,1.0576944173734668,-0.10278771,0.8407251,0.3634507027723015,1.257538287298147,0.1870369,0.16408616,0.5212880288882669,1.243807521750067,0.16270384,0.1807415,0.36783259642294797,1.2795253399688225,0.2081958,0.106791764,0.5262242277606619,1.2830904225267266,0.18028699,0.078397945,punch
0.42249725053536247,0.3206352205404865,-0.14626537,0.9998953,0.3984628502089812,0.3046114848756995,-0.123614326,0.9999003,0.43820967626121754,0.304703779122446,-0.11141763,0.9998129,0.37950214838593754,0.32646114677176413,0.00054758374,0.99991226,0.4401051472919483,0.3102908837695415,0.05449087,0.9998245,0.4073863358877414,0.35100901616275315,-0.10077804,0.9998026,0.42707050625883247,0.3376469478452826,-0.08551106,0.9996506,0.3351206397052332,0.43622423277541167,-0.034614116,0.99968255,0.49156246982605145,0.42906356886080727,0.14891423,0.9992744,0.3468126817888624,0.567616649323823,-0.29300272,0.9982598,0.5950474106466108,0.4843161781000548,0.13693169,0.98686576,0.695852771187993,0.4473006186780627,-0.07808389,0.98853785,0.44544052844651705,0.42770674366565586,-0.5787141,0.99929166,0.48581439768619206,0.7639845243670267,0.01836904,0.9985342,0.3833962239464064,0.7662347014894691,-0.018133659,0.99907863,0.5154853349112456,1.0244819501342568,-0.078030035,0.84817475,0.3992117485014567,1.0389776043053056,-0.10868953,0.8385099,0.37169643674833,1.2586602518466772,0.1683419,0.17122246,0.5188825024172863,1.2455765709641504,0.13400283,0.1947658,0.3708075807989323,1.286076809198318,0.18907976,0.10944302,0.5313923802049316,1.27376437024644,0.14949593,0.081941016,punch
0.41505254363604416,0.32161814044244336,-0.14059153,0.99989504,0.3916787892510615,0.30683685453551535,-0.12012656,0.9998986,0.42949512180101534,0.2925185895430551,-0.10811736,0.9998096,0.38520837129163676,0.31327623842985414,-0.0031345957,0.9999088,0.44497594895152026,0.31126372416642806,0.05002343,0.99981874,0.4035178206548926,0.35109808524520436,-0.09765123,0.99980855,0.43375075296213095,0.35415755116768444,-0.08257953,0.9996632,0.3340413200018306,0.43684242351792635,-0.028774858,0.9996848,0.49313969135484026,0.4328206165096964,0.13864288,0.99927634,0.3461919454163298,0.5685675588369017,-0.25476733,0.9980035,0.5797341550152573,0.49811924426953397,0.102114476,0.98561364,0.689582388595285,0.43844213621225625,-0.12718138,0.9882801,0.43611145528521156,0.43143982767854205,-0.48956838,0.999211,0.47612223178798985,0.7667508342939509,0.01815216,0.99847925,0.396445158368373,0.7812465275431035,-0.017906949,0.9990295,0.5020578543573384,1.0198315495256656,-0.072925664,0.84261143,0.3972392670750635,1.043374495833426,-0.10881053,0.83774,0.3641655470319869,1.2494539574623642,0.1551508,0.1781115,0.5193025027993745,1.2463180969588386,0.15905821,0.20334291,0.3681626870729131,1.2767590647049103,0.17497426,0.111324936,0.521917015978278,1.2675487398551564,0.17574373,0.08360226,punch
0.41525805995084697,0.3332926242494865,-0.15650807,0.9998916,0.3989670362132762,0.30245348283397255,-0.13607606,0.9998957,0.4329193146082281,0.303423042244585,-0.12304932,0.99980193,0.3760007952440739,0.3190602526977632,-0.015128344,0.99990666,0.4452727914797493,0.3159109180055993,0.042676125,0.99980664,0.39872345840523393,0.3542827543378937,-0.11191617,0.99981105,0.4339916391223707,0.34902377773663074,-0.09555843,0.99966353,0.3356147378325426,0.43753116454711116,-0.035237484,0.999686,0.48302073783891875,0.42360654378853174,0.13949135,0.999246,0.339501110212188,0.5703607275057425,-0.27009493,0.99785286,0.5611966806345994,0.5141351407562846,0.09240883,0.98303884,0.6709657569090917,0.4548337193833217,-0.20651288,0.98751754,0.42952472494217353,0.42736345874556714,-0.51681864,0.99912924,0.4744152945758441,0.765987875596967,0.019378942,0.99848014,0.38610982877716427,0.7711966698028768,-0.01914682,0.99902946,0.5184439707734876,1.0284021675798358,-0.0555727,0.8391918,0.39416930444588705,1.038828224602495,-0.10897054,0.83576745,0.3692762867355417,1.2503681319411648,0.15597348,0.1795228,0.5308284141717294,1.2387122529982542,0.171021,0.20913544,0.3799938362861628,1.2870309103078599,0.17624678,0.109894514,0.5151773513833263,1.2649653131064793,0.18821451,0.08463893,punch
0.4137675872629749,0.32338468062638126,-0.16578683,0.99988425,0.4000452473330435,0.29894439698053826,-0.14820035,0.99989116,0.43215950096688827,0.29508840201149883,-0.12589623,0.9997905,0.382761606558244,0.31765948646976283,-0.0326505,0.99990547,0.44109531392208556,0.31445475736222095,0.034029398,0.99979067,0.4026891582770663,0.3493361917007601,-0.123993695,0.9998102,0.4248827125739548,0.3466326090031557,-0.09592318,0.9996531,0.3355853771347894,0.43756848628388006,-0.05150798,0.9996803,0.4789132339384544,0.43457625075397127,0.13781963,0.9991902,0.34264803537882527,0.5677576083802767,-0.31173173,0.99776006,0.5457939048300399,0.5243656402366159,0.04160541,0.97831094,0.626738352364332,0.4567708483266416,-0.31341714,0.98648936,0.4306382896565051,0.4346330545141891,-0.5601196,0.9990598,0.48082161421465663,0.765134579145619,0.021711906,0.998517,0.3705257455369698,0.7790334404607313,-0.021452084,0.99905175,0.5071787638955629,1.025765290454474,-0.049137913,0.8403205,0.3955137997925351,1.041404901942855,-0.10914008,0.8343753,0.36987391308157125,1.2588367998610335,0.17665097,0.17511408,0.5193003766395357,1.2404869704414194,0.17550476,0.21143182,0.3709922069404915,1.283177130688748,0.19874437,0.106358424,0.5158816256205196,1.264312447121475,0.19235456,0.08476956,punch
0.4183634260607293,0.31248277390202883,-0.17737597,0.9998596,0.39358494813192557,0.2970082488180132,-0.16163278,0.99986845,0.41834250683169627,0.2964046235702576,-0.13795021,0.9997504,0.38409493516665905,0.31678810779061933,-0.047252115,0.99988544,0.436223491875953,0.3097255500732596,0.032890208,0.9997367,0.408222474607543,0.35397434646114867,-0.13597058,0.999782,0.42810049257397864,0.3413620911881955,-0.105329,0.9995966,0.3249544759979811,0.4369820154708474,-0.059376854,0.9996457,0.48761076608799536,0.42371809523667125,0.13305518,0.99911475,0.33840855111911483,0.569735762076939,-0.32340845,0.9976424,0.5289227167699286,0.5494870286913216,0.01560718,0.9751915,0.6223015367639172,0.44666085526188654,-0.33340773,0.98600626,0.42784678723875547,0.43114640236517,-0.57622945,0.99898726,0.47628660319633354,0.7673501651454527,0.02183084,0.99851614,0.38890352212153556,0.7731749405908145,-0.021564802,0.99903876,0.5061340460155849,1.0175287978097889,-0.061792858,0.83831054,0.3929578121519115,1.0539447288206003,-0.109899744,0.82757074,0.3749553224396296,1.266796953585049,0.16465715,0.16837774,0.5247033547830078,1.2368679952528985,0.14103523,0.20969558,0.37645803575348136,1.2771489343010585,0.18458995,0.102258116,0.5180402178851815,1.273520649715826,0.15583082,0.08355157,punch
0.41041307288547935,0.32664646023751054,-0.20227818,0.99981326,0.3997721005109497,0.3081576115782374,-0.19067417,0.9998312,0.4261819389339624,0.29386372695974067,-0.16487198,0.99966884,0.37824292356926315,0.3196718072053723,-0.08716254,0.9998542,0.4350004841567746,0.31418471994389974,0.02186868,0.9996224,0.3998791094987343,0.3467331609129097,-0.16332981,0.9997352,0.42369054978693943,0.34968501406857255,-0.12925124,0.99948204,0.32368914980195385,0.4385078288673414,-0.09145683,0.9996027,0.4722369401031653,0.43449332520887834,0.13055125,0.9989733,0.3421341398794129,0.577215189168134,-0.36769348,0.9975711,0.516971953765164,0.5585501338140941,0.027248928,0.97141844,0.594449516506609,0.45736509458819974,-0.299888,0.98575795,0.43324577035174594,0.42484346032384335,-0.62672746,0.99894786,0.4665790339258925,0.7662605947469814,0.024703316,0.99846745,0.3831743710099128,0.7789587120659807,-0.024405321,0.999007,0.5062957095783467,1.02080304305778,-0.05877865,0.83257526,0.40552120913337464,1.0461004510310794,-0.11855732,0.81255466,0.36275933980296016,1.2558605098551767,0.14745721,0.15977558,0.5228309204636615,1.2401359869420951,0.15017891,0.20389825,0.3677422211209246,1.2886015796719275,0.16663803,0.09801367,0.5200782311301286,1.2727900591645447,0.16565259,0.08138205,punch
0.4082971730866026,0.3288863772278305,-0.20249291,0.99973553,0.3982105510056019,0.30255430981539355,-0.18913773,0.9997657,0.43518172311687997,0.288549169832315,-0.16525967,0.99955237,0.36840123160598637,0.3236605456512112,-0.079497695,0.9997987,0.43381250189391973,0.3083373054681779,0.023282249,0.9994917,0.3992752792770393,0.34991591300773045,-0.16131571,0.9996516,0.42105982251750584,0.3534990228787276,-0.1295475,0.9993227,0.31798949219979866,0.4376365374496312,-0.083182916,0.9995345,0.46571873948277365,0.4386491503854864,0.13129428,0.9988662,0.33874610240337244,0.5774995781642109,-0.36763197,0.997378,0.5240304672826899,0.5888287831639867,-0.0076567316,0.9685152,0.5660897038080706,0.45626491711228734,-0.3732643,0.98586655,0.4309823283427724,0.4312815893186124,-0.62536263,0.99883974,0.46796706241121555,0.7555183049715228,0.026292345,0.9984457,0.37501874915758393,0.7819036392047989,-0.025998896,0.99897534,0.5082568135194759,1.0316280762180996,-0.096517734,0.82491124,0.39345521075338763,1.037586671506335,-0.1300433,0.7986022,0.3764947127104542,1.2640413552809222,0.15618862,0.15154095,0.5215153337295773,1.24475542852949,0.14374775,0.19868092,0.37367216372995515,1.2851091531283503,0.17850792,0.093223535,0.5167730731929916,1.264277614449836,0.16246054,0.07960508,punch
0.41013239231347864,0.3295253429985611,-0.22487147,0.9996727,0.3881946679771694,0.30257875976942916,-0.21032152,0.9997085,0.4227243880994064,0.2980863951382127,-0.18776467,0.99946165,0.37674244703613924,0.31737122878269747,-0.09740503,0.99974686,0.43680103253404623,0.30561436114734497,0.0057569086,0.9993733,0.39027509997927834,0.34593221671883184,-0.18178329,0.9995619,0.4185363395906354,0.3518398290686199,-0.15202388,0.9991496,0.32639266995899685,0.44083231806869544,-0.09357303,0.9994528,0.47165392038444176,0.4463286848628108,0.1135905,0.9987567,0.3378345581846737,0.580900527045233,-0.3679725,0.997258,0.5210720225644943,0.5992992770354965,-0.0385629,0.9678553,0.548735927670778,0.46788332354013257,-0.3969213,0.9865183,0.419790246950852,0.42616805269706604,-0.61968833,0.9987613,0.47689423440732304,0.7567826427787708,0.026232455,0.9984703,0.3788337267980977,0.7809455770059089,-0.025950883,0.9989912,0.510367797847838,1.01207681667263,-0.059039928,0.81493217,0.3923156704756954,1.0466010535357482,-0.12829688,0.78111506,0.38430246294654824,1.26685350072362,0.16984412,0.14095525,0.5182371715916242,1.2361103894536278,0.19324157,0.18762179,0.3742535195803991,1.287869108238426,0.19359122,0.08770727,0.5158384066937883,1.26670920106814,0.21420357,0.07610148,punch
0.4129983286923845,0.3333588915674508,-0.2333901,0.9996427,0.39239728396662077,0.3080988051350154,-0.21799333,0.9996824,0.41437238530964726,0.3027832315630451,-0.19767246,0.99942183,0.3770270746212173,0.32303373373385597,-0.10021728,0.99972403,0.43531395424784025,0.3181952972139985,-0.0059987186,0.99931186,0.39411583325863564,0.3502026709170129,-0.18826851,0.9995084,0.4415467710462535,0.35098305752893194,-0.16154028,0.99904037,0.33105671453518093,0.436133872899353,-0.09078054,0.9994011,0.46914451905586196,0.44703315933054005,0.09676598,0.9986671,0.3364579600084313,0.5876413926121442,-0.35567194,0.99717027,0.5233304504681471,0.6009056980209154,-0.07626623,0.9672525,0.5409645762415445,0.4608166810033896,-0.44618192,0.9868697,0.4139949202748433,0.42354568276655413,-0.6090008,0.9986659,0.4820398459034555,0.7706739342951803,0.025838986,0.9985274,0.3747220928342354,0.7657368359005576,-0.025568929,0.9990334,0.5063527637750913,1.0154005262384083,-0.011634124,0.8106151,0.3859008182781497,1.0374510139553677,-0.13163912,0.77556765,0.3734762561864642,1.2617573822046178,0.15946592,0.13376538,0.52064287285231,1.2333887734567264,0.22888799,0.1791041,0.3718808428494579,1.2940998252411864,0.18324293,0.084237956,0.5163274962978577,1.269849928140423,0.24889791,0.07321897,idle
0.408186790312695,0.3291486572606368,-0.23541489,0.99963874,0.391668421183876,0.3023597421137226,-0.22024588,0.9996781,0.4223240952729692,0.2955234626319611,-0.20227046,0.99942166,0.3806641483562295,0.3168411650738421,-0.09812036,0.9997206,0.4377390306524739,0.3217893989798764,-0.01527938,0.9993088,0.4015397664708701,0.35456791557123957,-0.18815556,0.9995023,0.42483687965573447,0.3467537370042433,-0.16468373,0.99903995,0.3288337882776846,0.44353832828139794,-0.08691244,0.9993726,0.4749365338011001,0.44941372838078486,0.076095924,0.99864924,0.32939323267228915,0.572518339534421,-0.34089994,0.9968947,0.5104793079891927,0.5952697194804968,-0.14153227,0.965822,0.5253692649935091,0.4726030684260863,-0.53047466,0.9862627,0.42357412833478203,0.42098563356525953,-0.56387126,0.9984277,0.4734139284867883,0.7626625893397816,0.022027686,0.9985741,0.3819581054064479,0.7668667691547809,-0.021751968,0.99906564,0.5149211385001399,1.020003883661198,0.00090889836,0.8086026,0.3909793539008759,1.0250425816690178,-0.13203827,0.7758127,0.37493662445771325,1.2556901691503681,0.121999785,0.1318465,0.5221865477567016,1.237743288928188,0.22117968,0.17566024,0.36278632659028365,1.28590518516395,0.1410887,0.08384739,0.5213795449662165,1.2577488170134774,0.23924902,0.072365455,idle
0.40636896865480654,0.32346983603441926,-0.23034044,0.9996164,0.39201095236238603,0.30387480943598855,-0.21306697,0.9996492,0.4234315989932582,0.30291954415682276,-0.19538978,0.9993921,0.3782367605583806,0.32551564342404293,-0.09504695,0.99969137,0.4417272778895941,0.31183420420687885,-0.010586573,0.999269,0.3943744707499328,0.3439446280331118,-0.18259461,0.9994537,0.4251625376221161,0.3444257627602119,-0.16033545,0.99897075,0.3255725405000973,0.4401316205171384,-0.0862145,0.99931514,0.47559303192679736,0.4414499841507865,0.07765825,0.9986434,0.3283969253280734,0.5791604122935775,-0.31874928,0.9966946,0.5074532688664786,0.6027129925140599,-0.12545465,0.9656524,0.5151424414600674,0.47055906745325865,-0.49289227,0.9864415,0.4213295140528136,0.4291148680334121,-0.52862805,0.99821514,0.4745047622733466,0.7587263336837756,0.020430198,0.9986008,0.3806608642037984,0.7804793052484618,-0.020179508,0.999075,0.5064111851212885,1.0153911729780492,-0.004688946,0.80371034,0.39610580698980835,1.022848510371474,-0.13103129,0.7704999,0.36405820616579476,1.2427532829335681,0.122240424,0.12685657,0.5223369066076753,1.2347640980069279,0.21313322,0.16984186,0.37096841378938183,1.2673111499903842,0.14145361,0.08185626,0.5184084862069576,1.2541805435038813,0.23255959,0.07081998,idle
0.4092338899124598,0.3447047160534491,-0.20912436,0.99962145,0.39156902549954986,0.3086449313261943,-0.19483872,0.9996496,0.4160752641101658,0.30576346667891613,-0.17789714,0.999402,0.3792723100062593,0.31625718464186775,-0.07751082,0.9996908,0.43425577300895923,0.3145014908071542,0.0018504004,0.99927706,0.40708699854800356,0.35099223340099583,-0.16201678,0.99944896,0.4307470943975431,0.3525155887184578,-0.14025925,0.99897206,0.3203598755876571,0.4445044704616791,-0.061166912,0.99931,0.47572090082037133,0.4402359382487124,0.08467661,0.9986617,0.3388289999214541,0.5731285046509345,-0.28332824,0.99664646,0.5071317598429443,0.5976986202956488,-0.11969261,0.96564764,0.5031040381927118,0.47079745578260573,-0.47883314,0.9864341,0.42205371975834904,0.4333662834694357,-0.48526978,0.9981312,0.47494484640675705,0.7560986682115112,0.01811583,0.9986542,0.37804416947719477,0.7744274060282964,-0.017853763,0.9991105,0.5036951124823806,1.0051498494194557,-0.0035472352,0.8047693,0.38893714106202215,1.034407552563988,-0.12999538,0.7726414,0.36737443217862176,1.2513995660614108,0.10743151,0.124127395,0.5275691538827392,1.2300362338704773,0.20780806,0.16668618,0.35939307158440337,1.2683005464815587,0.12491945,0.08085155,0.5177814449838969,1.2457115229471505,0.22680898,0.06976689,idle
0.4086530232049078,0.32043258673838715,-0.19052276,0.99963075,0.3878684517228983,0.30380075389799466,-0.17636886,0.99965525,0.4194165897129408,0.30202320684474654,-0.15883459,0.99941546,0.36549132991615485,0.32199056078567245,-0.058665276,0.9996952,0.4376765218463581,0.31098623834271055,0.02218176,0.9992841,0.39525639811727076,0.3512990956335954,-0.14398149,0.9994513,0.4190270465446554,0.3496004958988125,-0.12132783,0.99897736,0.32941565819286434,0.4393283085689812,-0.044046644,0.99931806,0.4732389580435774,0.43271094281316025,0.09688144,0.9986614,0.3335901391338575,0.578240145711419,-0.26583138,0.9966298,0.5097542763336411,0.5977227634446599,-0.10173724,0.965005,0.5057071622184226,0.47552812597052546,-0.45822114,0.986039,0.4099449183416859,0.4220316437387802,-0.46395856,0.99805945,0.47532635774222454,0.7631438268652404,0.017844778,0.99869406,0.3839865958042201,0.7800568743706208,-0.017573448,0.9991404,0.5031951421169618,1.010742672204308,-0.0042803246,0.8073774,0.395640272324949,1.0311716511756746,-0.13212612,0.7763329,0.3614637115421834,1.2435132011465941,0.09277749,0.12411992,0.5181429502048434,1.2225315013135807,0.20714843,0.1667246,0.3644305476904176,1.2700542316684715,0.10952902,0.081266776,0.527322967021866,1.258956028386163,0.22357583,0.06967533,idle
0.40628099546772223,0.3373364273384513,-0.1913552,0.9996441,0.391804392378414,0.31033958749217994,-0.17707619,0.9996655,0.41950383704457006,0.30727651886653834,-0.15904877,0.99943525,0.38420489149591563,0.3201426936591115,-0.058838435,0.99970454,0.4253374060187337,0.3178711710260502,0.023716655,0.9993015,0.4042837314172133,0.34086718651350334,-0.14490184,0.9994648,0.42103548918239464,0.3510031562648207,-0.12168205,0.9990035,0.3260627358728694,0.4323298227829185,-0.044234667,0.99933577,0.48021450788072473,0.437111531503831,0.10329062,0.9986839,0.334667184325246,0.5772665972747195,-0.2658759,0.9966873,0.4975690362146442,0.6004362210491453,-0.09264038,0.9645308,0.49841960680926845,0.4759776879176621,-0.4535266,0.98575866,0.4094358962287,0.42540866052808496,-0.46736664,0.99805194,0.46935680385342415,0.752990807289666,0.017751634,0.9987463,0.3873654923490668,0.7735614566325585,-0.017470764,0.99917537,0.5043465367938348,1.0050867999792132,-0.0023890354,0.81204206,0.38932079269277364,1.0321979927902687,-0.1315027,0.78176236,0.36106207735859697,1.2354175205288869,0.1006697,0.12455306,0.5183307448035019,1.2239993212973765,0.20587936,0.16818936,0.36204649803620637,1.2702292790465421,0.11824064,0.08243888,0.5176024769910148,1.246406872600677,0.22229576,0.07047137,idle
0.41909899591782396,0.3204019708042617,-0.19114968,0.9996511,0.3988018683732738,0.3128423956945024,-0.17680234,0.99966913,0.4205503307017755,0.2985081149220533,-0.15885398,0.9994451,0.37106578960719183,0.3202575527066947,-0.057833843,0.99970907,0.4375917053141338,0.3133887426114342,0.024003727,0.9993063,0.38988481764871497,0.35436293341225306,-0.14456227,0.99946785,0.4231111699394041,0.3565827631550492,-0.12151285,0.9990046,0.32923612488799503,0.4363628830532133,-0.041473836,0.999338,0.47474948180371523,0.44362560593369116,0.10442312,0.9986855,0.3347703195671905,0.5788561070519704,-0.2601642,0.9967627,0.4952401402742387,0.5970332537269293,-0.093247995,0.96481174,0.4994152639037731,0.47609901052994874,-0.44848388,0.9859506,0.42595991219562157,0.4254249969282518,-0.46040854,0.99806273,0.4752417636260392,0.7570618345074113,0.017096998,0.9988064,0.37745057391385883,0.764458199270608,-0.016796734,0.99921334,0.5065775639792335,1.000981632774687,-0.0027804347,0.81704754,0.39150856445337656,1.0301523105078247,-0.13365191,0.78570914,0.36700538613055045,1.2441482440609317,0.0994604,0.12271336,0.5232070900588812,1.2232503351178718,0.20436549,0.16804846,0.3652814483652195,1.2698165958264698,0.11744827,0.082850054,0.5225771101914769,1.243544383548214,0.22087383,0.07047463,idle
0.4068871743997392,0.33361717085722586,-0.19098845,0.99965733,0.3892372077838069,0.3083377230676178,-0.17679326,0.9996744,0.42516886242381535,0.3009388855112801,-0.15853576,0.9994571,0.3665247945617607,0.3206486915376058,-0.05815146,0.99971575,0.4376527952229592,0.3124542175625771,0.025453782,0.9993197,0.3888446930826841,0.34415706088477444,-0.14450166,0.99947244,0.4185420946097004,0.36211088911870837,-0.120952204,0.9990103,0.3282138006619636,0.4406977219895571,-0.04318185,0.999331,0.4627773824023641,0.43333683601408163,0.10518195,0.99868697,0.332267003538,0.5725394298448598,-0.26734787,0.9967909,0.5045889570455947,0.6028006613441996,-0.100030765,0.96500814,0.5006685508298838,0.4666642710200554,-0.45768768,0.98627007,0.41827235131699403,0.4234564913530175,-0.46760854,0.9980486,0.46798742592681775,0.7523460947743517,0.016981203,0.9988748,0.38664722094479753,0.7684811566697064,-0.016677901,0.9992592,0.5068406939520058,1.0005430451449044,0.006144954,0.82167405,0.3842746219802553,1.0277768800665104,-0.138099,0.78989214,0.36722438149199554,1.2425002696714305,0.10071683,0.120869435,0.5119897287790613,1.2193276383601988,0.2222087,0.16723806,0.3618303660361665,1.276644933525368,0.11945397,0.082371145,0.5230365957176749,1.2608947754121143,0.23973575,0.069604985,idle
0.4116360543332386,0.32930050687466633,-0.1923193,0.99965936,0.39789161455657196,0.30754482475344064,-0.17769073,0.9996744,0.4208748265272376,0.2997531383483645,-0.15969487,0.9994609,0.3737247808963019,0.32355376446252126,-0.059183218,0.99971735,0.4300958972454807,0.3139709216983975,0.023890112,0.9993208,0.4002257437436857,0.35651912708239675,-0.14590548,0.9994736,0.41865462088478167,0.3473016317550823,-0.122498706,0.99900955,0.3286387901539879,0.44741474016004756,-0.04555246,0.9993192,0.46886534535167457,0.43870162850542,0.10490831,0.998681,0.33957613288872035,0.5787632734742871,-0.27191895,0.9967707,0.49821452010085543,0.600403210447843,-0.10425848,0.9647256,0.5004571907603376,0.4698518843847238,-0.46706557,0.9863606,0.42898495397436043,0.42514218625484906,-0.47215456,0.9980053,0.4782791812758733,0.7646488880866806,0.016911577,0.9989223,0.3740811271344071,0.7727627701021387,-0.016608698,0.9992903,0.5132329829723503,1.0202111640318883,0.006584256,0.82555014,0.3940057829695769,1.0341119654099304,-0.14246643,0.7941693,0.35856244711931695,1.247239916010497,0.098583154,0.120975375,0.5250569843745794,1.2229931446842008,0.22443244,0.16767716,0.3709910891184809,1.2673862294047926,0.11753889,0.08294091,0.5190041588286795,1.2453149209904433,0.24207342,0.06918457,idle
0.411519131979988,0.3202686437860635,-0.2500566,0.99966323,0.38748060238759063,0.3021633192685846,-0.2393075,0.9996844,0.42294529607279596,0.29450433176769986,-0.21619599,0.99947035,0.3744589173693583,0.3189710704693909,-0.12961598,0.9997295,0.43048370569527605,0.3150749615904015,-0.021757174,0.99932677,0.3922083544326812,0.35349036635582626,-0.20680296,0.9994922,0.4219213555974233,0.34963022180285297,-0.1762932,0.9990209,0.32500625216178036,0.4267906731086739,-0.116801724,0.9993332,0.4774646443859957,0.4375746203368614,0.09055422,0.998635,0.3319149441992211,0.5808589989578811,-0.36936557,0.99682945,0.5097895380830606,0.6078902629906513,-0.09966799,0.96367925,0.5255483630907096,0.472478212094871,-0.49326944,0.9866975,0.4161295584451028,0.4312051123038497,-0.6061171,0.99803853,0.47559881214693045,0.7656119562205396,0.027801964,0.9989575,0.3845106316219523,0.7694702066043212,-0.027544374,0.9993236,0.5104726782515137,1.025222536103947,0.045887377,0.8230997,0.4057969711070273,1.0270553842715842,-0.16458097,0.7962067,0.35936847005343087,1.2508202237900643,0.08656271,0.12114671,0.5217274222025072,1.236735620836644,0.280849,0.1651951,0.36568594752592576,1.2731126484238233,0.105579935,0.08285306,0.5239261660121641,1.264388610033557,0.30014032,0.06838492,idle
0.4079704220449064,0.33244477099207886,-0.2541109,0.99968207,0.39174330476037633,0.3089936898890828,-0.24591596,0.99970466,0.4286515759512969,0.30735426601661847,-0.22111484,0.999504,0.36752003751689055,0.314465518064028,-0.14324166,0.99974936,0.42847293696277855,0.317142434779266,-0.027477125,0.9993731,0.39587677911417496,0.3521165729954014,-0.21267322,0.99952537,0.4207701761122049,0.33781982765712254,-0.18013607,0.9990766,0.3212715073562388,0.4437643908510359,-0.13111274,0.99936503,0.4721605816466179,0.44816234783100084,0.085407615,0.9987053,0.3329063240786453,0.5733724498693799,-0.3960325,0.9970321,0.5118760991753812,0.580679277895402,-0.10773398,0.96528184,0.540674712268876,0.46844133440539276,-0.5339056,0.9876298,0.4297802291578724,0.42826438616722134,-0.6448997,0.9981502,0.48128152716696615,0.7680035995260003,0.03236498,0.9990252,0.38657876822941706,0.7759074002807949,-0.032113343,0.99936736,0.5086226140254944,1.0231000888853035,0.04748395,0.8270924,0.39267827763039664,1.0335181949293424,-0.15789808,0.80352396,0.3704405631657697,1.2573953355293983,0.10682279,0.11839782,0.5179752947141604,1.23400261953939,0.2972079,0.1615802,0.3620641289712584,1.2772672856901928,0.12826377,0.08105332,0.5187643745638462,1.2706180892597507,0.31783745,0.06777845,punch
0.41458675933204236,0.3234689132683288,-0.26376718,0.9996966,0.3977621260877864,0.3072353555959863,-0.25264126,0.9997213,0.4206055790036324,0.2980785147177958,-0.23024337,0.9995293,0.3661098866237883,0.31873153637344787,-0.14252791,0.999766,0.4224358710497683,0.3090961592182623,-0.038930096,0.9994052,0.4013611850936901,0.35094044723631945,-0.22095212,0.99955535,0.4204899717295716,0.3446025027149767,-0.19170514,0.99912333,0.3200889577763012,0.43163988082783694,-0.13983062,0.99939054,0.46584824667428526,0.45237586377379085,0.079833195,0.9987406,0.3291068808777793,0.5769307592720935,-0.40631136,0.9972028,0.5391218953904435,0.5621539000102148,-0.102420315,0.96590877,0.5833562177282734,0.46104782888912044,-0.50331384,0.9881667,0.42914938747883213,0.42599537344412314,-0.6656639,0.99824935,0.4778496952277288,0.7672770528455247,0.032742202,0.9990635,0.38940206939016964,0.776569446676778,-0.032481976,0.99939114,0.5126764732172097,1.0317201465529982,0.044658847,0.8297212,0.3954021106991715,1.0299391716850816,-0.15220343,0.8089675,0.3705574599476428,1.2645183759660898,0.11618284,0.11754201,0.5250744856499966,1.2436479408009318,0.27835745,0.16038087,0.36878832596979094,1.2800516466350862,0.13640249,0.081027515,0.5128197158292644,1.2736402782335816,0.29688516,0.06857495,punch
0.41172237211831175,0.32251044438518905,-0.25198928,0.99971366,0.38920888488738337,0.310257666185718,-0.23909888,0.9997402,0.4271585779726983,0.2977284723188933,-0.21853323,0.99955624,0.3801783441563672,0.3213046253066071,-0.12601966,0.9997842,0.42710532563912307,0.31458740385143724,-0.03064238,0.99944025,0.3963506247717503,0.3508403383121077,-0.20789611,0.99958825,0.42142105510456185,0.34397811352281077,-0.18142903,0.999178,0.32423136825544807,0.4349597496559662,-0.12633511,0.99942404,0.47701946065610734,0.43758921747077795,0.08246705,0.998751,0.3465162618597635,0.5652672361278844,-0.39284143,0.99728304,0.5274175289740164,0.5398820994584701,-0.06782536,0.96201056,0.604338824084703,0.4565385338761289,-0.47568655,0.9863814,0.4220443710492263,0.43631706457031827,-0.6554995,0.9982729,0.4766654934573056,0.7619540094931281,0.031788442,0.9990772,0.3946290511701743,0.7806019865535161,-0.03152322,0.9994025,0.5118297648834051,1.0218221527225217,0.035506412,0.8332062,0.3856458116487399,1.0278710534757673,-0.13629666,0.8163356,0.36181861559568085,1.2559884722076935,0.13050541,0.12344602,0.5207453040747727,1.2313617892817252,0.27712083,0.16654603,0.3572893707033544,1.2748230330768746,0.14969371,0.08373345,0.5157904142093652,1.2619137151779567,0.28886825,0.07186275,punch
0.4124629160145685,0.3262260509880967,-0.23103753,0.99972194,0.3916510767477269,0.3072087067756558,-0.20945105,0.9997505,0.4102603085245822,0.2967343656916793,-0.19424191,0.99956286,0.3775936327118129,0.3199336699979619,-0.07958997,0.99979615,0.43179341649069436,0.3126146658222169,-0.009662148,0.9994544,0.3994710960809994,0.35726305045104917,-0.18286528,0.9996109,0.4194971765550528,0.344623590322738,-0.1640034,0.9992129,0.33099611552459085,0.4337000642156499,-0.102257356,0.9994567,0.47384362333572316,0.43061476519697633,0.11802767,0.99874693,0.34228210127770875,0.5673336358854361,-0.35744542,0.9973095,0.5369608328189719,0.5378594256606485,0.04837228,0.9594626,0.6434413764709606,0.4486836186384935,-0.2799273,0.9844092,0.42922991081859596,0.4234387872100405,-0.63122404,0.99826556,0.48070846345510787,0.7598435664907263,0.031583495,0.99905014,0.38948969246559184,0.7680476914388604,-0.031316414,0.9993931,0.5159786538626434,1.0268934279946325,0.009486766,0.8342995,0.38758059187117433,1.0380139362543588,-0.11551835,0.8214209,0.3663555537808192,1.2524944812912113,0.17531918,0.13233252,0.525974842066522,1.2417253182069845,0.24720505,0.17644593,0.36398051584996916,1.277900047801337,0.19735308,0.08700511,0.5195380627690365,1.2609180762720418,0.26104265,0.075789616,punch
0.40638674419742116,0.3327928273597227,-0.23177989,0.99974054,0.39589224221910857,0.30445148148287227,-0.20971611,0.99976677,0.4186792055380816,0.30004062791430053,-0.19662064,0.99958307,0.37371979962001245,0.314625401509523,-0.0763936,0.99980986,0.43287590200674586,0.3176126338600514,-0.017884353,0.9994898,0.40679689585304635,0.34820286407732814,-0.18271986,0.99964195,0.4217720834893455,0.3533246756210937,-0.16540477,0.9992757,0.3331145759628279,0.43467812006752937,-0.09467679,0.9994999,0.47911932602729823,0.4299678245302635,0.11533729,0.9988233,0.3345083121677125,0.5741388771342495,-0.34512073,0.9974266,0.5785000248700045,0.4821148776957706,0.12295641,0.96200746,0.6832444655332113,0.4353075086142249,-0.085853286,0.98455733,0.4266567594805326,0.4336345231257709,-0.6343149,0.9983749,0.4840263371366198,0.7611885398404133,0.027256245,0.9989794,0.37989152715793106,0.7726379855007486,-0.027058914,0.9993563,0.5103298011241082,1.0296012023360186,-0.021593599,0.8349723,0.39765454998742655,1.030636278386863,-0.1042017,0.8263754,0.36321451202661614,1.2430981207367546,0.20508039,0.14446303,0.5166044712535958,1.2424513039615983,0.22000425,0.1871445,0.3590551429118958,1.2729332702238243,0.23021118,0.09422056,0.5245865430535014,1.2647554160641474,0.23685081,0.07957537,punch
0.41685798848689337,0.3223016236280052,-0.295862,0.9997545,0.39416441502420474,0.30935212750588353,-0.27274734,0.99977803,0.4169213605891784,0.2973256118743608,-0.26442903,0.99959064,0.37412245820365364,0.32563290648921533,-0.1195001,0.999819,0.43061189592845095,0.3150011656092161,-0.08472154,0.9995159,0.3955087887747195,0.3531443443558826,-0.23837218,0.99967015,0.41893931936791684,0.3518943757980323,-0.22825828,0.99933434,0.33133119419682777,0.43692571169194505,-0.12249571,0.99953693,0.47939277516575873,0.42505664337298243,0.0545977,0.9988826,0.3519562962249474,0.5585298750675466,-0.36497515,0.9974905,0.6063706122321337,0.460937312247656,0.10917111,0.96485096,0.7154611268171813,0.441679393687906,-0.048360866,0.9840561,0.4370313060115877,0.4210289996930956,-0.6948727,0.9984616,0.4821538335903326,0.7672963285056108,0.020835014,0.99872744,0.3913616876256163,0.7692187933152215,-0.020670177,0.999189,0.5132736080731792,1.0313321667548045,-0.036429416,0.8352141,0.4002956665059606,1.0367574455566555,-0.101733744,0.8310927,0.3647285381124379,1.2431674972063993,0.22168534,0.16302286,0.5290004651800957,1.2490181427522253,0.2215529,0.20159875,0.3557007305208466,1.28014948002344,0.24796851,0.108396925,0.5257679258423846,1.272777855212078,0.23955493,0.08574002,punch
0.4125677009347096,0.3256736047954145,-0.30208957,0.9997709,0.39226818030097665,0.2975294323919891,-0.27918628,0.9997912,0.4229809445034419,0.2975529453265501,-0.27163953,0.99960846,0.37728902230888295,0.31823513447526014,-0.12305734,0.9998293,0.4375031035730851,0.3184875780386361,-0.09116579,0.9995486,0.3987596736693886,0.346073352684196,-0.24244821,0.999698,0.4233344631974808,0.3519814678437904,-0.23352759,0.9993923,0.32835424947469904,0.44062679089570905,-0.11858535,0.99957204,0.4903051083583623,0.422138589598585,0.048774462,0.9989548,0.34585140099591816,0.5658075205656217,-0.36260048,0.99751717,0.623462820913081,0.4565774462383014,0.11083325,0.967465,0.734480552286401,0.42853785632779356,-0.04898913,0.9837578,0.4379707700315042,0.43651074132891315,-0.67317784,0.99851745,0.4912334950799847,0.7678380638849938,0.01921175,0.99852735,0.38440814273935797,0.7733352271515584,-0.019045666,0.9990487,0.5163813112229669,1.0331187295398978,-0.04742593,0.8349219,0.3936366139733196,1.0344246875891885,-0.10571506,0.8368084,0.36423227665331703,1.2517111158417193,0.20700034,0.18471186,0.5341654954095763,1.2350015399927354,0.22123905,0.21844533,0.3639676627011008,1.2833273069148288,0.23276441,0.12481259,0.5317540554510407,1.270607917167238,0.24036019,0.093983196,punch
0.4111170921674222,0.31959912355965303,-0.2848272,0.99978656,0.39025411585714564,0.308477850332863,-0.2628523,0.99980384,0.42242328500388926,0.29633588555936907,-0.2538256,0.9996267,0.37226659380955895,0.31481107786961005,-0.12251103,0.99983877,0.4297223006362758,0.3138683494101816,-0.077443354,0.9995779,0.3915093709764401,0.3529740036877004,-0.22858635,0.9997234,0.4251776081751505,0.34599004086036067,-0.2181234,0.99944496,0.33084980828642274,0.4327167664597011,-0.116020724,0.99960464,0.4891731738845776,0.4334147318412826,0.048273284,0.99901485,0.34714929574952536,0.5623626089734233,-0.3406963,0.99753803,0.6100824154099347,0.4534388112469131,0.08598193,0.96965927,0.7291965351275942,0.4317831986552366,-0.09213168,0.98304987,0.4294239375345935,0.4283504506507079,-0.6509446,0.9985662,0.4912864367162515,0.7617485901013634,0.017440317,0.99822366,0.385981491833966,0.7753699343980867,-0.017240439,0.99889296,0.5104148386414722,1.0258578413799389,-0.04647968,0.82966703,0.39761684747449233,1.0328197837907047,-0.11517898,0.84080905,0.3611320171286674,1.254790667429375,0.20523551,0.20417567,0.531937699727716,1.2378115946194808,0.21707535,0.22973256,0.36430444274020646,1.2809386972069199,0.22960079,0.13583843,0.529129830611917,1.27100843336831,0.23644605,0.10053756,punch
0.4136611823631027,0.31994265496523944,-0.2787733,0.999799,0.38250024974772734,0.31065946402869654,-0.2565574,0.99981326,0.4210472924091683,0.28976133613850086,-0.24810486,0.99963886,0.3720083703055542,0.3274630537370806,-0.11987966,0.99984485,0.4437887971703808,0.30993709437546485,-0.07543726,0.9996,0.39842085025056684,0.3525652454223693,-0.22320585,0.99974465,0.4143532129809524,0.34775415847001967,-0.21357164,0.9994902,0.3329559838275493,0.44549595930294916,-0.11571392,0.9996268,0.4892052068157433,0.42483893420248936,0.044110145,0.99905276,0.3496126703784901,0.5697202261347255,-0.33291128,0.9974293,0.6060101541562788,0.4624232871919278,0.07750659,0.971573,0.7193103582963289,0.41900268957877873,-0.09827509,0.9820111,0.42981978592896175,0.4277659903725805,-0.6465734,0.99857306,0.48184851658059313,0.7690386309271455,0.014483249,0.9979006,0.3866934441298757,0.7765982014652669,-0.014277374,0.99870414,0.511977276557779,1.0338943385021604,-0.050067574,0.829265,0.3929041235837646,1.0403103511523426,-0.11643618,0.8464102,0.3655017015307169,1.2468194247037487,0.18976486,0.22788122,0.5324758388412711,1.240454760437203,0.2103997,0.24470472,0.37085828870299775,1.2748556897000205,0.21309929,0.14886071,0.5378184174540177,1.273975638054168,0.2297734,0.10765608,punch
0.41722509385423956,0.3201596054640445,-0.22080727,0.9998127,0.39314520809397,0.3118094677006877,-0.19669732,0.99982566,0.41595391019943095,0.30462415801417647,-0.18744913,0.9996606,0.36728011067078903,0.3254303540365366,-0.05502797,0.9998551,0.4328250950738284,0.3170683010364541,-0.014303558,0.9996265,0.39506988778987095,0.3530517208613712,-0.16744283,0.99976516,0.4258589566811033,0.3540162665496056,-0.15669984,0.9995319,0.33500825486196184,0.44523408490152877,-0.07480177,0.9996504,0.49234390653606974,0.4169684235693973,0.09474008,0.999093,0.3498778514170693,0.5657440778868766,-0.3203879,0.9973879,0.6097483363491153,0.4611593601835566,0.06602236,0.9721171,0.715561112186619,0.43741457388947574,-0.1378399,0.98163116,0.4390528710350561,0.42346226090163613,-0.6308877,0.9986033,0.48006929628091466,0.7618468702201366,0.016179305,0.9978417,0.3955655901351227,0.7739906084464988,-0.016012827,0.9986812,0.5254628775375445,1.0292842893790277,-0.042850167,0.8285898,0.39321934925235613,1.0441535769107424,-0.12493714,0.8525491,0.3786985363255745,1.2582969722681892,0.15837969,0.25038397,0.5423651036313198,1.2410423789083314,0.20380811,0.26220718,0.3644640578301891,1.2884403155740674,0.17872278,0.15791163,0.538720760560341,1.2770508791647384,0.2215353,0.11453246,punch
0.4163792315580924,0.3285361825831542,-0.22410412,0.99982285,0.39742463706491415,0.3111016894398172,-0.20225537,0.99983686,0.4266543882381516,0.2975525706153316,-0.18764377,0.99968255,0.38181406003999774,0.31921305095410535,-0.06330803,0.9998654,0.4435270365092532,0.3097349489777798,0.0049799704,0.9996519,0.40944733306351344,0.3466529358898933,-0.17214826,0.9997765,0.42364579017279713,0.3474339314105406,-0.15400124,0.999548,0.3421512348896356,0.4409745805120619,-0.06720996,0.9996627,0.4948187461237057,0.4459000098003593,0.09905479,0.99912626,0.3476378507358082,0.58767886196744,-0.36455134,0.9975946,0.5651092553164859,0.5626801884436032,-0.088545695,0.974126,0.6150848643242502,0.4417373294498888,-0.4873953,0.98334086,0.4421079434848473,0.4289643342964082,-0.6641432,0.9987179,0.49237122456986526,0.7628911413153413,0.012361711,0.99804616,0.38658071551664464,0.7754052609840376,-0.012101659,0.99880683,0.5347853948701106,1.0440035964425065,-0.028678125,0.8324039,0.38877961599625954,1.0512665521709899,-0.10081662,0.84503466,0.40043927437075055,1.2866841553386592,0.23105034,0.2272667,0.5546347477313776,1.2652933481353272,0.2559865,0.2406056,0.3997254530531771,1.3310860791223889,0.25848067,0.14426468,0.5461632411217121,1.2959601300671957,0.27891788,0.10542681,punch
0.4280360266298615,0.328095479164863,-0.21435924,0.9998322,0.41249510859280103,0.31421651563805925,-0.19772157,0.99984574,0.44603033662476366,0.2992837708639697,-0.17805922,0.99970376,0.3850044350112183,0.3220240605324803,-0.0706764,0.9998728,0.4528126484642172,0.3125927140704009,0.012509309,0.9996767,0.4113430185233624,0.36210993951737236,-0.16891855,0.99978215,0.43503452763043027,0.3463790671830494,-0.14392534,0.99955946,0.34545534559193003,0.4538398900519072,-0.07092132,0.9996642,0.49859729242454387,0.43868137336819496,0.09484514,0.9991755,0.34809911610986144,0.5832506911268672,-0.36801994,0.99779,0.5622737821451325,0.5884457298253147,-0.121886015,0.9763155,0.5717510540933834,0.46696607205730245,-0.51932514,0.98492205,0.44018552543485623,0.4290425751165746,-0.6581498,0.99882156,0.5091596267545061,0.766644790619516,0.008935856,0.9982342,0.40195828990020155,0.7893000686271233,-0.008674591,0.99892133,0.538135002030343,1.056682487189311,-0.02967229,0.83777,0.39307402121142043,1.0572115577445138,-0.10578193,0.8402252,0.4115649732169191,1.315041687989844,0.21273682,0.20613943,0.5608158506299504,1.2819774555994774,0.2628567,0.220101,0.40253153948073617,1.353401783378243,0.23895255,0.13156687,0.5532003518086426,1.312828972686215,0.28793126,0.09688877,punch
0.43788564723590506,0.3192166086443398,-0.17727481,0.99984187,0.40814696456359034,0.30729380364076997,-0.15287921,0.99985385,0.43969609977111623,0.30369667302328757,-0.14049159,0.99972475,0.3949243926176256,0.3184788014240503,-0.011520353,0.9998782,0.4602821459944736,0.30716993170520557,0.043563996,0.99970096,0.4088124463452971,0.3467069533624767,-0.12600031,0.9997817,0.4507060295238309,0.33609785359496586,-0.11050667,0.99956566,0.34419390925952487,0.4473232362185093,-0.00047039497,0.999666,0.509632295824884,0.4418059725802185,0.101558045,0.99922216,0.3508269306963936,0.5938890106340128,-0.28454012,0.9979619,0.5520195217918195,0.607522610390836,-0.12505995,0.97846866,0.5492192778821186,0.4654950938057697,-0.48375311,0.98637813,0.43638702806497087,0.43914547234700574,-0.5640503,0.99891526,0.5063129660517727,0.7699267842239966,0.00050310994,0.9984067,0.40816287766403325,0.7819501565888257,-0.00019505966,0.9990266,0.5523042442476607,1.0531991087764538,-0.03642235,0.8409718,0.3905427150249191,1.073526584362835,-0.105721876,0.83326703,0.40985550769741363,1.3290876797156772,0.20182724,0.18653567,0.5577052053005902,1.2893784367235142,0.253748,0.20053615,0.4036933150369214,1.3527191329479322,0.2266598,0.11948531,0.5618660120249399,1.3234701884324571,0.27655286,0.08852239,idle
0.4396937433349549,0.32661147295333287,-0.15302353,0.999844,0.41585694665948847,0.30302312185228075,-0.12925121,0.9998543,0.4472530414956788,0.2948191992938368,-0.11756009,0.9997354,0.39707278971478965,0.3239669967651595,0.0064844056,0.9998743,0.45384541001481715,0.31133859115169077,0.05970005,0.99971527,0.42302480021223077,0.35086237562030365,-0.10335447,0.99974805,0.45140393991878347,0.3497617337053299,-0.088646896,0.9995109,0.3614836556091314,0.4506888750487409,0.021520866,0.9996501,0.5083936756320538,0.4371309612438052,0.10439186,0.999248,0.35196671106253097,0.5909185244894345,-0.23885402,0.99812055,0.5628368370310874,0.6122707075927221,-0.112933315,0.9804855,0.5343563789204826,0.4694343976200398,-0.42501873,0.9877166,0.4255554327502069,0.4408603934697867,-0.50024736,0.99900407,0.5066343517537486,0.7762819284999517,-0.002864285,0.9985631,0.41312559236390833,0.7863042518083352,0.0032092154,0.99912196,0.5500454757323877,1.0588158245983132,-0.03693364,0.8401683,0.40559834439780995,1.062377619227891,-0.09263171,0.81691283,0.4233416196570424,1.3256117678497625,0.20161721,0.16826098,0.5710386368059268,1.2852399687150755,0.2493749,0.18129855,0.4161978058722585,1.359398941885971,0.22514951,0.10804752,0.5622066014460396,1.3164851159535098,0.27178207,0.08024715,idle
0.44315402956596106,0.3320888533193494,-0.14153977,0.99984485,0.42047544020199124,0.30390830879610115,-0.119095646,0.99985075,0.46180930840450496,0.31237787259597866,-0.107180096,0.99974006,0.40439848182822113,0.3251947824808996,0.013375714,0.99986637,0.4606802698986773,0.3194354940956435,0.06672953,0.9997209,0.4242379384096894,0.3563600153193697,-0.09250486,0.99970955,0.45488533633080885,0.34481870503426637,-0.07772493,0.99945444,0.3582481154481073,0.44688126474958784,0.030716151,0.9996475,0.517602271889471,0.44531805690936116,0.113992974,0.9992775,0.3657509120938982,0.6006943799667905,-0.21204181,0.99825835,0.5646469903151179,0.6198715056226692,-0.094724946,0.982242,0.5351354988260898,0.46851633883538496,-0.3930983,0.98890793,0.42596373222791606,0.43978391690773255,-0.4477233,0.9990783,0.5156725332825174,0.7728574673659346,-0.002433767,0.9987003,0.41677363883868335,0.7787219640636928,0.0027779234,0.99920565,0.5513719854184032,1.0483662815319503,-0.04080985,0.83461696,0.4088486820641202,1.0673382318743627,-0.09560079,0.79876894,0.4417754898252365,1.316219858564737,0.19726062,0.15199316,0.5706862259128636,1.2793024618243176,0.21906507,0.16458741,0.4325229866599709,1.3497488241916258,0.2220064,0.09800996,0.5681020010212751,1.3128344421748734,0.2413241,0.07323911,idle
0.44287786700539167,0.3324523598424149,-0.16786309,0.9998522,0.43060350793937907,0.31126410789997755,-0.14616373,0.99985665,0.45920458560027444,0.31270345322631665,-0.1333197,0.9997546,0.42197296018226416,0.31812011285445857,-0.01172329,0.9998707,0.4795843976034899,0.3193794927052946,0.04814411,0.99973834,0.4306178032708169,0.3612351054939376,-0.11789235,0.99970794,0.45736124017815516,0.3536814990540041,-0.10219209,0.9994578,0.37335567795324176,0.45432797366553296,0.012181967,0.999655,0.526085605489913,0.4460929454435544,0.09589642,0.99930805,0.3707578630653636,0.5958076717743978,-0.22291398,0.9984081,0.5637870077080854,0.6176920570947007,-0.1299779,0.98391026,0.5216265872644742,0.4809683667845372,-0.42880732,0.9899886,0.4306973129169842,0.44523312419344935,-0.4673225,0.9991561,0.5121593758145979,0.7667142355513389,-0.0031196538,0.9988256,0.4219776607176763,0.7847322268752819,0.0035286646,0.99928194,0.5574122097491877,1.0549988721537042,-0.03203646,0.8378337,0.4182972802447914,1.0599735229516722,-0.09710544,0.7950043,0.4325269591568942,1.314720894794745,0.18011901,0.13745075,0.5807409903791105,1.2855729410532784,0.2180775,0.14966449,0.4330113458596482,1.3419504764101464,0.20261447,0.089185014,0.5855021693250488,1.3177141711092561,0.23909791,0.06715279,idle
0.4459047625698842,0.32400774340489175,-0.17750399,0.9998599,0.44473166780436757,0.32400210444331995,-0.15566005,0.9998627,0.4699150104423796,0.3080182406661985,-0.14310165,0.99976885,0.42378144872838186,0.326847930056548,-0.01906968,0.9998748,0.47571247175954234,0.32099759140220496,0.03774392,0.9997537,0.4363950897561035,0.35032069278790867,-0.12704648,0.99971014,0.47013307716665964,0.3604181630845173,-0.1115099,0.9994644,0.36574235868508376,0.4496128342542215,0.0029222067,0.99965936,0.525001009967226,0.4451874723937231,0.089031436,0.9993393,0.36628361754617245,0.600561683193585,-0.23920652,0.99853706,0.5691742106613906,0.612575426567565,-0.14380863,0.9854046,0.5257941617553845,0.47870966980192126,-0.44953313,0.99096084,0.4369750674382451,0.44387023596190256,-0.48582792,0.9992257,0.5305878872049982,0.7805370912277891,-0.0031779886,0.9989397,0.42411766490647984,0.7847475624121123,0.0036607373,0.99935156,0.5629374526760016,1.0428587199212116,-0.018873872,0.8310479,0.4243219998271053,1.0689648911848872,-0.10640441,0.77390677,0.4223139165992068,1.3250621467154182,0.15848504,0.123981215,0.5791910692711602,1.2845269494527696,0.23603389,0.135472,0.4261438895126417,1.3508776208800228,0.1808205,0.08074184,0.5668243385112745,1.3192443039687416,0.2580297,0.061015047,idle
0.45742966827134235,0.32797513214785823,-0.16570413,0.9998667,0.4376586421113373,0.3124217107025974,-0.14203228,0.9998686,0.46993485654144396,0.30167889518748225,-0.13347718,0.9997829,0.42491731055902093,0.3307747948308357,-0.00023091413,0.99987894,0.46922255618341757,0.3204599657495059,0.03894988,0.99977094,0.44170395675352125,0.35419500240263124,-0.113334574,0.9997112,0.47171608511098206,0.3536180771477588,-0.10279457,0.99947184,0.37171727640666685,0.4503919259529466,0.03108852,0.99967134,0.5269813662298815,0.4502771557837299,0.08344743,0.9993801,0.3714885644744925,0.6029359139818886,-0.2078031,0.99866533,0.5852415364552329,0.613960149349299,-0.15080227,0.98681587,0.5363814005786138,0.4619199015337657,-0.43435922,0.99185336,0.43645592210112694,0.4522123266880395,-0.4582227,0.9992929,0.5314240378074118,0.7733895794287023,-0.008366417,0.99904376,0.42929308227837804,0.7935165031770662,0.009035489,0.99941504,0.5503348942671891,1.0515895751560644,-0.012257146,0.82820594,0.42996550781719967,1.066151247410788,-0.09090902,0.7594367,0.4295961129810002,1.3187043999464059,0.16206704,0.11176546,0.596449562644165,1.2815596343637727,0.23601377,0.12235427,0.43179676322158167,1.354801920406478,0.18427563,0.07299482,0.5893057224335105,1.3113676282389854,0.25771835,0.055277072,idle
0.45438132201389203,0.33762001092655636,-0.14325413,0.9998764,0.4464621886774087,0.3040967483856013,-0.118153855,0.99987787,0.4599056218458333,0.2986560735937379,-0.10916722,0.9998,0.4113916567281599,0.3181476659389705,0.025106642,0.99988693,0.47603982293767255,0.3129022503631581,0.06520476,0.99979055,0.4495202568967258,0.3526500176524451,-0.090728864,0.9997249,0.47474386003328384,0.35094595251381805,-0.07981042,0.9995031,0.38743431782389837,0.45063352164762394,0.05565666,0.9996823,0.5367429112781748,0.43270862048645675,0.09901883,0.9994222,0.3684142018869776,0.6163341193502654,-0.18021062,0.99877024,0.5810744123372258,0.5965179472213036,-0.12739134,0.98807883,0.5427170464140967,0.4734533787458751,-0.4181137,0.9926511,0.44607826676250073,0.45469652955770246,-0.4243587,0.99935067,0.5282017461272002,0.7754014429741571,-0.01032547,0.9991378,0.4275133864311351,0.7870320310462491,0.010953027,0.9994724,0.5577410161018613,1.0510052506517962,-0.027204413,0.8323168,0.43551354893711036,1.0698015729791193,-0.10505257,0.7567056,0.42184133785972944,1.3144553853083532,0.16343372,0.10093979,0.578921379780754,1.2869086827368088,0.2438139,0.11100218,0.4219081482358682,1.3523069202628006,0.18468109,0.066241704,0.5873697640477987,1.3205855442145689,0.2686385,0.050352752,idle
0.45613789238602664,0.33732530228178975,-0.12906191,0.999884,0.4485198902722628,0.3117549184800373,-0.10111622,0.99988526,0.4811559844952509,0.30340990085170416,-0.09271507,0.99981403,0.42399510883572167,0.31209292036922076,0.048605096,0.9998936,0.48734730997063314,0.3169631822122924,0.085673,0.9998074,0.4430666034235827,0.3540570022939668,-0.074743465,0.99973583,0.46376926140392993,0.3537976638941161,-0.064722516,0.9995297,0.3855638455017273,0.4552367072241726,0.075695924,0.9996932,0.5351471778526089,0.4395732484427032,0.12114681,0.99945456,0.37059407113174436,0.6142294167399288,-0.1697983,0.9988634,0.5896393057115318,0.6021202436340602,-0.118874416,0.989201,0.5365600348738544,0.4649720466237385,-0.37230518,0.9933624,0.44285609767079204,0.45899964998537607,-0.40842062,0.99940014,0.5330727648756477,0.7796182825351027,-0.009357334,0.9992212,0.431027618177247,0.786725432508849,0.00992239,0.9995233,0.5612757301183056,1.0606122881148528,-0.034363292,0.83736575,0.42598404764345776,1.0754979539102782,-0.10852691,0.7579704,0.42920710703164044,1.3135290294421824,0.18645963,0.09150583,0.5605675482627587,1.2934153088909128,0.24821138,0.10173065,0.4189493957670437,1.3571835427279808,0.21313353,0.060492326,0.5815865746756874,1.320993241390175,0.273982,0.04641813,idle
0.45941594830851973,0.3276033661374868,-0.14193091,0.99989015,0.4367806630153609,0.30264780500487565,-0.113874994,0.99989146,0.4643302961610014,0.3038541772055346,-0.106333755,0.9998259,0.42974883127998365,0.32246944645988224,0.039675783,0.99989945,0.4884230876993553,0.3224262384824483,0.070805825,0.9998225,0.4424505364583343,0.35758327895260034,-0.08639036,0.9997476,0.4723664023675165,0.35572416486230246,-0.077605255,0.999558,0.3773249288380599,0.4448317678028265,0.07040928,0.9997073,0.5344323381147099,0.43780614298470294,0.11649934,0.99948066,0.3810745694691351,0.6143589472121004,-0.15842712,0.99894,0.5888169471512927,0.5979616475556871,-0.11390746,0.990184,0.5401742247630088,0.4611785088370983,-0.36803868,0.9939863,0.4450671692055118,0.4651297020721159,-0.39235443,0.99944025,0.5270690386654762,0.7754834986945885,-0.00840796,0.9992932,0.42296356179301586,0.7928108079392548,0.008948963,0.9995675,0.5696617378388543,1.0528315391385947,-0.0392028,0.84107363,0.4328075957456099,1.063611312990899,-0.10928285,0.76166093,0.4250478958766839,1.3030630900890314,0.21221595,0.08353091,0.5745798603710779,1.2884501934727604,0.25500494,0.09407407,0.4184199327163507,1.3362114480704044,0.24177086,0.055891726,0.572281561725309,1.2985488012836364,0.2824498,0.0433967,idle
0.4618891548883668,0.33294908769559733,-0.14296052,0.9998959,0.4436878965763006,0.3232062527664996,-0.11387068,0.9998972,0.4767472343326846,0.30809312190649596,-0.10563149,0.9998366,0.4387337867390908,0.3265437156109088,0.038775645,0.9999049,0.48675132297337464,0.30976570559255984,0.07342273,0.99983597,0.44747038898027425,0.34884402586914787,-0.08769438,0.9997579,0.46898960879649154,0.3468598126270689,-0.07827514,0.9995817,0.384873726335506,0.4540709285464114,0.066162676,0.99971795,0.5368353427307514,0.43805001947997335,0.12765142,0.9995005,0.37779098519826004,0.6128087511130227,-0.15344498,0.99901,0.5953202575449343,0.6072457995954087,-0.08894093,0.9910246,0.5430804641044804,0.46622681941474253,-0.3316744,0.99451745,0.44627384687763405,0.4612880048953584,-0.35932392,0.9994709,0.5290416813967123,0.7791053757186789,-0.0038432206,0.9993559,0.43294334480412366,0.7831311101502231,0.0042959386,0.99960667,0.55624842178492,1.0618211130382949,-0.049605835,0.84491134,0.42676324244636565,1.0579022063760826,-0.10969277,0.76714826,0.4159462799228326,1.3039018263166544,0.22078863,0.07677775,0.5521553922425628,1.279752068545124,0.26808116,0.08736429,0.4158333810477074,1.3407219680865128,0.25112092,0.05202542,0.5419009740634724,1.3003555204718436,0.29914114,0.041103538,idle
0.46085251825766715,0.33239000074674246,-0.14523323,0.99990183,0.43707316887240255,0.31014289360111874,-0.11653499,0.99990314,0.4733110692962432,0.3065792613562801,-0.107425824,0.9998476,0.42338193795652734,0.32180164423074814,0.034738854,0.9999105,0.4949414422496524,0.31225953197860773,0.07372426,0.999849,0.4397782932383606,0.3593828334446158,-0.0903464,0.9997698,0.47006358491742894,0.3395548231180453,-0.07985386,0.99960726,0.38357312704696855,0.44841056656966705,0.06079765,0.99972904,0.5416106168538739,0.44393738670481053,0.12986825,0.9995238,0.3813711938055221,0.6111552015905747,-0.16702673,0.99907106,0.5954236207123101,0.6008228621234497,-0.08867671,0.9917943,0.5295501626717116,0.46549982774069903,-0.3420595,0.9949938,0.44080815434439935,0.4689054312286858,-0.38378882,0.9994948,0.5255304142996502,0.7763033977022398,0.0017805283,0.99941295,0.43435621003879976,0.7882158817236321,-0.0013760882,0.99964243,0.5698591222393365,1.0610629545372374,-0.049904637,0.84822637,0.43566169008872047,1.05891406271652,-0.11998607,0.7726063,0.4258400853236265,1.3033630389764683,0.2012041,0.07081183,0.5537265196397783,1.262092572167783,0.2807866,0.08102641,0.4180344028745777,1.3408328158447618,0.23180446,0.048569903,0.5486211206804461,1.2941261467589573,0.31323853,0.039013844,idle
0.45176680077295717,0.329286024090917,-0.14763789,0.99990696,0.4409615437211136,0.30754412375230616,-0.11956916,0.999908,0.4749879812325424,0.2937305541835447,-0.11004057,0.9998576,0.4292944924398161,0.322943210722157,0.029145882,0.99991363,0.4836762712591267,0.3240601940913804,0.0703282,0.9998604,0.4419725208093441,0.354690530096659,-0.09369394,0.99977624,0.4678070526110949,0.3461838866066703,-0.08258764,0.9996263,0.3855715991402595,0.4586062173439196,0.053123135,0.99972427,0.5457335022711083,0.440405250404327,0.1256676,0.99954087,0.36660263927416914,0.6128903813894888,-0.17112127,0.99912035,0.5991920778128692,0.5988874828610364,-0.11080234,0.9925453,0.5358498271542937,0.44900273453613043,-0.35256797,0.9954606,0.43833229444294897,0.4597494391069287,-0.41338915,0.99952346,0.5229735138818686,0.7753586897569139,0.0015632121,0.99946636,0.426296277097612,0.7934172317023079,-0.0011537543,0.9996748,0.5722443515890235,1.0601019107635972,-0.04540215,0.8484517,0.4312049360134572,1.0669595653039587,-0.119243465,0.7674928,0.41695939656797687,1.318017709966534,0.16178858,0.06457294,0.5654975437426781,1.2769743249572447,0.25161344,0.07458935,0.40853957905944693,1.340790943179882,0.18497825,0.04474099,0.5707403451786062,1.2946869683020645,0.27734336,0.03616643,idle
0.463203240758551,0.3264688222153462,-0.1482883,0.999911,0.44569756354337886,0.3157964549597627,-0.12052675,0.99991167,0.4760038402314942,0.3072151099939057,-0.110908054,0.999866,0.42853065516715894,0.3236408063475488,0.027037114,0.9999157,0.4970314555273443,0.3129193118831583,0.068703845,0.9998702,0.45573279444358916,0.35697665813561624,-0.09484476,0.99978125,0.47995099717122003,0.3493162079757937,-0.08352059,0.9996426,0.3829212717048933,0.45114448983898936,0.050879527,0.9997191,0.5485776808658757,0.4449803029757002,0.122001365,0.9995551,0.3734145665331323,0.6133599110443471,-0.1818731,0.99916124,0.5981869916011923,0.5945140535565494,-0.11253895,0.99321383,0.5387479979912633,0.46646980828491846,-0.35612386,0.9958782,0.4500668343736208,0.4602080972853925,-0.42210174,0.99954766,0.5263992396384908,0.7757580656778434,0.0006015586,0.9995139,0.4290913463543925,0.7861827562958968,-0.00020651412,0.99970347,0.5681544703756481,1.064671180491257,-0.044228412,0.8497809,0.41791396242186907,1.0608819273582684,-0.11596225,0.76524246,0.4218096624480465,1.3085902696010785,0.16188177,0.059213247,0.5637300049173153,1.2678760716737048,0.24154377,0.06912518,0.4120182395477482,1.3514267111531777,0.18448822,0.041475948,0.5675334562481589,1.2865306576966202,0.26626605,0.033747017,idle
0.4486124281543019,0.33295722378395626,-0.16299962,0.99991304,0.43986243036554507,0.3025963921152275,-0.13368128,0.9999137,0.4695489053491766,0.30248861089775336,-0.12855461,0.99987185,0.41965663022417643,0.3226711964623285,0.02506588,0.9999175,0.48278362748765147,0.3125216469434959,0.050803103,0.9998782,0.4408864631625694,0.3463244203083124,-0.1027777,0.9997856,0.46329623021538946,0.34211734031529273,-0.097050495,0.9996557,0.3691055626988544,0.44393105624414514,0.051705897,0.99971265,0.527301490960661,0.4349483069216651,0.10140394,0.9995608,0.3623889803302641,0.6090542826387123,-0.1985719,0.9991877,0.5932443494865123,0.6080358593124404,-0.14109614,0.99378407,0.5339751965455647,0.4655608823641973,-0.41923326,0.99625856,0.44160793666570974,0.46203528342712913,-0.48266968,0.99956715,0.5085402235902892,0.7897654025018355,-0.0016892841,0.9995549,0.41430802126951505,0.779100837362899,0.0021413495,0.99972767,0.5604002558085617,1.0692368402458499,-0.037001017,0.85067856,0.41630530007215516,1.0546904741243506,-0.10113561,0.7646319,0.40155098696459857,1.312759728775326,0.21447401,0.05416399,0.564707068053748,1.2679435394873317,0.24206086,0.06452053,0.4023137074273312,1.3538065309140672,0.24098861,0.038409937,0.5643724551716969,1.2985842677015726,0.26718348,0.03170312,idle
0.4472132980041097,0.33390530004661445,-0.20581155,0.9999176,0.42343830316721176,0.3136568075211396,-0.18015288,0.9999182,0.45920667120744985,0.31305280170890387,-0.17468251,0.99987996,0.41547490529601305,0.3203642455757497,-0.017812468,0.9999218,0.4811949620998258,0.3089653658045302,0.005152591,0.9998871,0.4262236283604517,0.34853362005993105,-0.14425534,0.99979854,0.4467643868789023,0.3425429315839842,-0.13829336,0.9996799,0.3616792961206564,0.45706034080477187,0.025691733,0.99971455,0.52495793355846,0.4333275552196554,0.06606575,0.99957484,0.3527143595614294,0.6140371014437229,-0.23784351,0.99920535,0.5843527447080532,0.6063428844845422,-0.18591726,0.99427456,0.5326882885614932,0.47430638279608817,-0.4979844,0.9965825,0.43749989907261644,0.45611644705512117,-0.5377346,0.99958307,0.49278582363361334,0.7680434619653254,-0.003645184,0.99958295,0.3913642626820143,0.7901683683667753,0.0041508214,0.99974287,0.5530061931773705,1.0533634532486928,-0.025743086,0.85429394,0.407500556638825,1.0678745491053843,-0.09471066,0.76945394,0.39610367927901924,1.3056376731201962,0.2120277,0.05059126,0.5691749518602462,1.2719001004982695,0.23901245,0.06267889,0.39459989034127185,1.3224326150043315,0.23719046,0.03669661,0.5714696249797587,1.298505356064136,0.2610514,0.030983947,idle
0.4344919049276428,0.3356858798885548,-0.19385666,0.9999213,0.41376725603727627,0.30143656604967906,-0.16858248,0.99992204,0.44531100347395747,0.30429188280501746,-0.16321245,0.9998872,0.40073306529366304,0.33068798028486746,-0.010997594,0.99992526,0.4658604013704827,0.3077503537453856,0.010338518,0.99989545,0.4266507972455028,0.34839631275653266,-0.13454558,0.9998104,0.4463179482072268,0.3477361973394462,-0.12798356,0.9997025,0.36217400719797466,0.4510952152801336,0.03401815,0.9997215,0.5139598167621084,0.43458720474321627,0.06728436,0.99959475,0.3353819403372451,0.6043741516442148,-0.23654743,0.99923307,0.571997778625756,0.6029887565487394,-0.17241853,0.99468654,0.5249461724014024,0.46473530335313357,-0.48103935,0.9968642,0.4135050168571599,0.4579826338867115,-0.5191697,0.9995969,0.5005847508441817,0.7723617561049381,-0.009706509,0.99960315,0.3938185009912982,0.7764829864261895,0.010156153,0.99975234,0.5451927924215483,1.061814622085723,-0.045012012,0.86209327,0.39905506629286946,1.0615283086915455,-0.095158495,0.7842661,0.38766902525485614,1.2956433800858165,0.16928877,0.05200391,0.5618428097615639,1.2695845838768092,0.20593674,0.065238096,0.3946811268488497,1.3228258707232494,0.18875006,0.038496487,0.5579211695129345,1.2983102600846745,0.22584379,0.03243391,idle
0.4231759961060113,0.3316391703799995,-0.19172275,0.9999097,0.4011112777879111,0.310076839044259,-0.16767606,0.9999105,0.4307294117298569,0.29064573504856844,-0.1581159,0.99987906,0.3948651840460501,0.3209760370843815,-0.007728014,0.9999109,0.46090066648975025,0.3118680812131176,0.019629981,0.99989295,0.42138595421377334,0.35968599041958416,-0.12906203,0.9997952,0.4390781708100354,0.3535094509381894,-0.12680575,0.9996934,0.34510791296109755,0.45881431783786586,0.04190397,0.9996716,0.520882015345395,0.4466835053601582,0.06729397,0.99958616,0.32823577655513014,0.6094964875599928,-0.23614614,0.99916005,0.5583480252364195,0.6158662091213305,-0.17954358,0.9949811,0.5137498134947232,0.46929539120316005,-0.4734749,0.99709606,0.4134739969648229,0.45207577708237995,-0.5373578,0.99956197,0.49815121880131896,0.7646544142828725,-0.013012819,0.99961376,0.39577275691492775,0.7848414873125931,0.013405962,0.99975324,0.5399871974627128,1.0618888377545554,-0.0443469,0.8657203,0.391414132967676,1.06104866705329,-0.094785765,0.7907026,0.3898240897350501,1.3027641450022807,0.1682715,0.052547347,0.564129402741226,1.2649279002407217,0.19902846,0.06830104,0.37458315034038603,1.322912744262039,0.18753396,0.039324913,0.5609397325353327,1.3109970698662505,0.2176008,0.032690864,idle
0.4093525988849247,0.33435011512208296,-0.18756448,0.99990296,0.3939743848591114,0.2977412241928454,-0.16166465,0.9999036,0.4303333333739918,0.3104004058211457,-0.15326694,0.9998757,0.3766140780312788,0.3258572894965402,-0.005901427,0.99990165,0.4459203953704326,0.29603088602804306,0.018994195,0.99989414,0.39635428580771837,0.3493320833475342,-0.12676866,0.9997915,0.42614049310432367,0.35225258308926205,-0.12182756,0.99969876,0.34460022029837345,0.4460499881742272,0.045312285,0.9996517,0.5082609368217401,0.43796399261182845,0.06675841,0.999594,0.3133106346718433,0.6019468480743175,-0.21023683,0.99910104,0.5416875854653053,0.6131460387380563,-0.1651529,0.9952556,0.5122681781279035,0.46405274956705805,-0.47042313,0.9973067,0.39271962592656184,0.46246590274008437,-0.5130621,0.9995291,0.48293722972392894,0.7830458380102843,-0.014840076,0.9996234,0.3931933445988537,0.7827884756285007,0.01519419,0.99975526,0.5340327371585081,1.058869881284655,-0.047388222,0.86956346,0.38015637401859825,1.0614960678066203,-0.09598987,0.7983353,0.38819523196012373,1.3115801679219574,0.15157679,0.055740643,0.5640775135504905,1.2609634704547543,0.19472227,0.07267252,0.3836506702179975,1.3242809289992734,0.16960314,0.041535214,0.5631039984942973,1.2886238122137665,0.21387145,0.033486985,idle
0.4077727049419223,0.3180404092889989,-0.17832425,0.9998888,0.3837443733106555,0.31067091288432974,-0.15615599,0.9998875,0.4157160647138264,0.2904586960117505,-0.15004092,0.9998644,0.3654564752856688,0.32414173660683265,-0.005436847,0.9998793,0.42674602550520635,0.3020824025421484,0.022566607,0.9998896,0.39031504638767567,0.3478735334212514,-0.1190414,0.99977946,0.4161388108475602,0.3422289078853584,-0.11451403,0.99969983,0.3301368790899081,0.4414005727702607,0.053639133,0.9996098,0.48783656333222736,0.43281123778551417,0.070926115,0.9995897,0.31155116666357885,0.6028266077090676,-0.19393465,0.9988586,0.527647054124023,0.6064410320120488,-0.15722302,0.995268,0.49980652414781146,0.48071783296315074,-0.45921907,0.9973263,0.3945261616915302,0.45510764035797824,-0.49352235,0.9993767,0.46110203521794646,0.7658201641545077,-0.01506464,0.9995737,0.39216760911243453,0.7780564294092523,0.0153854815,0.9997099,0.5339839085013081,1.0599645548331837,-0.06432127,0.87168103,0.3757049835604004,1.0693223997094121,-0.09652722,0.8050286,0.3878025864986907,1.2902267222521688,0.15210278,0.07054922,0.5583285981593854,1.2714435179753936,0.15097055,0.090948954,0.3845276043508188,1.324481001570054,0.17043176,0.05122855,0.5653236339039405,1.2909320252291347,0.16686033,0.038656946,idle
0.3950942816522376,0.3238205958675155,-0.14802358,0.999844,0.37508399607654996,0.3049167172707175,-0.12466507,0.9998338,0.40105985555202706,0.29824231971207066,-0.11805533,0.9998154,0.3607404385111891,0.32201547348024184,0.017293436,0.999803,0.42916506069728333,0.30224655806839357,0.047788516,0.9998501,0.38604444488426803,0.3541182336466527,-0.09326722,0.9997108,0.4098487595030491,0.3416360109861399,-0.085556015,0.99964404,0.31811283587421313,0.4443033790990699,0.06330309,0.9995285,0.48723318130645166,0.43270682787382825,0.08487431,0.9995229,0.2983718246975541,0.5935824024981413,-0.18805452,0.9985259,0.5191713237119548,0.6055797886741399,-0.13308854,0.9949642,0.5007212236269787,0.46165749317701094,-0.42441744,0.9972622,0.39065212160772833,0.45476941055468534,-0.46169072,0.9991863,0.4637085506785682,0.7513141284046422,-0.014468539,0.9995035,0.3790407225078529,0.7797759551846168,0.014812281,0.99965084,0.5236079336756749,1.0163200200601215,-0.10138053,0.87029827,0.3764834615431767,1.0631771965375099,-0.1005186,0.8060776,0.38657959480288906,1.2707413670856849,0.15415215,0.07995752,0.5568490247578717,1.2487127260132247,0.096009195,0.1068474,0.39818261687223877,1.3020180529923586,0.17241143,0.05545176,0.5527145143172124,1.2841087278844545,0.11070953,0.040876847,idle
0.3699657373146762,0.32438507096535557,-0.13994588,0.9998365,0.33941761928762826,0.2956146372922543,-0.11224805,0.99981827,0.3786086926901667,0.29753284935053215,-0.1055334,0.9998002,0.3326457740342248,0.3127784216213238,0.042063773,0.99978644,0.3979145043253053,0.30938564899243987,0.07396976,0.9998441,0.36120159569471966,0.34557695950201583,-0.08178256,0.9997095,0.38419861195457217,0.3502318856494704,-0.072974205,0.9996512,0.29708844139950286,0.4392790103518121,0.08447842,0.9995224,0.46404672619049225,0.422942550637507,0.13131317,0.9995035,0.2819118892247321,0.6012528806040089,-0.18539028,0.99809206,0.5206258161688408,0.6141641915884262,-0.089300774,0.99355984,0.48625010047979655,0.4592028746001767,-0.4221056,0.9966165,0.35482492284902734,0.45363234421111703,-0.46535644,0.9988316,0.46645393424781023,0.7286803738614125,-0.0039609307,0.99937177,0.3764613099401931,0.7700267430462373,0.004204843,0.9995356,0.5230552565829063,0.9637540551559816,-0.27393156,0.8751221,0.38822517517872346,1.0526923225729568,-0.13290024,0.81328005,0.40395358000851567,1.2738949503263812,0.13291666,0.12248156,0.5528051361637798,1.2054902330900965,-0.011010717,0.14685397,0.4176344473316599,1.3099988883888496,0.15084484,0.07304922,0.5564122505319293,1.2376943819276827,0.010782659,0.05803632,kick
0.3539472975430151,0.33162680625609203,-0.14153455,0.9998485,0.3449317591773231,0.30444317630207907,-0.11765553,0.99982923,0.36618795469520915,0.3046430749283974,-0.11195092,0.99981093,0.3303885956756206,0.3272078963375462,0.034210514,0.9997971,0.391569586425345,0.3086038700631257,0.071767785,0.99985176,0.34370162878632193,0.3498400560409694,-0.08627055,0.9997313,0.370684586183615,0.3487020515304498,-0.07918085,0.99967855,0.2823563137903726,0.4474586477623208,0.08363002,0.9995414,0.4453361905166462,0.43780492343407734,0.16187897,0.9994972,0.27437242777379534,0.6001983831201712,-0.22337064,0.9979133,0.5030542822476738,0.6039935951033354,-0.04629316,0.9883332,0.48191624681845835,0.46882486392481243,-0.42606664,0.9947225,0.3559188391563737,0.4550020451985043,-0.5522524,0.9986975,0.4723200847383804,0.7350636867440404,0.015237247,0.9991948,0.37510885910314895,0.7726110085186231,-0.014950929,0.9991861,0.5229052444514184,0.8733092434280163,-0.49549308,0.88035756,0.3865260998738991,1.0443763010968916,-0.17890927,0.81664246,0.4184649073691141,1.2498655208854983,0.09124486,0.15674287,0.538085456352694,1.0969966137274432,-0.27774164,0.18928932,0.417705691345566,1.280166506965765,0.109137855,0.09296779,0.5467054013072588,1.1766733380296464,-0.25971898,0.08583529,kick
0.3473669032383574,0.3249081387879678,-0.20221289,0.99985284,0.3171313703394888,0.30598053313495954,-0.17904508,0.9998228,0.3571649792675108,0.28820143241136115,-0.170606,0.99981314,0.3025823693495543,0.31458271471912125,-0.0344032,0.9997718,0.3704705639715833,0.31057144585021507,0.0063615805,0.9998516,0.34166392356493747,0.3530067174956222,-0.14567335,0.9997391,0.3571493065635246,0.3576909381675603,-0.13458213,0.999699,0.274296543047435,0.44331778009834083,-0.0025011948,0.99950486,0.4399334459024371,0.42556230297974706,0.09704583,0.99950516,0.2762095439280098,0.591071156269057,-0.27300504,0.9974766,0.49572310612724424,0.5921544277124069,-0.10987701,0.98401535,0.47088008440487883,0.44649322140885944,-0.4484163,0.9932228,0.35322777035986863,0.45661573621866325,-0.53454524,0.9984799,0.46524020779523,0.7201692640053159,0.0159804,0.99916524,0.3792579793629034,0.7654887794708085,-0.015660424,0.99875754,0.49594818228858584,0.7135619561930086,-0.6473289,0.88692254,0.3894577765618574,1.045752645309753,-0.15859881,0.8203293,0.42282128533161856,1.1637252484820961,0.1853261,0.19067597,0.5332192649515359,0.9768558338870189,-0.4618706,0.24287854,0.4433619693340708,1.1901253966703234,0.21665075,0.119963266,0.5281392514251998,1.0084679158774121,-0.44144106,0.14322169,kick
0.3400702277090577,0.3225185747380476,-0.1805107,0.99986094,0.31724281436191937,0.3115473126212482,-0.15553342,0.9998281,0.3452389289620855,0.2953618756686106,-0.14635047,0.99982053,0.3028318548389909,0.31976127808091437,-0.020153945,0.99976945,0.3709063464303518,0.3053414551341334,0.023630667,0.99985594,0.3273583519424117,0.35215581821006126,-0.12638903,0.9997501,0.3451325762789924,0.34389942203443447,-0.11471176,0.9997182,0.2649257744519983,0.4441872558182479,0.01174925,0.99950933,0.4353015623510811,0.4293803599252155,0.13522801,0.99950176,0.2607250645416812,0.5995125884420722,-0.25050974,0.9972459,0.49172843316568804,0.5907759471916308,-0.054572575,0.9798009,0.47941847399694015,0.4561969419227705,-0.3905234,0.99089223,0.3329009146899822,0.4469954466662974,-0.49942946,0.99835443,0.4572459528463684,0.7079557855647345,0.032502472,0.9991333,0.36455788113579723,0.7691375933435739,-0.03210026,0.99850076,0.49857934526583325,0.6956681623786436,-0.6477279,0.892925,0.3964334220435848,1.0284294250881165,-0.18373027,0.82850456,0.41553643566996845,1.1944184179349604,0.14394338,0.225865,0.5273179737392735,0.9517323124963479,-0.4637723,0.28749117,0.4327718186873698,1.2222803539208091,0.17205311,0.14547126,0.5204862738444318,1.009543316938564,-0.44411963,0.18911806,kick
0.3249008335113368,0.3269686178180614,-0.17836933,0.999865,0.30324443625114406,0.3063148704810513,-0.15385126,0.9998242,0.3361039350008441,0.301178263498855,-0.14581394,0.9998246,0.2988799946104833,0.3230343120827878,-0.01642006,0.99974895,0.36019116494979075,0.3149711346252375,0.018593088,0.9998569,0.30355157949287437,0.3513257994696527,-0.12396242,0.9997515,0.3326184048782238,0.35086846304280667,-0.113643005,0.99973273,0.25705484042373894,0.45201941289294567,-0.0010410035,0.9994991,0.41994920855076767,0.4252492650982545,0.119842336,0.99950725,0.26256721527986626,0.6011150242407487,-0.24678867,0.9971831,0.49519367049133023,0.5750767979240264,-0.06414112,0.9793752,0.47372444687640813,0.44076158305204066,-0.4032154,0.9903655,0.3481427378421371,0.4609420495821782,-0.47764054,0.9982945,0.44839006471959564,0.7118145847300189,0.033231884,0.9991136,0.3682828258211096,0.7653675063867025,-0.03277021,0.9982139,0.5185716106856464,0.6723555195263896,-0.57749474,0.90046716,0.3965516236358093,1.0213111407865778,-0.16669129,0.83988756,0.43204208615830886,1.1739402854425514,0.18938622,0.25816602,0.5341982072790497,0.9328416792564957,-0.42356843,0.34138352,0.426180062884166,1.1815251548495085,0.22163308,0.17202595,0.5216984964990987,0.9622378524834994,-0.40498477,0.24867845,kick
0.3225859404861606,0.3284886602281439,-0.1972956,0.99987096,0.3080875719101961,0.3222001869468182,-0.17294174,0.99982363,0.3331945311604003,0.30973633915578086,-0.16254571,0.9998311,0.286572925989265,0.33254521869857684,-0.032373257,0.9997382,0.3539349722987174,0.3101790884184661,0.014723413,0.9998561,0.3167686141419186,0.35192967040193357,-0.14282659,0.9997633,0.3407135070513394,0.35711481161217784,-0.12905009,0.99975157,0.24853130812689428,0.4485327740505999,-0.027450275,0.9995046,0.4033872577499594,0.42122623986247987,0.113111235,0.9995286,0.2545575072728816,0.6124270315457095,-0.29328638,0.9970687,0.48611640468188655,0.5623370925064116,-0.10524462,0.9767896,0.4696144804316046,0.44054424127760833,-0.46657032,0.9898581,0.33606733385636234,0.4626661387602135,-0.5423449,0.99827105,0.45225083015242284,0.7029410107943728,0.030218443,0.9991785,0.3736317316876414,0.7684718597524538,-0.029974068,0.998219,0.5012127269232646,0.651574103803156,-0.63029873,0.9079213,0.4022288148294405,1.0233728309830081,-0.18838118,0.84908897,0.4177505874759967,1.075241419836337,0.32829255,0.28355473,0.5569473961404409,0.8449523238895598,-0.4427587,0.39649272,0.4249898530745717,1.0697161270679203,0.38184053,0.18910581,0.5472465422646782,0.8798536037653798,-0.4202823,0.30405438,kick
0.3073896230744855,0.3290435570636916,-0.3857849,0.99987787,0.3052807517483169,0.31834749566785586,-0.36398512,0.99983245,0.33716480427798534,0.3075421722614988,-0.35727558,0.999842,0.27028461081200916,0.33598521092238576,-0.19664244,0.9997491,0.3480570202610552,0.31484716206867636,-0.16715144,0.9998648,0.3034020755920023,0.35194787232537866,-0.32027063,0.99978095,0.33242748705232383,0.3609902950863897,-0.31145734,0.99977297,0.24614034742857305,0.46785564270819485,-0.1382282,0.99951726,0.41268849869958624,0.43433839680657305,-0.062183022,0.99955964,0.2558570000810817,0.6192840396310251,-0.44999495,0.99693674,0.4886861317542266,0.5632013139929826,-0.3370121,0.9761328,0.46370671605109937,0.4244375820903821,-0.7479968,0.9891197,0.33157590684173843,0.465600933041197,-0.78712255,0.99816585,0.4490217196299534,0.7011610114756812,0.017441126,0.9992369,0.3711503788166445,0.7694418736635098,-0.017162632,0.9982369,0.5119268026274962,0.6444832306692502,-0.59573233,0.9155515,0.4007767167709889,1.0214800931858603,-0.07383669,0.85755146,0.4239789539917934,1.1033416879883573,0.3802045,0.33350456,0.5923890065228195,0.812222628741859,-0.42866892,0.4509579,0.43517118811328936,1.1177838601806989,0.42191863,0.23766784,0.584754690795557,0.8532895339812927,-0.40930885,0.36189717,kick
0.31414639429937774,0.3385204203790897,-0.39671412,0.99988514,0.2835735200232582,0.3160956490419763,-0.37681183,0.9998426,0.324097309023908,0.31134068632952794,-0.3679548,0.99985254,0.2720700769899407,0.3325535036995569,-0.21981683,0.9997637,0.3488260999590671,0.3080257742412724,-0.17995514,0.99987245,0.3101828789225226,0.3596411000881696,-0.3354314,0.9997969,0.32965474182967813,0.3534660228912512,-0.32367358,0.9997914,0.2508868305680487,0.4716804502698646,-0.16663978,0.9995337,0.4057246738477116,0.4272974562054305,-0.073256455,0.99958163,0.26143401123582677,0.6169894752965965,-0.46711287,0.9968971,0.49388203314048196,0.5610851171634667,-0.34556848,0.97319114,0.4778065101235891,0.438711641343925,-0.7700959,0.9878948,0.3362225485418786,0.4643983639422536,-0.78498757,0.99816924,0.4479126553624915,0.7004367673760404,0.016770441,0.9992931,0.37465914408669565,0.7689508308637789,-0.016516145,0.99828887,0.5066972581981326,0.6506826111638786,-0.5544616,0.92286295,0.4076479723891112,1.0161621660758553,-0.06436408,0.8675626,0.43463029751910776,1.1003516252953622,0.39241445,0.382234,0.5981613332580686,0.80719964450383,-0.38102138,0.5013872,0.4504886431183047,1.1005210559989158,0.43421865,0.2852923,0.5976998647125444,0.8432457459403203,-0.36234012,0.41571575,kick
0.3111970538162856,0.33177518455241056,-0.3490376,0.9998921,0.2920505038303397,0.3197160739796544,-0.32935548,0.99985284,0.3236250743060105,0.32170390319250247,-0.32100832,0.9998631,0.2722950039152574,0.32961695247878203,-0.17441092,0.9997786,0.3450721480495881,0.3240500245845377,-0.13600853,0.9998807,0.29752514898032223,0.36950660456039636,-0.28831092,0.9998106,0.3208095426039824,0.35873266898576994,-0.2771591,0.99980754,0.23545837104099654,0.46980403022937944,-0.12363227,0.99954516,0.4017482235666475,0.42913937330176505,-0.028605308,0.9996012,0.2555523760242785,0.6184684278901926,-0.40944386,0.99679375,0.4816687922700942,0.5628942505688966,-0.27588415,0.9693494,0.45946500969891113,0.4288224257441821,-0.6893203,0.9860322,0.31982589626360325,0.4590717534537805,-0.71944934,0.99813694,0.449984036118111,0.6925565172221182,0.01675104,0.99932617,0.36225340851422416,0.7624191676536564,-0.016495686,0.9982926,0.5181404734448929,0.6357723260003858,-0.51897776,0.92884934,0.40992816785505504,1.03385840172093,-0.04998017,0.8765494,0.43187445920106704,1.135695150431535,0.31236988,0.42192224,0.6461845267810753,0.8023253711510503,-0.42571765,0.5447978,0.44806450347465876,1.1289131397659347,0.34963232,0.32553118,0.6393841392422497,0.8396642447945817,-0.41785002,0.4615049,kick
0.3028979559674069,0.34096482887842133,-0.32651937,0.9998981,0.28396007901661413,0.31620766105054154,-0.30611253,0.9998627,0.3072038483250965,0.3009871696446578,-0.2994004,0.99987286,0.2715707415589038,0.33103653763415236,-0.1506781,0.99979305,0.3295672767443102,0.319635062855763,-0.11957791,0.99988836,0.2863452322467436,0.36043267610940044,-0.26548612,0.9998244,0.3119293185065206,0.35489148577090934,-0.25622135,0.9998231,0.22067525267458443,0.4751171677668892,-0.097297594,0.9995654,0.3975769432753433,0.42289504914052833,-0.011940027,0.999618,0.25353559351393395,0.6203378183980554,-0.3940375,0.9966785,0.4799548832617504,0.544601026509986,-0.24871211,0.9656664,0.4522380171365121,0.42982578352677436,-0.634725,0.9828519,0.31343843461171084,0.46300612307311845,-0.7247538,0.9980667,0.45113690768309544,0.693368905820192,0.018397905,0.9993018,0.365347647486128,0.7732576708629352,-0.018210499,0.9980946,0.5292740024569649,0.632496743674337,-0.5133885,0.9333275,0.396364071192873,1.0211322083917362,-0.05146283,0.88444597,0.41343379572024685,1.1434860415352217,0.2291191,0.46101114,0.6754266954237529,0.7836887748678285,-0.435875,0.58374584,0.4497449843198077,1.1704616190984551,0.24856499,0.3635725,0.6693162265114231,0.8247060112884109,-0.43355316,0.49841517,kick
0.29316872378772707,0.34221314790243806,-0.30274633,0.9999045,0.2698642893533275,0.31650799794341444,-0.28109694,0.99987173,0.3075863682270149,0.32088150661703796,-0.27374431,0.99988145,0.2595319003270846,0.327774089443752,-0.12745151,0.99980795,0.3207728664533035,0.3209698755082756,-0.09331591,0.9998954,0.29569417632604544,0.3702906677152708,-0.24276975,0.99983865,0.30972335900535763,0.35119405731152364,-0.23278765,0.99983776,0.22518445245434204,0.4717018695024145,-0.08188956,0.9995942,0.3919743403152316,0.426327140572619,-0.0055285525,0.9996358,0.25045133481814796,0.6205815097310913,-0.36965224,0.9967999,0.488240532752933,0.5382548469706295,-0.17250171,0.9645816,0.4497419698434092,0.43211652778179016,-0.5330959,0.9810843,0.3095283540767516,0.47033923095281055,-0.6904938,0.9981217,0.44481217214302793,0.6757583782636143,0.028612977,0.9992018,0.37470825190392654,0.759413555874045,-0.028431555,0.9978072,0.5558429957409978,0.6228826936429281,-0.41440743,0.93581456,0.3973889561394678,1.0172631590981864,-0.07240563,0.8912846,0.4206072741471125,1.1879009913506955,0.1532152,0.49846312,0.7341082687181633,0.7464265324622794,-0.38978794,0.61347514,0.43689559747176954,1.1943529620915763,0.1694333,0.39450943,0.7251058578993101,0.7946844638292558,-0.36399165,0.5355957,kick
0.287558277866923,0.3357704431749196,-0.29773253,0.9999111,0.2649996753437691,0.32638785452719665,-0.27600017,0.99988097,0.30043154551779316,0.3166111222719168,-0.27172023,0.99989015,0.2576495148811092,0.3408389608313022,-0.12099721,0.9998233,0.3245905259287639,0.32368429472267685,-0.08507776,0.9999031,0.27422222643159044,0.363601528352126,-0.23608628,0.9998526,0.30336458921512655,0.3610521517647264,-0.23068757,0.9998518,0.22296025308109613,0.4730606018041322,-0.06245593,0.9996274,0.3829364757897866,0.42020292576489204,0.0091250315,0.9996581,0.2537290411366584,0.6312102309470649,-0.31974375,0.9967884,0.4805344148572839,0.5431394744473518,-0.15702876,0.96389824,0.44247670217187585,0.4423476738494898,-0.5205419,0.98067355,0.29910836910214755,0.4761872706179181,-0.68688154,0.9980749,0.4466020891643606,0.673627060333751,0.029927706,0.99896777,0.3714558284133199,0.7618673437497174,-0.029744571,0.9973759,0.5664200969903948,0.6213634054826883,-0.36383432,0.9371051,0.39384528929470763,1.024127147721866,-0.09612528,0.8976409,0.42785927735647666,1.1734973842146388,0.090944394,0.52667063,0.7721900686905026,0.7325945480902859,-0.37887317,0.6348295,0.4497596167765462,1.209447752218429,0.10523585,0.41331637,0.7756038929551357,0.7591812644363503,-0.340046,0.56232345,kick
0.2740724528020879,0.3382207483449241,-0.29840222,0.9999169,0.25486415616953295,0.32853459672027097,-0.28131825,0.9998897,0.2997340321501544,0.31923671572009776,-0.27351233,0.9998981,0.24052007634585937,0.3428173759959894,-0.13426892,0.99983835,0.3184907619975399,0.33465804719593006,-0.089979365,0.9999107,0.27821237273753496,0.3737722074636578,-0.23829618,0.9998657,0.3090418265218202,0.3686266828630119,-0.22749135,0.999865,0.2151395155882464,0.48448055275878615,-0.06473617,0.9996595,0.3670462916720416,0.41680604482016026,0.0137532,0.99968505,0.2489519175228181,0.6368193417373877,-0.31624645,0.99681544,0.47566006316960463,0.5373926280515577,-0.1469132,0.96215236,0.44760959790370536,0.48266470951224644,-0.48223123,0.97582346,0.3026568732958983,0.48295417404718755,-0.6741195,0.9979623,0.44214128267523733,0.6650368845249008,0.028455261,0.9988061,0.3695421408624332,0.7598973360142268,-0.028244624,0.9970911,0.5866759680190654,0.6277825441016471,-0.30624622,0.93767476,0.39246004342163665,1.0054085446762016,-0.11000848,0.8997178,0.42699785846299565,1.1853926484132113,0.066059664,0.5436133,0.8114760098800753,0.7143153677134875,-0.29731393,0.65343267,0.44984086778273014,1.2022347995191571,0.07932223,0.42596903,0.8241576414999823,0.7567685143737908,-0.29139507,0.58361006,kick
0.27832171762840074,0.34280175927294043,-0.2628166,0.9999125,0.24683828074480252,0.32693717745263495,-0.250733,0.9998895,0.2899170731259607,0.3158138131524236,-0.2394336,0.9998967,0.24296174667086234,0.3488617345767893,-0.13051601,0.9998451,0.30900511497882444,0.3204504101942749,-0.066528216,0.9999091,0.2571730473991436,0.36668315845075755,-0.21058598,0.99987143,0.28953978020238325,0.36529990418538794,-0.19426732,0.9998678,0.2105536437778952,0.4765453437863935,-0.053763866,0.999681,0.3660254068274197,0.41228161100171723,0.021629049,0.99968946,0.24016958477115347,0.6341118210631774,-0.267459,0.99669063,0.4765921199382087,0.5361518033886714,-0.14611906,0.9596257,0.4290647233175712,0.4612193489158914,-0.4725307,0.9747475,0.2916845034095269,0.47988431831917727,-0.53687584,0.9977548,0.4487238062537814,0.6719288094607248,0.026790252,0.99800766,0.36679734640673867,0.7468292914671506,-0.02665543,0.9961753,0.6193035680308396,0.6494043612879162,-0.16060917,0.93922365,0.394171324591427,0.9974028956172084,-0.10961988,0.9025604,0.4276627706191448,1.1920522713886619,0.054441668,0.556934,0.8407774675063566,0.711304281976405,-0.14261983,0.66760325,0.4524531277698758,1.2154049903012256,0.065997496,0.43367383,0.8582870013564292,0.7447444071204211,-0.1414011,0.5888912,kick
0.2650325916469971,0.3443955427390896,-0.18870677,0.9998937,0.25406116333323603,0.32537035063929726,-0.1783225,0.9998743,0.2835174318894331,0.3187608363772656,-0.16235399,0.9998803,0.23221120308889964,0.34127649212683514,-0.075021096,0.99983674,0.2924166045529094,0.32769125366894225,0.010085507,0.99988556,0.2483403857921871,0.3740738391211815,-0.14433531,0.99986154,0.2815345247780092,0.37324477361031705,-0.12088297,0.9998447,0.19320574228033804,0.4785266398632964,-0.02298895,0.9996908,0.35598015609029865,0.41487668193319027,0.08275051,0.99967337,0.22604103758817784,0.6469132146046644,-0.23976345,0.99623805,0.4662970177419181,0.5467743994372268,-0.104133226,0.95562434,0.416750407218902,0.42773507584631965,-0.43706322,0.9740402,0.2829747956242542,0.47966861123731247,-0.46695748,0.99718076,0.4539851767317725,0.6601475251488548,0.025780335,0.99709815,0.36741774562519425,0.7529154474047982,-0.02578124,0.99543965,0.639575109884654,0.6630825963959942,-0.076130755,0.9409161,0.3916761387600721,1.0005764508407522,-0.11068507,0.9069046,0.4520674758437455,1.1975493014422005,0.041050225,0.57160836,0.8772873222299935,0.7277305990310798,-0.07603755,0.683243,0.46645865236784856,1.2090539796197115,0.053426288,0.4381042,0.8862137654245624,0.7409933359174323,-0.07636155,0.5895116,kick
0.2657734892116945,0.35252700833451384,-0.21658814,0.9998692,0.24001934347622877,0.33063360179556683,-0.20361206,0.99985796,0.2845191998309866,0.3260886206426421,-0.18996447,0.99986106,0.219004841610831,0.3414103225359901,-0.07715426,0.99982804,0.2894113633650942,0.33723758673612103,-0.012441063,0.9998602,0.24940667238381398,0.3801547646857188,-0.16732205,0.9998502,0.27291689719087786,0.3770170011650122,-0.14680499,0.9998173,0.1858419271678199,0.46825028149542963,-0.029756695,0.9996901,0.3469737121512887,0.41437595188431847,0.06951548,0.9996504,0.2264677612751912,0.6328683597697714,-0.2690934,0.99564177,0.45381378470501077,0.5410347550728679,-0.122195855,0.9535521,0.4070578858831101,0.4172443502944951,-0.47428522,0.9736457,0.28237048240845386,0.4888755658936236,-0.525022,0.9963989,0.4540138230823716,0.6706116752390606,0.022854041,0.9964086,0.37136406704595015,0.7588542532335952,-0.022846524,0.9948111,0.6397563972386517,0.6837219569584023,-0.02083055,0.94287145,0.3934301466440029,1.0087106998372175,-0.0836263,0.90964156,0.4645292814926575,1.1878597850130619,0.0951062,0.58115166,0.8650338084372454,0.7395924623324283,0.020493172,0.6982256,0.4889126203233448,1.1988250205346689,0.111956105,0.44731975,0.8699917457505635,0.7664556007761596,0.023851084,0.5933477,kick
0.26542385529778123,0.35289712570948056,-0.20822063,0.9998617,0.2363736395336321,0.3374128252265741,-0.19918242,0.9998533,0.26994031928676676,0.32270760390077236,-0.18440464,0.9998556,0.21505439204820342,0.3394449114633794,-0.08181995,0.999829,0.2883196660019498,0.3217140784267868,-0.00940975,0.9998525,0.2547139428673382,0.3808389852434207,-0.16084687,0.99984866,0.27538444391926686,0.3792550510483042,-0.13832973,0.9998076,0.18909156160996676,0.4761303874491393,-0.028646927,0.9996977,0.3465275493779588,0.4150815143309289,0.063788585,0.99964935,0.22879176190561312,0.6510242025256737,-0.24893191,0.9951701,0.459545044150238,0.5352012558276404,-0.12219609,0.95287204,0.4038115725171153,0.39945059327045307,-0.44001085,0.97399765,0.28688840993335474,0.4834801613592439,-0.48592472,0.9957393,0.4626809445917106,0.6650726975602397,0.020659724,0.9958637,0.3706865300347528,0.7523074939923781,-0.020617858,0.99424005,0.645897948904782,0.6871491327418332,0.011773078,0.94530356,0.3956724594523139,1.0081248306684254,-0.0782962,0.9137053,0.46933214647242394,1.1749019999786199,0.10236095,0.5934432,0.858943373627677,0.738856827713049,0.04636696,0.7131841,0.4842182645796784,1.180527678984866,0.11900511,0.46101168,0.8757466730006545,0.7635456200011983,0.04942157,0.59996605,kick
0.25718534449836994,0.3581995195803309,-0.2206955,0.99985087,0.22661960649773838,0.3340578764902153,-0.21701817,0.99984825,0.26676974390917707,0.33170840448934324,-0.20202701,0.999848,0.20463714181154402,0.3426584188468587,-0.09801716,0.99983054,0.2842574620414574,0.33432901354778,-0.022020623,0.9998433,0.24646260081898352,0.3803552169214622,-0.17222658,0.9998479,0.271950300942285,0.3729444951637901,-0.14627567,0.9998008,0.18867006271331388,0.4833339383327254,-0.02933842,0.9996957,0.3577373444752292,0.41924895610623975,0.05412515,0.9996385,0.22619201313234816,0.6502788326263743,-0.25899005,0.9947201,0.45670908625720985,0.5396933575666583,-0.13541311,0.9520199,0.39387289380965596,0.4099459434582933,-0.49098206,0.9738958,0.2777595339038166,0.4829906255514246,-0.55673635,0.9951266,0.45592468730292635,0.6736650956250567,0.019024437,0.9947788,0.3678232508407684,0.7580221407515815,-0.018917138,0.9929415,0.6352983587366405,0.6941581408949469,-0.036192443,0.947331,0.39460186026006117,1.0031211789557155,-0.0865228,0.9159941,0.47252768926861166,1.1819595067955984,0.06535482,0.599591,0.8517188662373236,0.7401648889004024,-0.011031783,0.72662324,0.4977329063330773,1.1919388987289652,0.07704028,0.4651412,0.8685930817988649,0.7774539610526864,-0.010806548,0.6029139,kick
0.2585752593926748,0.35793580053549495,-0.22101572,0.9998418,0.2287242357277831,0.32763322273774803,-0.21751027,0.9998405,0.24862239351757254,0.32764144489220837,-0.20377946,0.9998405,0.20995369564579125,0.3574241513442504,-0.09749209,0.9998261,0.2766118498521163,0.33160668236401897,-0.026009629,0.9998296,0.23925594861382193,0.38408580107898493,-0.17358528,0.99984,0.26908684609932965,0.3742236424371386,-0.15130663,0.9997867,0.1911690763622782,0.4822889941468226,-0.03203025,0.99966747,0.351074572480357,0.40270614472456995,0.052766293,0.9996204,0.22958496451235622,0.6555148550860255,-0.28957182,0.9944736,0.4555283165076842,0.5362347016140413,-0.14191383,0.9527202,0.407109261847189,0.4067384031714166,-0.50740796,0.9744721,0.27869321073582887,0.4834921640837576,-0.60506284,0.9947349,0.44721013910579765,0.6749229435431681,0.017490048,0.9940951,0.3641135258245388,0.7572424907133926,-0.017374774,0.9916506,0.6345910848787153,0.7214784415553999,-0.058113974,0.94994456,0.40367824297607124,1.0080443650250135,-0.09037884,0.9188943,0.4665088132096432,1.1878132914030963,0.06440944,0.6085159,0.8653761264421213,0.8002556409980826,-0.045208707,0.74377203,0.4998097077460295,1.2000856986872104,0.07604476,0.4721666,0.8801237743237935,0.8355477418016134,-0.047429822,0.6104169,kick
0.24199100308468768,0.34827252887948323,-0.247479,0.9998273,0.22338076329810141,0.33338637825345036,-0.23661487,0.99982715,0.246495766795215,0.31991490156152963,-0.22410521,0.9998279,0.2015106591356407,0.3439094653130799,-0.10362227,0.9998169,0.2700646013806931,0.3388937482045699,-0.036598273,0.99980927,0.237646611200663,0.38070525127412935,-0.19318342,0.99982727,0.2661528137066915,0.3717017383021972,-0.17348759,0.9997664,0.1939403510253399,0.48993370797745556,-0.035452418,0.9996089,0.33966983365795045,0.41560629937389754,0.050792318,0.9995979,0.23064698279080464,0.6461042446249747,-0.3113863,0.9940786,0.460987855560301,0.5253731254026438,-0.15366611,0.95234287,0.4010156500964046,0.4042693284090615,-0.53230727,0.9749498,0.26776486569878666,0.49033719615581806,-0.6415453,0.99421453,0.45216512082852267,0.6769793187056867,0.01747737,0.99370754,0.37100892827977616,0.748206764653713,-0.017360412,0.9897854,0.6378967664296042,0.7288117030453855,-0.1119684,0.9532022,0.40034165705979274,1.0239391583067585,-0.08971848,0.921885,0.48091162888978267,1.1866035382432143,0.08253152,0.62005234,0.8610008795207155,0.853805997461008,-0.07842389,0.7626473,0.4919770777389074,1.2057831101776029,0.09597435,0.48276648,0.8726799388454598,0.8892457841073227,-0.07094771,0.6239926,kick
0.25084126835257936,0.3516871237829801,-0.45532075,0.9998215,0.21627777175680507,0.32814537159818535,-0.4397614,0.9998224,0.25510628794994306,0.3272112043916765,-0.43103784,0.99982184,0.2109002195568982,0.3497670460764132,-0.27345663,0.99981725,0.27322795071386197,0.3284830709944965,-0.22938852,0.9998055,0.23762383356194017,0.38318889211454743,-0.3876235,0.99983215,0.26337881116809003,0.36135868168489443,-0.37501967,0.99977654,0.18574102947796678,0.494176119082104,-0.16509916,0.99959165,0.34400902594501837,0.40321133237330936,-0.11670065,0.99960834,0.23520068783593218,0.6620691070605682,-0.47417408,0.99413264,0.4528000861271535,0.5098785963315606,-0.40148658,0.9551335,0.38939049984447194,0.38939103174024176,-0.8519244,0.97623026,0.2655190381275315,0.4840322468540797,-0.85753554,0.9941914,0.4553818023367333,0.6783031425420005,0.00022848579,0.99390817,0.36519909238961823,0.7506858788316552,-1.5680842e-05,0.98909914,0.6246490783714106,0.7990367308639472,-0.2885046,0.9565853,0.4017734875918968,1.0207073757489418,-0.08792156,0.92418116,0.4760053154185415,1.1768351633029916,0.2748583,0.62562543,0.7848404861613353,0.9836405252170841,-0.20351441,0.78026843,0.5046074411130208,1.1702015160151766,0.3051968,0.4851256,0.7863133719570637,1.0238150086597335,-0.2002341,0.62686795,kick
0.2443669390277593,0.35328665017047356,-0.41060406,0.99980354,0.21630973527525288,0.3392733142988652,-0.39744365,0.99980485,0.2524501092133371,0.32500681695009037,-0.38863295,0.99980676,0.21008224768692296,0.3504558054039908,-0.24573,0.999804,0.27364897424677537,0.32734064102837934,-0.20237193,0.9997962,0.22938280726400118,0.3848833388464612,-0.34837264,0.99982834,0.2527136388702551,0.3708532448995914,-0.3357671,0.99978095,0.18167057534985487,0.48444308461802305,-0.14279196,0.99955976,0.3510556043111053,0.40304089930945364,-0.101306126,0.9996236,0.22359523963039574,0.6543308590379481,-0.43170112,0.9939859,0.4643695824372882,0.5016270746268104,-0.3724912,0.9578959,0.39085801833152634,0.38613907847036405,-0.79783934,0.97709084,0.2725324808836539,0.48102317748639395,-0.7830419,0.9939462,0.45501334133953597,0.6687967043574577,-0.0071258037,0.9940498,0.3623026237144892,0.75761978868389,0.007444457,0.98830175,0.598144761632483,0.8055955904725199,-0.3140217,0.9589875,0.38339013864164984,0.9994448625249718,-0.07191466,0.9222818,0.49939565459213997,1.0807570285619816,0.2444289,0.6253811,0.7471394663270986,0.9909779221592184,-0.2628562,0.7930664,0.5274600580720752,1.077549470879894,0.26811612,0.48500457,0.7631928424096991,1.0400861293275692,-0.2632826,0.62721294,kick
0.2454398967600352,0.3455129559418853,-0.3676211,0.9997734,0.21371948956233022,0.3426216766108635,-0.35343978,0.9997713,0.25796905674884674,0.31245521515691205,-0.3446296,0.99977356,0.20926630483675812,0.34752312525638823,-0.20682713,0.9997786,0.2673605827997243,0.31404999084825486,-0.1633698,0.99976724,0.2349817979371137,0.37484726883846786,-0.30782697,0.9998184,0.2676689841655012,0.35452047259333613,-0.29530388,0.99977666,0.18878464983027565,0.4817825268157977,-0.11753382,0.9995321,0.35240398757104785,0.40006497344660424,-0.06929841,0.9996285,0.22440136417013057,0.6556549359291578,-0.39842737,0.99389434,0.4618482766606684,0.5030316539754229,-0.32905394,0.9594803,0.3874365349239193,0.3890696564758689,-0.749265,0.97765744,0.27053978412634694,0.4817065257215613,-0.74248415,0.99372435,0.45736712649808475,0.6634171347587706,-0.010635828,0.9939223,0.372410705177736,0.7623674142162584,0.010925789,0.98697436,0.5821321916275266,0.8191725465936435,-0.30466938,0.96079004,0.39965561342680267,1.0133354260953351,-0.07584568,0.92115307,0.4998585902574224,1.0742836461280656,0.21785025,0.6158317,0.7293289973321644,1.0168937008430172,-0.24895796,0.80109787,0.5244593928343514,1.073570708390644,0.2406251,0.47507343,0.7367064528632397,1.0513039742002417,-0.24873352,0.61864454,kick
0.24399457607826514,0.3392072788693259,-0.35164982,0.99971306,0.22339803071343511,0.32122698264699123,-0.33344346,0.9997117,0.2522080727302629,0.31220382213663866,-0.32311377,0.9996995,0.2125813777352561,0.34288369700340177,-0.18891403,0.99974,0.2709044384319601,0.3211207157399088,-0.143803,0.99970275,0.23881373462394306,0.37015266759290055,-0.2894652,0.999799,0.26237661225078046,0.36451019494023695,-0.27447447,0.9997539,0.18849452303138903,0.49241748462936924,-0.10796262,0.99952966,0.35407354080322273,0.4026270410890278,-0.05300678,0.9996212,0.23646061333307689,0.6572410349777925,-0.37158832,0.9938087,0.45928861905457663,0.5087336045899986,-0.29717073,0.9600337,0.3923453766541527,0.38238715938578743,-0.6960425,0.97724855,0.26209087777900086,0.4837707104773983,-0.6725473,0.99353224,0.45478206088051676,0.6801216020661365,-0.0072633764,0.99344313,0.3652483573678664,0.7609291957107188,0.0075573297,0.9863205,0.5805202797128094,0.8471469659732583,-0.17137769,0.95807874,0.4015213593457717,1.009201560181967,-0.076376125,0.9181052,0.48747901490699586,1.1479007913283799,0.16117266,0.6062123,0.6912040373550187,1.0371909439719218,-0.09783455,0.7928355,0.5179940698509722,1.1593562323361724,0.17395498,0.4665633,0.7097494017511068,1.0522856368372722,-0.09656207,0.59617233,kick
0.24583982917112535,0.34748176188456986,-0.32909095,0.99965227,0.2237246382308833,0.3314384728876204,-0.3242377,0.99965036,0.25996631573982865,0.3047753655039903,-0.31172413,0.9996123,0.21866141773665104,0.3379660393114351,-0.18357891,0.999694,0.2706759339602567,0.3167521160603653,-0.13399334,0.999613,0.23304681757767398,0.35723531082188603,-0.28127745,0.9997762,0.2670438480228783,0.3608909914216099,-0.26415655,0.9997207,0.1851592482293477,0.4799386174723519,-0.10329475,0.999536,0.3479850663598003,0.39171005118456625,-0.04477181,0.99960387,0.2300988033849367,0.6510086807655986,-0.32197124,0.9937641,0.45546632990375846,0.4913892752367629,-0.28582263,0.95981914,0.3899731837341518,0.38250554534399944,-0.65616775,0.97649217,0.2728878103276955,0.4839593124117018,-0.5713891,0.9932958,0.4461026443061621,0.6780165781145462,-0.006577787,0.9925397,0.36871772595911756,0.7701762795296754,0.006909135,0.985827,0.5581850201831866,0.8729408195435928,-0.103236176,0.95112616,0.40121132712722674,1.007223946882202,-0.06876045,0.9116649,0.4997135847915546,1.1736790616853532,0.12174429,0.5943122,0.6656891394968549,1.0553601883958623,-0.0018574292,0.77264905,0.5240205137765055,1.1886430700466486,0.13161826,0.45699087,0.6765989739432063,1.0721083761915862,0.0034831702,0.5676993,kick
0.24566000796422438,0.33991380259424214,-0.3193777,0.9995934,0.22115277654203003,0.3269102185256446,-0.31470108,0.99956155,0.26584236411556683,0.3088921471237951,-0.30255398,0.9994644,0.215405555789962,0.3284727053542043,-0.17983887,0.9996096,0.28454922383941494,0.30805162358968796,-0.1297788,0.99934214,0.2354875883415355,0.3669664180894794,-0.27664334,0.9997424,0.2617322238829505,0.34467857328417373,-0.260001,0.999656,0.19697768545390415,0.47774292608952984,-0.10669788,0.99955505,0.35511776315549337,0.39678664681578174,-0.043356344,0.9995402,0.2312054688191022,0.656544455692797,-0.30081776,0.993468,0.46422395978580555,0.5051648995741582,-0.27755418,0.9577299,0.387465130376753,0.38192973175343176,-0.6190642,0.9750337,0.2734296771174549,0.4889216998469171,-0.5399171,0.9932784,0.4382592512992216,0.6815667088881714,-0.00753979,0.99205405,0.3768746072770778,0.7605954196447741,0.007816283,0.9859827,0.5481389306048655,0.8964303433192797,-0.036401905,0.94107085,0.4158239044215919,0.9836433053494156,-0.052750755,0.9041687,0.506025738430826,1.10950129614004,0.31073663,0.57451755,0.6329530895833047,1.0494000660409735,0.20003137,0.7525045,0.5167401569626071,1.1087210510108514,0.3434096,0.439394,0.643763785172,1.0568049733148797,0.2207388,0.5422811,kick
0.2501507218015352,0.3357576129153154,-0.25204074,0.99946713,0.23377990169486718,0.3157086579964372,-0.24371092,0.99940497,0.27671847650307524,0.3114738428785311,-0.23287456,0.99922246,0.22013711344750164,0.33016525243785927,-0.13332392,0.99945956,0.2810839904923149,0.31284084146406954,-0.0832515,0.9989948,0.24254759760722833,0.34432268559795576,-0.20815592,0.99965256,0.27321424869659494,0.34253687865136256,-0.19305776,0.9995095,0.20043435283301536,0.4622244844215574,-0.067645244,0.9995626,0.34955961484958686,0.3977708646738291,-0.008053381,0.99944735,0.22902826900313356,0.6565212325403528,-0.2299294,0.9930811,0.45721409025454773,0.5032953948741782,-0.20124845,0.95371044,0.3926108884746373,0.3786465144969569,-0.5326474,0.97207344,0.27303305954564083,0.4819617190619925,-0.4331696,0.9930691,0.450714333062724,0.6772847843668811,-0.009701927,0.9906944,0.3584623415590502,0.7550523548676991,0.010017699,0.9855778,0.5213465797793364,0.9047137028335388,-0.066303924,0.9196019,0.41657767387534583,0.9765760857791556,-0.05942694,0.88383454,0.5120028839727389,1.1228345152623027,0.21587715,0.54519594,0.6159806139389438,1.0791416509190346,0.091861725,0.71282995,0.5252136516837496,1.1250740978740508,0.2346735,0.4199033,0.6362369024785549,1.0856800720457886,0.1046855,0.5087065,kick
0.2590065099641722,0.32511684992412254,-0.24056081,0.9993762,0.23460218580231362,0.30841914305136453,-0.22815493,0.99929506,0.2732634338847352,0.299667833076518,-0.21771292,0.9990428,0.23038784591363815,0.3252679298966756,-0.11395244,0.9993464,0.3025825894654517,0.3097111508390536,-0.06386346,0.99870956,0.24176047950976765,0.3460003109709312,-0.19436501,0.9995934,0.2786654024193006,0.35352699954116323,-0.17978106,0.99940544,0.19518459144673106,0.4656548440831056,-0.057348043,0.9995729,0.3607449045352207,0.4036433387534923,0.0030387414,0.9993664,0.22506569730776926,0.6525214993147533,-0.24167769,0.9926299,0.46023030368477535,0.5081052984963866,-0.1992606,0.948046,0.4058757135520248,0.38341564098287423,-0.53541744,0.967909,0.2708981520745237,0.4734731700396292,-0.45730084,0.99279445,0.43340205697665646,0.6912510230261849,-0.012280699,0.98988503,0.3664049154466329,0.7488715540839321,0.0125954,0.9856672,0.5215525061661448,0.9117770999230654,-0.100761294,0.9077245,0.4141653245294781,0.9861997023409639,-0.09924795,0.8735015,0.48339792895350886,1.133511255940115,0.20205376,0.51963204,0.5886049945099265,1.0755328310836285,0.06842172,0.68523985,0.5015226578104115,1.1381627422189866,0.22225213,0.39927888,0.606737152893953,1.0806347415570186,0.08336826,0.47881034,kick
0.2653701649214306,0.3190105273315497,-0.19731072,0.9992017,0.23878714681043067,0.3070326069766079,-0.18188164,0.9991128,0.28162488298129285,0.2829342587972383,-0.17185445,0.99875826,0.2362867132596097,0.31575924285070206,-0.06528274,0.9991555,0.3053180733671014,0.30041508953287505,-0.015931243,0.9983276,0.25136504664016324,0.33644530207620976,-0.15062751,0.99945986,0.2790102128277757,0.34007714698762126,-0.13656557,0.99916744,0.2038733155034841,0.4562729384939553,-0.0062873997,0.9995724,0.3647205184468014,0.3942255594842734,0.035211094,0.99924517,0.23061942121027001,0.6417760427487016,-0.1974488,0.9918878,0.4705355630967095,0.5275631703365383,-0.16762203,0.9440833,0.41095330460209,0.39030360235171946,-0.495876,0.96662503,0.2803611399635745,0.47229497310095475,-0.42339715,0.9923462,0.4434998009782968,0.6785416728262392,-0.019531034,0.98837125,0.36854068412500784,0.7517184300099606,0.019773837,0.9854759,0.5112950421940746,0.9213443885578836,-0.111334585,0.88520783,0.42207593391741205,0.9968759790598805,-0.11137662,0.84713227,0.4996207156917206,1.17708265146623,0.17687997,0.48268354,0.5820807655746281,1.1086139756180062,0.05087384,0.64036626,0.5063994150829974,1.191806062037573,0.19951513,0.3715212,0.603436890415704,1.1455072542848164,0.06464865,0.44111565,kick
0.27963233305722945,0.31968802451728173,-0.18776381,0.99909633,0.25767261558051247,0.2945619745393644,-0.17301185,0.99900186,0.29602025519709396,0.28998910878663925,-0.1637668,0.9985755,0.2403184639650241,0.3132307870480124,-0.051186226,0.9990445,0.31170261923403786,0.3036892032298567,-0.004788453,0.9981407,0.26356404111475973,0.33671905701287214,-0.13818412,0.999399,0.2922463123755096,0.33886041238404874,-0.124951564,0.99905735,0.2122235222141513,0.4489358181249642,0.016643982,0.9995828,0.3749349715019743,0.4022842932688212,0.05088832,0.99919444,0.22264003783959185,0.6405714520078608,-0.17418411,0.99111545,0.47368306816739514,0.539260106840126,-0.13202894,0.94093835,0.40892062420453124,0.40493560641636545,-0.4422509,0.96611065,0.28469884708841586,0.4695750345039667,-0.4106539,0.99190366,0.4392056940144764,0.6933613870010031,-0.022876803,0.9879162,0.35345093032054475,0.7545886889116297,0.02306008,0.9859436,0.5160367615677277,0.9443189400216193,-0.10164432,0.86048216,0.4334548259637808,1.007606025949681,-0.117198944,0.8263511,0.48717882459465534,1.1988426347643777,0.1776468,0.45035005,0.5763749846050138,1.1510973932056334,0.13275096,0.59579223,0.517646218233128,1.2132107357199762,0.20211129,0.34748667,0.5901036891965272,1.1634009901897053,0.15439758,0.40604416,kick
0.27852258799439034,0.3131890776018502,-0.20213819,0.99901605,0.2558864245931537,0.3014376732227966,-0.18819644,0.9989374,0.30520923230823893,0.2914247980267456,-0.17819545,0.9984436,0.2523634604119048,0.3106042317411162,-0.0662867,0.9989976,0.3249678673524008,0.2932854122448865,-0.016996559,0.9980323,0.2743129223686217,0.33347996619692877,-0.15243378,0.99936205,0.29509260478396926,0.34262527135424875,-0.13845427,0.9989773,0.2134076247636656,0.45003196999899997,0.0018470243,0.9995971,0.38123388460940577,0.39430187565881764,0.049465295,0.9991305,0.22691548095953973,0.6288210084266226,-0.19608691,0.9908383,0.4595176461033903,0.54286879806214,-0.13678199,0.9396585,0.4176134058851708,0.3958292962639509,-0.45834365,0.96671045,0.2896787928903931,0.4714993013031396,-0.44061273,0.9920211,0.45061058790568076,0.6904626980990388,-0.020851236,0.9877896,0.3627603874521741,0.7503091060622867,0.021025956,0.9864404,0.5089805635838316,0.9501635105338949,-0.084374964,0.84653205,0.40205230142844506,1.0143669741287302,-0.11270402,0.8093287,0.48918918031801184,1.209621871536128,0.19985397,0.42000073,0.5612575755730334,1.176969185330106,0.109479174,0.56047267,0.5146699715455949,1.226061327736742,0.22610696,0.32383898,0.5691225317766067,1.2006827106528946,0.12614648,0.3743433,kick
0.2901977362292305,0.32107712767368957,-0.20055075,0.9990097,0.2758476852723425,0.28318625981672346,-0.18736306,0.99895346,0.3237726836666486,0.28842183038859304,-0.17637846,0.99845195,0.25612023988229493,0.307490847310812,-0.06412381,0.9990259,0.33515262991429406,0.3025941349915086,-0.010377454,0.99808884,0.28123344032865705,0.33226895590712185,-0.149964,0.999361,0.31029965280746474,0.33139959065344965,-0.1347951,0.99896216,0.22226797067722448,0.4402476463811985,0.012957133,0.9996159,0.37720615732716856,0.3879077618511562,0.060878523,0.9991128,0.23394074356949024,0.6339965689247441,-0.18129192,0.9909434,0.4641039207184563,0.558395362400722,-0.11572186,0.93694705,0.4253993162159573,0.42957771822482976,-0.44448337,0.9667458,0.28147910575410495,0.4629216972153441,-0.42434436,0.99225855,0.4380523435307693,0.6970848856368678,-0.02202129,0.9883081,0.36531709046355887,0.7542567184923671,0.022178052,0.98731846,0.5037171730343568,0.95651631549153,-0.077121235,0.8365466,0.39055050480321774,1.0187404068341934,-0.08642445,0.79691565,0.46305411126479845,1.2216738398769766,0.22387406,0.38972208,0.5597253184136086,1.175591487012656,0.1187919,0.52265525,0.4791148333931591,1.2398142398685965,0.24952991,0.30022064,0.5587767343330927,1.1933763825859363,0.13529584,0.3434337,kick
0.30328369613136874,0.305010391025025,-0.19582494,0.9989729,0.2851475723893585,0.292372236257964,-0.18428397,0.9989257,0.33290300090725067,0.27774615273793696,-0.17240074,0.99842465,0.27408365997405115,0.2958491134288706,-0.06839603,0.99899274,0.3463112588608753,0.2946114481723544,-0.010658188,0.9981094,0.2917121659855746,0.33002674377412183,-0.14790675,0.999318,0.31586236569146464,0.3307126309675025,-0.13170856,0.99889445,0.23197424213585305,0.4328250412566975,0.007856615,0.9996121,0.3906658121846518,0.39544840925590274,0.05218845,0.9990998,0.23979106933017347,0.6207012912430014,-0.18598512,0.99094355,0.46709689559117906,0.5577462979078417,-0.12977763,0.93819004,0.43625047677036566,0.426783022484653,-0.44301438,0.968622,0.3049166322302709,0.46880008303423043,-0.406401,0.9923706,0.45041519990530743,0.6991484250112521,-0.0213342,0.98890877,0.3656478515150021,0.7450464548647466,0.02149621,0.988141,0.5076592772213507,0.9506343898069614,-0.065269925,0.83147436,0.38019572020054304,1.0243176007365808,-0.06365009,0.78503263,0.43619313430428974,1.236952223559452,0.22337055,0.36011222,0.5612774414665272,1.195740946747988,0.09338151,0.48657894,0.4435182258699586,1.2683776888175442,0.24077575,0.27617702,0.5614395061497346,1.210920364355879,0.106438816,0.31333134,kick
0.30885828377480606,0.30771880988288797,-0.19056095,0.99898046,0.2966724787788867,0.28410185408094557,-0.17715235,0.9989409,0.33122323002596543,0.27430038257296874,-0.16673447,0.9984661,0.2848576533111614,0.30064597008742255,-0.054939635,0.9990086,0.34184438494269964,0.2964201730767181,-0.003337659,0.9982066,0.3063561950541889,0.33018822827659633,-0.14074537,0.9992977,0.32238079761443195,0.32715943312961354,-0.12637696,0.9988748,0.24391999072335313,0.4425696774853068,0.023683503,0.9996175,0.39084489451292315,0.4034322269596866,0.05480522,0.9991251,0.23939312868114326,0.6145141367932653,-0.17588544,0.99126506,0.4802419813212646,0.5561403217189271,-0.12517716,0.9423035,0.43711555969940086,0.4344143694542829,-0.42370176,0.9712955,0.30068035196815346,0.4611468405752353,-0.40762106,0.9927017,0.44180778214558025,0.6978994514764977,-0.020751279,0.98979855,0.3610595164120022,0.7629904007495231,0.02093548,0.9891506,0.515615206870425,0.9699305469938456,-0.055754226,0.82507193,0.37014835413008007,1.0347083385200708,-0.060504667,0.77333415,0.4180395513234376,1.2490578992015307,0.2124954,0.32867375,0.5392285374260386,1.2036536187057536,0.12201562,0.44668669,0.42836158985209727,1.2795640688141423,0.23230834,0.25185898,0.5548791903141553,1.2233864733605386,0.13701628,0.28461024,kick
0.3254510621809873,0.3090615720026354,-0.18057825,0.99895495,0.301868761865562,0.2697479914398251,-0.16484885,0.9989118,0.3374624762695069,0.27126716146531643,-0.15406407,0.99846303,0.2880578666067045,0.28567770620405125,-0.042024083,0.9989673,0.3531199430283808,0.2824783238668003,0.012223941,0.99823993,0.3147142717972019,0.3206475521279553,-0.13166131,0.99919105,0.33258703487468255,0.334094058152683,-0.11668994,0.9987169,0.25589172023233175,0.4302314451839062,0.021801678,0.99959433,0.4121632470214355,0.4026133249853872,0.063365676,0.9991045,0.24537032533442216,0.6036829805464914,-0.18764481,0.99166787,0.4773519834475295,0.5689332221617519,-0.12244575,0.94660234,0.442521420725296,0.44155859813765225,-0.4155233,0.97387135,0.30990359631090403,0.4598330891634076,-0.41068077,0.99309677,0.44363673815504956,0.7162496689863663,-0.019957233,0.9906757,0.3581676620091151,0.7620947321300585,0.020216567,0.9901202,0.5045899251726558,0.9740754684722329,-0.049390893,0.80887765,0.3868962132485987,1.0310400972832205,-0.064185254,0.75026786,0.42774463211807323,1.264962989237814,0.19336632,0.2977901,0.5481522581844225,1.1891439872000495,0.12730978,0.40625632,0.4206963518123147,1.2793757753623658,0.21126142,0.2282189,0.5475749454920447,1.2155499656022382,0.14163563,0.25744334,kick
0.3328662206349602,0.2990499759035659,-0.1816019,0.9989872,0.3048537632328746,0.27347026281865844,-0.17354685,0.9989458,0.3502773793952688,0.27454971947851203,-0.16254495,0.9985311,0.29169347913432964,0.28738327761398214,-0.055869233,0.99900126,0.35621174596349137,0.28632659176333175,-0.00263025,0.9983393,0.3130307359642861,0.332042638708376,-0.13434535,0.99916136,0.3369176253983319,0.3254190447530081,-0.118668154,0.99866354,0.2522167698470591,0.4287520497082108,0.015454395,0.9995826,0.4123653042360722,0.40292528203168,0.06181076,0.9990958,0.2392124943280013,0.6017991189355563,-0.19701241,0.9922427,0.4748131247178218,0.5811763422773578,-0.14805323,0.9512929,0.4391007854666441,0.43685290517423564,-0.4348014,0.9763299,0.3211603810432806,0.4526508363027202,-0.42779717,0.9935998,0.44837542421839804,0.7327335640611431,-0.017505076,0.9915368,0.3532193217184191,0.7648589218369618,0.017857788,0.9910517,0.4994617823691416,0.9806681675070058,-0.039170414,0.798949,0.3751101976722083,1.034128810154408,-0.07969694,0.7341387,0.39969205905043903,1.2664070524891535,0.16880444,0.26944858,0.5389320348191249,1.2104337863117725,0.14713797,0.36890665,0.4174610545240175,1.2840706579852177,0.18777947,0.20677328,0.5440760287011459,1.2398176950957382,0.1626605,0.23295912,idle
0.34368065371083534,0.3100255783829441,-0.18622617,0.9990147,0.32615576742839336,0.2731483629521866,-0.17910212,0.9989707,0.3505155543573669,0.28843606302740077,-0.17099711,0.9985889,0.304410576964396,0.28419665354814394,-0.058024995,0.9990296,0.37193891561098735,0.2887841370151778,-0.00688026,0.99842143,0.33870583239483376,0.3151815497828136,-0.13867134,0.9991191,0.3419874604174402,0.3225001086833414,-0.12573628,0.9985646,0.253415282482664,0.4293171160433556,-0.01040142,0.9995454,0.42194314594510174,0.40409466897681107,0.057237692,0.9990811,0.24802633280625808,0.5936842350535354,-0.22747664,0.992842,0.46913051261831473,0.5782199935393433,-0.15291274,0.9556033,0.4351480407033076,0.43747312022164986,-0.4504804,0.97855365,0.32182389831359504,0.44825354070852375,-0.43551272,0.99407154,0.4514791734565299,0.7357181658089426,-0.011707979,0.9923431,0.352686439232089,0.7666190957173512,0.012059854,0.99191135,0.5017812688623928,0.9950164276405878,-0.02048475,0.7975247,0.37059351473481006,1.0405681027424198,-0.07998456,0.72897094,0.3972246499308032,1.2644000253970886,0.17163935,0.2441418,0.5254222810345199,1.2119157041231605,0.1992465,0.3352853,0.4213553152457027,1.2873916680611788,0.19167171,0.18762824,0.5403719313077153,1.243101434311867,0.2189688,0.2111275,idle
0.3527207341377482,0.2966530773902205,-0.17643902,0.9990462,0.34138923254821196,0.27888898099591886,-0.16267571,0.999,0.36287087496380477,0.27436388715098387,-0.14771518,0.99864954,0.3172084107730718,0.2899220388372131,-0.04848073,0.9990622,0.37105200306960207,0.2854276724609215,0.02880134,0.9985057,0.33488869664445,0.31984973007169054,-0.13203278,0.9990362,0.36091812859978667,0.32520771716756264,-0.11107775,0.99836624,0.26299318012142325,0.4354777514536516,-0.009981645,0.9994921,0.42249216709584325,0.41712912481063846,0.06999504,0.99905825,0.25313339959133396,0.5824865147958453,-0.2447625,0.9934207,0.4797406918451792,0.5828283766719315,-0.13689166,0.95969236,0.45055279455933017,0.41922776084580204,-0.41919193,0.9806136,0.3392453482213985,0.4382481291057561,-0.4557116,0.9945464,0.4444895096391973,0.7529650894245287,-0.006956561,0.99308485,0.35065316255213264,0.775843029593363,0.007318453,0.9926947,0.4979935839698556,1.017989740588637,-0.019666826,0.79732585,0.36140848004486237,1.0356384810018378,-0.08007388,0.7219697,0.3915667613434042,1.280958031155034,0.17456433,0.22087201,0.5211262720958569,1.245999688205009,0.18028152,0.30506688,0.39350157291761756,1.3007873091027662,0.19462678,0.16995451,0.5269022688987235,1.2697131796172256,0.19641066,0.19143982,idle
0.3677664826227419,0.2986309109354335,-0.18722974,0.99908626,0.34219930763097905,0.29137297045241495,-0.17138346,0.9990387,0.37554449695468595,0.27502390480779665,-0.15791962,0.9987152,0.3229880377334964,0.29854354642288283,-0.048983254,0.99910504,0.37994994424431405,0.28748044057709937,0.019999322,0.9985854,0.34643594352167906,0.32453159899570955,-0.14069967,0.9989969,0.36935885311637184,0.3215195071991526,-0.12168304,0.9982475,0.27118702427078245,0.42441854028362397,-0.010167178,0.99943763,0.4186413684664301,0.41872203020708965,0.062709406,0.999028,0.2554607757028071,0.5859989956892159,-0.24509509,0.9939548,0.47370478731847565,0.5919933331692273,-0.14998117,0.9632854,0.4302917751363142,0.4271329582421356,-0.4280657,0.98241055,0.3342607138349819,0.43865987956300473,-0.45102438,0.99494797,0.447846150547466,0.7522765422457739,-0.005647008,0.99374884,0.34518053843914,0.7693532127207341,0.0059961523,0.993395,0.49253084698279115,1.0113167766896463,-0.009190974,0.80331874,0.35584727883001543,1.0353696129179895,-0.077565834,0.72702503,0.3613823201381947,1.2850404569861231,0.18084124,0.20108496,0.5088609642327488,1.2419523266422101,0.2000897,0.28036326,0.3766936190591622,1.3162646021504263,0.20120867,0.15504482,0.5172796455764924,1.260086761550752,0.21698189,0.17492849,idle
0.37776937898883245,0.30730446271397877,-0.18711008,0.9991182,0.34150748984482215,0.2839326189671925,-0.16977668,0.9990772,0.3871134902128761,0.28627164517593,-0.15790139,0.9987772,0.339414835948457,0.28964085999070976,-0.043605052,0.99915385,0.39535924099024033,0.2873078597276708,0.016489271,0.9986728,0.3490862233303208,0.33305326716245254,-0.13873938,0.99898976,0.3803705055781824,0.3289797852059555,-0.121810794,0.9982093,0.282735485151952,0.4214587593301811,-0.0065043382,0.9994229,0.4372895224525247,0.41843821625189964,0.06025477,0.9990336,0.2616613535128609,0.5810423004177537,-0.23260328,0.99441826,0.4845256981780943,0.587556065759959,-0.1488273,0.96655005,0.44265124986203475,0.42848246982666804,-0.4134291,0.9840317,0.3375506186972308,0.4343622343568453,-0.427989,0.9953012,0.4477976713044728,0.7541846706308526,0.0009620943,0.99435407,0.33674189537933163,0.7704522595941277,-0.00054557476,0.99403805,0.4848425521633517,1.0121470833981472,0.022004355,0.80827594,0.35684546295293207,1.0350195977744612,-0.08098948,0.7367613,0.36278293915505644,1.2637168164611956,0.17790523,0.18345158,0.5221620907297924,1.224073801256648,0.27831072,0.2568491,0.3688018606489146,1.2943406267040851,0.19893137,0.14203478,0.5029034527157112,1.2496072368110664,0.30185637,0.1606171,idle
0.3664334210582032,0.30759242928609204,-0.15003617,0.99913585,0.3513076490454986,0.286208118087549,-0.1257672,0.99909896,0.389542920076863,0.2905633757517472,-0.11976953,0.9988232,0.33909604013860384,0.2942299525422357,0.014664839,0.9991821,0.4073697282130606,0.291753363680571,0.04701261,0.9987471,0.3698561848314331,0.3354903356253992,-0.097618476,0.9989342,0.39116543551152505,0.33687452954783426,-0.088618204,0.9981208,0.2877006540866437,0.4271344317295564,0.04506726,0.99937284,0.440799270106344,0.4283662737170703,0.0730384,0.9989994,0.26871815315384007,0.5743978015308057,-0.18341544,0.99477017,0.4866600764740905,0.6079333227800637,-0.13177948,0.96956056,0.43621389433540625,0.42911983399141146,-0.35007727,0.985488,0.3474199253507181,0.43923053402973133,-0.38308698,0.99558544,0.44368899824187524,0.7539304855474511,-0.0012917261,0.9949007,0.3434170878378675,0.7766211762106066,0.0018061859,0.9946169,0.4816732298134897,1.0295542450915205,0.0036393576,0.8075589,0.35920371631213444,1.0396800820521117,-0.08091867,0.73681706,0.3538838712450251,1.288436377432657,0.16369224,0.16733873,0.5078728671590707,1.2357628633134312,0.2334239,0.23572168,0.36458745909082846,1.309630560021512,0.18184407,0.13001147,0.5124944912315466,1.2735106231715956,0.25220495,0.14689077,idle
0.3716927926064225,0.3129505379180074,-0.13050342,0.99917483,0.36638554455806793,0.27759723605215225,-0.10511328,0.9991437,0.39817765821670403,0.2911604404825895,-0.099111445,0.9988901,0.34270449077418885,0.30359918241402367,0.03549891,0.9992233,0.4095997025829635,0.3020236652154703,0.06709428,0.9988332,0.35560452400483267,0.32943358104579745,-0.078312054,0.99892783,0.3920390021920199,0.3382791535241278,-0.06966228,0.9981207,0.30330652906429956,0.43619358276451203,0.06608664,0.99934334,0.45562351524766453,0.42277416062964535,0.08649159,0.9989818,0.2725846044882344,0.5829307228411014,-0.15794995,0.9951042,0.49285560532242545,0.6095536581981724,-0.1146546,0.97236556,0.4382019211073723,0.4302154418290594,-0.314605,0.9868371,0.3572227915472922,0.4368118238432932,-0.35611808,0.99587935,0.4313797583006562,0.7730385387767128,-0.004340858,0.99539775,0.33563280030812237,0.77046255066488,0.004951191,0.9951439,0.4706492436719707,1.0213982527255356,-0.0053954655,0.80278903,0.3498875677179609,1.0420146821475698,-0.084864266,0.72901976,0.3410734376709669,1.28598972111596,0.15873934,0.15186164,0.5123348945185542,1.2382571523940813,0.22671318,0.21468297,0.3533614048946707,1.3136522869911618,0.17704865,0.11824327,0.5045109359470383,1.267627034650248,0.24576862,0.13347653,idle
0.4163872373585926,0.31263325347158905,-0.13562703,0.9992404,0.40368259857843747,0.2950272834905883,-0.10970624,0.99921143,0.4279562973230062,0.299942707901021,-0.10832997,0.99897724,0.3748925069131793,0.2985496415174597,0.015377475,0.99928516,0.4415009431919239,0.29460277189723966,0.048823256,0.9989293,0.3961716009979036,0.34078293336630394,-0.08827008,0.9989856,0.41833306852354823,0.34214279122415314,-0.08082337,0.9982162,0.3184707372265281,0.42689323246508537,0.04379284,0.99936837,0.47073366552137574,0.43991727638688993,0.08692555,0.9990296,0.304901880976033,0.5880784830895797,-0.16444314,0.99553347,0.5073535196040592,0.6192544652647365,-0.09016581,0.97496706,0.45688973693145474,0.4298565809272753,-0.3276674,0.988083,0.3839333550157148,0.43871188492567176,-0.36596584,0.9962318,0.4472002486503647,0.7556866724032865,-0.0036559342,0.9958477,0.34819172514658747,0.7640766188587019,0.004242993,0.9956208,0.48490187685638697,1.036020522618733,-0.027650962,0.81051993,0.35785420540289803,1.0400732001556772,-0.091593064,0.73664975,0.3657494314081662,1.2802214684446775,0.16247787,0.13859123,0.5100763053782107,1.2512136184716223,0.20990686,0.19664347,0.3703896157613664,1.3149660424167344,0.18156952,0.1084163,0.5189104180909918,1.2772831094128225,0.22881842,0.12246793,idle
0.42559278146208723,0.33472213254046707,-0.14671436,0.99930286,0.4142572989870027,0.3016814857101951,-0.12974696,0.9992779,0.4366652655912041,0.3039356244825977,-0.11677786,0.9990624,0.3897773568120536,0.3022035911182706,0.008869482,0.99934465,0.44312623187602695,0.3074318050007029,0.05147804,0.9990222,0.4012451731315182,0.3333981064213094,-0.10323177,0.9990426,0.4325671987254647,0.35149742548235446,-0.08463254,0.9983038,0.33448489885689503,0.4332459492609419,0.033318967,0.9993652,0.47393536665249925,0.4360667535885261,0.09087795,0.9990679,0.3049492150214004,0.5870031258868705,-0.18572898,0.9959364,0.5153627558219468,0.6020976978461677,-0.086940154,0.9773094,0.4728792101596946,0.4396862319891338,-0.33396986,0.9892121,0.3928113712089526,0.4470111499120234,-0.38749367,0.9965604,0.46741043605220833,0.7621465525716645,-0.0031168715,0.9962563,0.3654443037839564,0.7830311561423702,0.0036175717,0.99605197,0.49041249317424807,1.0363064785228218,-0.05113115,0.8220733,0.35853521647855724,1.0364845673537069,-0.09139011,0.74907,0.37743016755306347,1.2915268960834745,0.15905106,0.12755881,0.512356387728574,1.2746335430509443,0.19460043,0.1805854,0.38246602214108316,1.3236946708289277,0.17769256,0.09997274,0.5190520398436979,1.2977150668237103,0.21529189,0.11232844,idle
0.426550519543229,0.3194438286453746,-0.14407004,0.9993614,0.41676508586891703,0.29609873149389254,-0.1321067,0.99934006,0.4472919758687074,0.3047992883006091,-0.11358976,0.9991417,0.39810977743146336,0.31345276223829444,-0.0062123816,0.9994005,0.4444397522554482,0.3208360028449542,0.054540813,0.9991078,0.41409812871307783,0.34635385489086395,-0.10552374,0.999101,0.4353960071251186,0.3583890498163657,-0.081055395,0.9983936,0.3356753916446512,0.43519867999727563,0.019896999,0.99938023,0.48629783756232237,0.4414168547607386,0.09691913,0.99911076,0.3126167172837131,0.5887105631782992,-0.19788775,0.9963118,0.5203676852261923,0.6238501715546527,-0.081922784,0.9794309,0.47230766952305125,0.44333735134529895,-0.33444774,0.9902375,0.399173213109984,0.4385212878601986,-0.3948049,0.996871,0.47433865717964363,0.7742182618273744,-0.001912497,0.9966253,0.3699057446845444,0.774956130468331,0.0023740265,0.9964416,0.4890624993755017,1.0363628740596857,-0.052739583,0.83179295,0.3823610950872408,1.0391778561478773,-0.09066324,0.7595379,0.3672029219624309,1.284624228989301,0.15944512,0.11696789,0.5129062518895109,1.2533716231239174,0.19009516,0.16535947,0.3755450004795866,1.3071521143356917,0.17863345,0.09201396,0.5022749871885684,1.2955034434822401,0.21136674,0.10303501,idle
0.4403514598045164,0.33607299219277775,-0.15036356,0.9994034,0.4238960177912835,0.3142611340758033,-0.14636904,0.99938375,0.4376857743984658,0.31245151239874674,-0.119024456,0.99919826,0.4035081744003165,0.31947715923684117,-0.048643123,0.99943674,0.44989837387687315,0.3057143426011618,0.04931578,0.99917024,0.4183544136320676,0.36564923943052513,-0.11990179,0.9991135,0.4457276658344408,0.3528603009843741,-0.08632049,0.9984181,0.33032009239319726,0.4450445613288201,-0.008874817,0.99934053,0.4872919193064942,0.43237522726188543,0.091684416,0.99912375,0.3265488337113658,0.595052216492741,-0.22900113,0.9966302,0.5204587666904492,0.6147253142424356,-0.093957506,0.9812857,0.4891418903164845,0.4537878980384281,-0.3488723,0.9911286,0.40015897713071846,0.43575371558633214,-0.44102478,0.99712783,0.47830252901844805,0.7668193429089466,8.815679e-06,0.9969472,0.38601986546936906,0.7762951024951271,0.0004101086,0.9967807,0.4903804973751943,1.028063793887321,-0.04946804,0.8387097,0.37975328348088566,1.030555312911273,-0.08400695,0.76535267,0.3691924570447177,1.2876257726136298,0.15856013,0.108049795,0.5218895725122787,1.2519425283562997,0.14421102,0.15327434,0.3812205451566729,1.312433814607341,0.17664778,0.08538927,0.5242057579369934,1.2952884416443753,0.15778431,0.095542945,idle
0.44707633339096753,0.3330390912106337,-0.16837613,0.99944544,0.422108084249332,0.30517922355467436,-0.1611096,0.99942786,0.45724985717786526,0.3126095240902782,-0.13561669,0.99925125,0.40027858180319376,0.3153307082401932,-0.055796362,0.9994758,0.4572271952117799,0.31287832998784143,0.046528053,0.9992264,0.43528336422880487,0.36025003501121816,-0.13149484,0.99915445,0.4428858025410298,0.3576135413827509,-0.099563494,0.99849105,0.345210965434429,0.44171044433489515,-0.007912536,0.9993329,0.4942562796706049,0.4385268912733473,0.09077964,0.99912655,0.3292897568382688,0.5796138053547983,-0.22713318,0.99688697,0.5334181263316196,0.6118149476153453,-0.09697013,0.9828002,0.4904173937987829,0.4476937380497456,-0.35716522,0.9918466,0.4031777421491274,0.44039426078987454,-0.4469096,0.9973444,0.465534465052036,0.7665818604779985,0.0023937353,0.99722385,0.38649422394312605,0.7688703398089155,-0.0019978625,0.9970743,0.49533361969441037,1.0281886296580625,-0.048613694,0.84384805,0.39521730219193607,1.034213158801852,-0.084869996,0.76857316,0.37544610897687736,1.2697957535574413,0.15293919,0.101585634,0.5096927645729877,1.2627529935115696,0.14483117,0.14592093,0.39373017158978907,1.3099274530657279,0.17037979,0.080783084,0.5293914995136147,1.2854073457463953,0.15829541,0.090345494,idle
0.4399192612000773,0.3346718221047577,-0.17342211,0.9994903,0.42228740392377273,0.3030420591607712,-0.16302584,0.9994753,0.46121582016864526,0.3209831430702438,-0.14128283,0.9993125,0.41040359865004716,0.3233242224306175,-0.05318738,0.9995179,0.45735731604261975,0.32753784221524024,0.038565964,0.9992922,0.41922763961630005,0.35381232466751583,-0.13322538,0.99920416,0.4481371495570212,0.35558960257022276,-0.106029704,0.99858135,0.3446353439501413,0.4405161381047869,-0.005517806,0.9993449,0.5034216763956283,0.44407745369133694,0.081360765,0.99916434,0.3355806945118758,0.5870424969482144,-0.23419158,0.99716616,0.531489027577277,0.618733027060456,-0.13160779,0.9843934,0.4973383356884381,0.451409999845318,-0.40333885,0.99259925,0.407337890685766,0.4379032985529649,-0.46950936,0.9975795,0.4877711574992284,0.7669729978581198,0.0010548381,0.9974922,0.394056840063836,0.7695400067326345,-0.0006596142,0.99735755,0.5068457934615035,1.0264671840677841,-0.05154878,0.8516628,0.4004114665840659,1.0260802417039159,-0.07771392,0.7772786,0.38793127619759116,1.2734514813584468,0.1549052,0.09448327,0.5266791305853511,1.2665657241221624,0.14006838,0.13558646,0.3798330586327644,1.3101655990670318,0.17259587,0.07558294,0.5265460738851347,1.2928612422744699,0.1540777,0.08400335,idle
0.44715057242597245,0.3314265439337374,-0.16696236,0.999531,0.4242935346506067,0.3234141915106141,-0.15587488,0.99951786,0.4612773082008865,0.3138377154862342,-0.1354346,0.9993682,0.4289546741423834,0.3114438725961149,-0.05047328,0.9995558,0.4715775531936076,0.319071191921892,0.040265895,0.9993525,0.43547567952175004,0.35712117442375296,-0.12695926,0.99924016,0.44575801531224135,0.35676697296689724,-0.10094599,0.99865,0.3561052537953142,0.440893332245098,-0.004488853,0.9993533,0.4963903090748606,0.44417437831535134,0.08177321,0.9992041,0.3443884863062997,0.5826577055003485,-0.2320685,0.99742836,0.5398009792958,0.6042195639569894,-0.13024405,0.9858842,0.4942565588375223,0.4479905013175954,-0.3889535,0.9933074,0.4125702421565065,0.4465921621084555,-0.4627964,0.99780166,0.4846664903479484,0.776530841816427,0.00088643905,0.9977375,0.4028601382674779,0.7960882577868773,-0.0005012735,0.997616,0.5099554275427575,1.022271499968181,-0.04991187,0.8588397,0.39729431547821703,1.0239334618544,-0.078699864,0.7837501,0.3777835447467258,1.2823334357577731,0.15604222,0.08647441,0.5185040558761536,1.2643495737342985,0.14594992,0.12438683,0.3979697553677798,1.3071265122584204,0.17391774,0.06966281,0.5325537718634893,1.3004465175275615,0.16070445,0.07743654,idle
0.4481111922137042,0.3330901930087762,-0.1564379,0.9995621,0.434105823067952,0.31111117549224815,-0.14405708,0.9995501,0.4688387680364321,0.30793115513762676,-0.12567475,0.99941087,0.41775280057129627,0.32572441259900886,-0.039109994,0.9995811,0.4692074718318665,0.3245502224678316,0.04414173,0.99940044,0.44119011099044747,0.3581393789944806,-0.11615817,0.9992566,0.4538095487796808,0.35350657602140684,-0.09266328,0.9986922,0.36210884483191474,0.44363083880870513,0.0068226284,0.9993518,0.5088580542417289,0.4344923113145469,0.08496244,0.99923545,0.34969539892698676,0.5880777780599125,-0.22048242,0.99763817,0.5565043197364041,0.6106558254778731,-0.115932666,0.9871678,0.506553037470836,0.44138373960548005,-0.36703062,0.9939211,0.4224645771261578,0.43376402060636343,-0.46065086,0.9979881,0.5018429773764315,0.769682016342959,-6.275583e-05,0.9979559,0.4013416178239174,0.7823935375693769,0.00038117013,0.99784577,0.5280408360237285,1.0110313239150261,-0.061769247,0.8641248,0.39832845041606835,1.032702167328763,-0.074311204,0.7889943,0.393916824016764,1.2796724351640678,0.15563688,0.0808501,0.5326822515372116,1.2684477966312055,0.13304654,0.11588287,0.39250441257606505,1.30471801616268,0.17290221,0.065424666,0.5292130103096508,1.296849744250557,0.14820638,0.072093934,idle
0.45217844866170953,0.3373948372551285,-0.16702724,0.9995926,0.4313447019854121,0.3125426524073033,-0.14972489,0.99958146,0.44875496044399177,0.31391517549196113,-0.13421707,0.99945205,0.41462327392872655,0.32111486592391103,-0.036198325,0.9996082,0.4628716091489813,0.31993411731679905,0.042216327,0.99944574,0.4447900579393136,0.3512043280279764,-0.121093854,0.99928653,0.4598485019940859,0.35768645172228697,-0.10154148,0.99875146,0.3559333701390932,0.44435303230532525,0.009015599,0.99935627,0.5076289801319522,0.4454971561928636,0.0830349,0.9992633,0.3520934043257953,0.5875960794372838,-0.21952176,0.99783516,0.5631905828089434,0.6051034580599671,-0.12271372,0.98835915,0.5077743483647121,0.4592036273617113,-0.37320298,0.99448633,0.4200640567934578,0.43507720603298167,-0.45453587,0.998164,0.47988263653981056,0.7682823272172079,-0.001279059,0.99815446,0.40296756142542667,0.7852835499349756,0.0016186705,0.9980551,0.5213187010068823,1.017147746636742,-0.059127986,0.8674674,0.41348173465923443,1.0420191612866154,-0.08446784,0.78883517,0.40432708302131903,1.2807363710349893,0.15681401,0.07420182,0.538502541294593,1.2758979940667952,0.14994647,0.10688576,0.38943175462313795,1.3149693842224923,0.17541593,0.060525294,0.5439432642135287,1.2956402411482961,0.16808245,0.06659786,idle
0.4488824872918531,0.3305053001740659,-0.16747436,0.99962217,0.4338772281536494,0.32247328985540297,-0.15011385,0.99961245,0.45359587270081614,0.31395892746768267,-0.13449103,0.9994938,0.41350528123303454,0.32706384524952625,-0.023306778,0.99963534,0.4718332634831722,0.321417503410607,0.040757127,0.999491,0.435984554106297,0.352938238333266,-0.1211737,0.9993152,0.44843380344448935,0.3596109296048565,-0.10199573,0.9988144,0.35741544242602175,0.44460205234068084,0.022756105,0.9993584,0.5100876987738885,0.43945774248501585,0.08260135,0.9992929,0.35200528293743394,0.5961986336149209,-0.21330974,0.99801975,0.5623066667117438,0.6119994003162583,-0.12958631,0.98945636,0.502170821637441,0.44756299989517456,-0.38932532,0.9950068,0.42062572830824774,0.44654339233467133,-0.45540625,0.9983243,0.5000413457151276,0.7714423827645904,-0.0017778722,0.9983316,0.40060679679467726,0.7858301481697416,0.0021463693,0.99824196,0.5220601834944568,1.0141484980096183,-0.05721874,0.8746738,0.4083183787050034,1.034093415367504,-0.08443211,0.7973567,0.3933839772665253,1.2773274720066141,0.15703598,0.06881001,0.5606529123378098,1.2561021135242585,0.15158781,0.09955026,0.3915750334242444,1.3086371944125936,0.17555887,0.056561552,0.553539774004402,1.2826109483482497,0.1692764,0.062129397,idle
0.4448756998311916,0.3376123186487906,-0.16649999,0.99965185,0.4348863458151887,0.3070790480524894,-0.14539585,0.9996439,0.45665937415913815,0.31042810386495256,-0.13345209,0.99953574,0.41724299367293793,0.3208671263630006,-0.0043923697,0.99966407,0.4703109332762794,0.3234533434794877,0.042626552,0.99953556,0.42915620127148857,0.36239405430138116,-0.11587466,0.9993485,0.45509758979764026,0.35976124902764783,-0.10113925,0.9988832,0.35111906089352274,0.44681359788237723,0.039022934,0.9993765,0.5166708291995712,0.43652939337993996,0.08291029,0.9993285,0.34994400534301073,0.5982554750076586,-0.20888078,0.99819696,0.5502861664682539,0.608604339716228,-0.13663343,0.9904654,0.5075878257129987,0.44411401844086856,-0.39781234,0.9954863,0.41738343456478677,0.43925059266188765,-0.46519056,0.99847597,0.49569379421100657,0.7553313078743652,-0.0025490415,0.998494,0.39918908167037437,0.780119362178871,0.0029905825,0.99841344,0.5224149695538727,1.0277649904921842,-0.051768016,0.8801234,0.4051756348343625,1.0299357884859843,-0.081356876,0.8036956,0.3959158330454854,1.2836838814244864,0.16266844,0.06322175,0.5494665548838906,1.2630069637489063,0.15551418,0.09185278,0.38657485072241826,1.3054707805480692,0.18124427,0.052467756,0.5563768563589067,1.3002231427632782,0.17220503,0.057695147,idle
0.4512384448414031,0.3414272020155732,-0.16749138,0.9996749,0.43363676867361556,0.3142651121041596,-0.14626755,0.9996677,0.4548730351416388,0.3132748496742858,-0.1339997,0.99956894,0.42047672969114,0.32563723885548834,-0.009378927,0.9996834,0.48343411324773045,0.3167196877004008,0.04192435,0.9995717,0.43552450104635254,0.360119883032818,-0.11678426,0.99936783,0.460174246269179,0.3528814978725092,-0.102093354,0.99893767,0.36644775442957755,0.45200394930984544,0.036265906,0.99936146,0.5129120542445758,0.44687155338861567,0.08224459,0.9993533,0.3462039938107967,0.5821094009603017,-0.20897897,0.99832976,0.5700224303170025,0.6118243269159911,-0.14254728,0.99133104,0.5146326032256288,0.4553190160708385,-0.4056973,0.9958847,0.4160351848204965,0.44103890896768766,-0.4716958,0.9985911,0.49820239172896696,0.7662953091002234,-0.002821992,0.99863166,0.39835701828559655,0.7820211181738482,0.003249952,0.9985583,0.5228175182131016,1.0088556841110499,-0.05224622,0.8852218,0.3991075492349848,1.0343581426442836,-0.07788782,0.80959773,0.3957127450797726,1.2841379436719742,0.15942903,0.060787987,0.550334865571318,1.264635964165422,0.12641701,0.0892863,0.3884919839419534,1.3074482984579003,0.17639174,0.05098981,0.5665755399826391,1.2932093784990164,0.13837293,0.055713207,idle
0.44380184395010625,0.34661245937909435,-0.16758114,0.9996922,0.4449963010229082,0.3191763342606409,-0.14613539,0.99968535,0.46853658696218115,0.32150494330369234,-0.134271,0.9995937,0.4097857915171621,0.32340043991802675,-0.009293774,0.9996963,0.47397809908655386,0.3182574482488109,0.041157894,0.99960035,0.43546921425090845,0.3562229179023079,-0.11702092,0.99938446,0.4647745284610272,0.3616715148978766,-0.10226458,0.998987,0.36935224455148685,0.4371953393676908,0.037707247,0.99934596,0.5026978162442535,0.44143942580843276,0.08223749,0.99936664,0.355724045530437,0.589754934509322,-0.1963073,0.99840724,0.553760729374157,0.6027024570412352,-0.13959995,0.99205905,0.5106552054126734,0.45297756814650325,-0.39545262,0.9961963,0.4221932999007687,0.4333655147634815,-0.4418798,0.998667,0.4902802348486789,0.770423577819557,-0.0032462073,0.99874943,0.41176062203951536,0.7807552428377696,0.0036561384,0.9986837,0.5329685848041085,1.0143382999770614,-0.058253337,0.8875743,0.4071808754241725,1.0342966169527534,-0.09222346,0.81276953,0.3779210298191994,1.2666919751836931,0.14971676,0.059635058,0.5472450705947325,1.2458681516490506,0.13442665,0.08718814,0.39163623860551455,1.2975174850913662,0.1675537,0.050558195,0.556105746616496,1.2792521285747345,0.14822882,0.054003604,idle
0.4569680367291632,0.3255884801075959,-0.15561646,0.9997114,0.43559987930963917,0.31125649794792803,-0.13306296,0.9997047,0.45507598885555534,0.306425680805286,-0.122519806,0.99962,0.41868329197805343,0.32499957642004595,0.0043630507,0.99971193,0.48227787631204777,0.32702458372141435,0.05051876,0.99962944,0.4444249964364575,0.35844154225943414,-0.10465976,0.9994069,0.4625691532772991,0.35417437721108663,-0.09161015,0.99903935,0.3692921952155108,0.4479539643416725,0.050904296,0.99935347,0.506238863935401,0.4420878119132338,0.08517757,0.99938685,0.35011452325228554,0.5931706020919025,-0.1809769,0.998501,0.5619402471083099,0.5975089301540363,-0.13067575,0.9927392,0.5100929350618535,0.45021408494581855,-0.36171994,0.9965078,0.41141190881153844,0.43330287612369656,-0.42188302,0.99875325,0.4950201676480598,0.7712098419047474,-0.006622122,0.9988639,0.39956444036917316,0.7778832097520163,0.006972257,0.9988058,0.5234027913280852,1.0122763334448428,-0.066407494,0.8882768,0.4059942934684877,1.0329708149295054,-0.09964527,0.8133804,0.3922811035831604,1.2622174733780365,0.1501892,0.05708838,0.5502140175017567,1.2477119587919216,0.13794401,0.08362711,0.39348352762495287,1.3049415638421922,0.16859296,0.048859727,0.5513336747436391,1.2854617120557712,0.15274264,0.05156461,idle
0.4566423975917737,0.3413697768279193,-0.14705941,0.9997308,0.4430819565306926,0.3150430614804842,-0.122643754,0.9997251,0.46236965738072344,0.31191030915499257,-0.11433669,0.9996464,0.4269881319384239,0.32419881052355665,0.018631414,0.99973,0.4860356301014812,0.3215707015699642,0.05496332,0.9996576,0.434620620813868,0.35746429840793925,-0.095051005,0.9994356,0.4623687554685768,0.35767822925585074,-0.08485775,0.99909604,0.36411723675355323,0.45068714201443627,0.06497812,0.99937534,0.5177145272441823,0.43907978152424965,0.08694854,0.99940133,0.34095984275415514,0.5881235825143669,-0.16535948,0.9985881,0.5677093382554839,0.6044160948868604,-0.12969647,0.993339,0.5044289735768483,0.4501619629651725,-0.35844988,0.9967808,0.4107044149664094,0.45362692940188704,-0.4018744,0.99883413,0.4909530418665442,0.7721870615927732,-0.00861925,0.9989661,0.3952729556380964,0.778475432112428,0.008979527,0.99891496,0.5163535032867923,1.0043881629950395,-0.071812525,0.89036334,0.40859216631443207,1.0345055526983267,-0.09710091,0.81732494,0.40053770430938984,1.2650260375061328,0.1663191,0.055968434,0.5506451760767238,1.247032577747613,0.13103172,0.0819169,0.3943113865451259,1.294425675897615,0.18682112,0.04829255,0.5470273932908942,1.2835510927051397,0.14622304,0.05012266,idle
0.4516888672913405,0.3351348883863332,-0.14997837,0.9997458,0.4495475334395884,0.3117613747193972,-0.12653942,0.99974036,0.46686967876676366,0.30980556094114253,-0.11728527,0.9996674,0.41800043445312174,0.3220100943825546,0.012954767,0.99974227,0.469882733277745,0.32250787690950744,0.05356425,0.99968094,0.4415459903452078,0.3682333405778394,-0.0985299,0.9994531,0.45916815272635714,0.35289473984704023,-0.08708818,0.9991362,0.3702331889412316,0.4455226238144386,0.05918814,0.9993721,0.5159907177796916,0.4374673057546456,0.08660016,0.9994139,0.35265084521905454,0.5852959519301143,-0.17575362,0.99865824,0.5623394895101863,0.6088067849792411,-0.13146815,0.993881,0.5007386912100873,0.4531774694204101,-0.3633538,0.9970376,0.41696823566661645,0.447371970122928,-0.41348824,0.99889714,0.49369820850265256,0.7579640605774998,-0.009692992,0.9990581,0.4014557867849997,0.7753000443486161,0.010054672,0.9990131,0.5232564524222774,1.009638343137477,-0.070579275,0.8913896,0.40568015773878774,1.0178553539396098,-0.09748716,0.8183296,0.38927720938189225,1.2623382767716433,0.16456732,0.053599305,0.5482954000354452,1.2526675887096546,0.13630673,0.07872588,0.3812608874517067,1.287831774735918,0.18530247,0.046736035,0.551715778300305,1.2884524808078262,0.15343633,0.04809718,idle
0.4553744412017201,0.3418203952907001,-0.15048134,0.9997568,0.44254754940100494,0.3057367758865171,-0.1258393,0.99975175,0.4695290751159379,0.31064407783725323,-0.11670657,0.9996834,0.42277484163438306,0.31832172569123307,0.017264575,0.99975044,0.48384264500426155,0.32134603366944764,0.05752046,0.99969906,0.43671469887389147,0.3564530189613544,-0.098404095,0.9994611,0.46243156412988684,0.3626749081997432,-0.08694683,0.99915963,0.36864637521894517,0.4508660314850825,0.058908165,0.99935484,0.5154136381807504,0.4459355972113594,0.08588941,0.9994127,0.3507684008737666,0.5881397100939346,-0.17847934,0.99870145,0.5691735408990968,0.5999590016714791,-0.14447194,0.99435943,0.5075652878685855,0.45569456056732194,-0.37163693,0.99726933,0.4230766082122085,0.44280658195912187,-0.4207251,0.99894494,0.4990717184176552,0.7714978578914596,-0.010197884,0.99914086,0.402947699949056,0.7891189150854466,0.010558643,0.9991016,0.528157397683235,1.0219235982556745,-0.068660796,0.8902864,0.40119873139815887,1.049033343804523,-0.097264,0.8151269,0.39348795158511796,1.2737872784775952,0.16429816,0.051089004,0.5424385274131609,1.251419756812318,0.15251572,0.07583309,0.39775864511873404,1.2929141066046388,0.18470863,0.045015126,0.5577162346690094,1.2846944782570757,0.16998667,0.04594773,idle
0.46388316883990754,0.33391928965992135,-0.14722827,0.9997713,0.4374987655609499,0.3079245841788279,-0.12176019,0.99976677,0.46778813399271757,0.31489982683448614,-0.11288039,0.99970245,0.4179599429920886,0.32825246445840356,0.022315156,0.9997645,0.47315508522251337,0.31374081147963223,0.06164949,0.99971944,0.43982041725525967,0.36236401163819176,-0.0947447,0.99948496,0.46554941659408944,0.3633739041491457,-0.083705015,0.99920285,0.36158172354245877,0.44661465686101465,0.06339417,0.99937254,0.522493521087425,0.4414479271699821,0.08881223,0.9994257,0.3472761279113845,0.5919650200101078,-0.18071982,0.99876386,0.5640954594655031,0.6090523981031026,-0.14297725,0.99480015,0.5098241610479786,0.4423857456954797,-0.37291646,0.997477,0.42224028044162665,0.44708654695940964,-0.4176774,0.9990042,0.49849730338408416,0.7688716684216069,-0.010286881,0.9992146,0.409216570940784,0.7754596735914377,0.010649208,0.9991808,0.5182392205035588,1.0374907024295266,-0.067216806,0.8901834,0.39990358802995707,1.0299169877052998,-0.09725458,0.81573325,0.3956845802524761,1.2776647558159315,0.1676347,0.049600087,0.5437007948708932,1.2619236401590606,0.16162398,0.07390399,0.38656661058205866,1.304181696095732,0.18855178,0.044218697,0.5464661666184074,1.2859125683751491,0.1799364,0.04473071,idle
0.44938589203546997,0.34249707169982074,-0.14825353,0.99978554,0.4323926463027198,0.3168470852645156,-0.12329644,0.9997813,0.4672244344912484,0.3086782077990824,-0.113937736,0.99972177,0.41768639914020367,0.32139408976354805,0.020101655,0.99977815,0.4738500315141172,0.3117233635572235,0.062060457,0.9997395,0.4360167070995512,0.3552710925410891,-0.095821396,0.9995084,0.46306511951539764,0.3585546883880158,-0.084165014,0.99924505,0.36505273639597446,0.44215284259006543,0.062262427,0.99938184,0.5131730212006651,0.4327654390429652,0.090220876,0.999442,0.34789546741580823,0.5850473937112978,-0.18297945,0.99883026,0.5586511390026547,0.6083876149553075,-0.14214118,0.9952246,0.5068582651135731,0.4500202816763883,-0.3730817,0.9976828,0.40710669623819074,0.4511652703523428,-0.42011818,0.99906194,0.49126389796124237,0.7699815396769107,-0.010281483,0.99928427,0.4049963657798471,0.7723767015823852,0.010650056,0.9992548,0.519423986986125,1.0383562687932029,-0.06792962,0.89160293,0.40601427859826744,1.0335182352575658,-0.104762316,0.8178464,0.39896311925750594,1.2798383676524934,0.16546738,0.047589853,0.5414440639365607,1.2645845729872855,0.16997732,0.07112417,0.3811144069160608,1.308134068615833,0.18721248,0.042968187,0.545464701833817,1.2871259160974813,0.18953761,0.043208983,idle
0.4550484189284506,0.33661699289424685,-0.13962083,0.9997975,0.43329140601406035,0.3085145390870765,-0.11446732,0.99979407,0.46423188182796726,0.30810649602859963,-0.10427161,0.9997386,0.41635865021328455,0.3212346209401803,0.026399646,0.99979013,0.4722748092125165,0.3166466621644041,0.07280915,0.99975663,0.4325447841536062,0.35315308320572003,-0.08832086,0.9995224,0.46356949168241823,0.3574871878167098,-0.0753639,0.9992703,0.3651376503947875,0.44037116932515,0.062839,0.99938315,0.5070623427610306,0.4469776341165984,0.09640895,0.9994495,0.3474296675357931,0.5962797980513118,-0.18415572,0.998895,0.5657469884721876,0.6031666500310189,-0.14158548,0.99560916,0.5091847781131532,0.44750556220075005,-0.37342325,0.99787104,0.41484365239892895,0.4487185180727908,-0.4220243,0.99911636,0.4911329199568947,0.7627455199918881,-0.008889848,0.9993468,0.4057508041473402,0.7769077750115464,0.009295852,0.99932104,0.5152020694082478,1.026811595313705,-0.06635714,0.8943915,0.40324753845798644,1.039041427650254,-0.10445591,0.82209766,0.3939278648166644,1.2804732140214652,0.15915902,0.045765936,0.5465603848744088,1.2636463636032806,0.17488499,0.06838238,0.39158618887916896,1.3038113687498891,0.18027182,0.041762896,0.5388567205068061,1.2988925464244698,0.19446392,0.041723117,idle
0.447604895087247,0.34508789729101086,-0.13927448,0.9998075,0.43520306343598236,0.30990513978667955,-0.11507504,0.9998043,0.4622635585738155,0.30497148879977365,-0.10482355,0.9997523,0.43173213979031566,0.3274982926357983,0.024296803,0.9997993,0.47198294228877014,0.327255377132346,0.07083309,0.9997717,0.43622052830486213,0.36325545256540603,-0.088134326,0.9995358,0.46078070405970606,0.36130078248383696,-0.07507746,0.9992979,0.36282838003621665,0.451326746243091,0.06557707,0.99939,0.5142430194966443,0.44044548775263787,0.09648644,0.9994628,0.34794799402116217,0.5894426744568899,-0.17330018,0.9989475,0.563604048876017,0.6051043204357497,-0.12848079,0.99595314,0.5020570458522065,0.450543749629051,-0.34989375,0.9980318,0.4185795240197352,0.44639138395494193,-0.4063553,0.99916184,0.4896141003231673,0.7718603580365307,-0.009478594,0.99940234,0.40257185111386595,0.7763897866139086,0.009883283,0.99937946,0.5126224718411397,1.022248849293451,-0.068884626,0.8962297,0.4015020627368061,1.0323466309927702,-0.10364262,0.8250873,0.39827654947041047,1.2849451746140477,0.16326788,0.04454312,0.5395098580974556,1.259195853921011,0.17237243,0.06667834,0.3819475970298075,1.3094287052478795,0.18471542,0.040994793,0.540342289190217,1.2970450075847801,0.19080564,0.040700022,idle
0.4487697654252236,0.32504421531744077,-0.12805119,0.99981385,0.43022490180286266,0.317890404041953,-0.10255426,0.99981236,0.4650509686974339,0.30990722899477885,-0.09505241,0.99976355,0.41343129629599373,0.33414598258031786,0.039879754,0.9998064,0.4757397710455489,0.3295403786387395,0.07452533,0.9997854,0.4381914755180719,0.355791569834454,-0.07580371,0.99953884,0.4541398096433964,0.35556270342276297,-0.06618232,0.9993118,0.37569919369604987,0.449564895735133,0.08109479,0.9993842,0.5076513875541997,0.4380335425204155,0.095589474,0.99946225,0.3421598119717676,0.5987149706787454,-0.16025974,0.9989769,0.5637554744499378,0.6054373460562171,-0.12871212,0.9962631,0.49975986239423575,0.45188693550967246,-0.34254336,0.99817485,0.4227312636969013,0.439944234367996,-0.38797885,0.9991901,0.4987516826990701,0.7664453159019803,-0.012133544,0.99945444,0.40351455912769996,0.7729894537304457,0.012564656,0.999434,0.515942129091193,1.027789721613555,-0.071829274,0.89779556,0.39672383257148747,1.031661970692369,-0.097176075,0.82863766,0.38952219225774865,1.2857401456256052,0.17263079,0.043157097,0.5373199846267869,1.2673586840159925,0.16737619,0.06417519,0.39587886969697694,1.3118703844141024,0.19381917,0.04001867,0.529949658501393,1.2973302953746149,0.1863772,0.03918135,idle
0.4463660577274645,0.33195949314228557,-0.13753,0.9998192,0.421298575252548,0.3098187744717674,-0.11212045,0.999819,0.46091864717569997,0.30834185359516053,-0.10861387,0.99977344,0.4098416743629941,0.3221164182679727,0.03586052,0.99981374,0.47474379610218786,0.3253711210347784,0.05790993,0.99979866,0.43381304899650364,0.35198596156545797,-0.079646446,0.9995553,0.452253262382743,0.3513835080690605,-0.075559415,0.99934196,0.3557408123618687,0.4504109127106184,0.077615455,0.9993865,0.5172563100404691,0.45032717889383,0.0845744,0.999469,0.3333179958355176,0.5954716315729428,-0.14758885,0.9989661,0.5606994569493818,0.614533302549352,-0.12875684,0.9965062,0.4902673252247072,0.4397223444315065,-0.34544444,0.9982934,0.40738187846379603,0.4492238458060324,-0.37651044,0.9991945,0.4805995337716831,0.7681366342633654,-0.014416677,0.99949825,0.3892577707893954,0.7732374197680235,0.014910288,0.9994809,0.5124433108070442,1.0282800394587264,-0.06369295,0.8957775,0.3913241387165446,1.035742401360376,-0.092784405,0.82659686,0.37528429222849014,1.2831709943625673,0.17814216,0.04137569,0.5330048762206816,1.2664477214572187,0.18646483,0.06125727,0.38840731533616635,1.3073674181794233,0.1990655,0.038601246,0.5469270306564717,1.3004603760243925,0.20648408,0.037166804,idle
0.4409776494651305,0.332615451214181,-0.173624,0.9998312,0.42393499321413486,0.30636917365864536,-0.15035161,0.9998314,0.4511798158957937,0.31033854261171095,-0.14412865,0.9997894,0.407371661488907,0.330365712476609,0.001939624,0.9998274,0.47575670869003817,0.32801342675350903,0.030481512,0.99981445,0.42286619757664257,0.3560336757284245,-0.11513466,0.9995897,0.44824035721578814,0.3539264268235239,-0.10755537,0.99939466,0.34647366482956476,0.4437766640612627,0.07083354,0.9994152,0.5036780143163906,0.4439395400240118,0.082197055,0.99948424,0.31812720127929994,0.589314195978385,-0.15260915,0.998962,0.5527104965292458,0.6113352880030462,-0.12733439,0.99657357,0.4887749604288385,0.4804534687117009,-0.36908194,0.9982233,0.38247152234901016,0.46957710409397263,-0.38590583,0.999173,0.48032721245622445,0.7718733178782933,-0.013837375,0.99953055,0.38066219760534104,0.7821373093094718,0.014354388,0.9995188,0.50685981958263,1.0340187332925537,-0.041318346,0.89777,0.3973914950284536,1.0503156156538926,-0.08789767,0.83161426,0.3772290999926061,1.2776602840871158,0.18015108,0.04479834,0.5409608138677222,1.264087926734428,0.21248639,0.065497994,0.37989350940241706,1.316067533089013,0.20011742,0.04076315,0.5296298117018259,1.295044157159796,0.23233633,0.03852771,idle
0.4353000718035277,0.3322651534616783,-0.20641208,0.9998425,0.42720660002844113,0.30053605768136105,-0.18455037,0.9998429,0.44696078663359395,0.3054003028323795,-0.17867382,0.99980336,0.3987063389873542,0.3269212867915599,-0.02265751,0.99984056,0.46358038349978525,0.3041013884422585,0.0035034318,0.999828,0.4274606424286891,0.351161277581851,-0.14324108,0.9996257,0.4425961225541435,0.3518291957458241,-0.13605306,0.9994475,0.34789273264538223,0.44474002819576625,0.066908084,0.9994615,0.5017110421409522,0.4342249643337826,0.08210403,0.9995092,0.3104672955116159,0.6032605342241435,-0.14005576,0.99890274,0.5350805678295911,0.6069533112221998,-0.114139184,0.9963363,0.4897832872546999,0.5355179635224162,-0.41649455,0.99801064,0.39045662312341634,0.49722458131948105,-0.38742977,0.9991107,0.4765233080079292,0.7652684645801408,-0.013423437,0.9995435,0.3746577469644766,0.7797976659703403,0.013944809,0.9995403,0.5094105244714735,1.0453784538890316,-0.04248967,0.89666855,0.3793467230943145,1.0424756306677567,-0.08927621,0.8320131,0.3689112025890585,1.2769624565893738,0.18523428,0.050857663,0.5343216647687614,1.2599618343444168,0.20747986,0.07662065,0.37096507732091477,1.2991171445506142,0.20488706,0.044555612,0.5400927525833058,1.2832856521565186,0.2256815,0.04194514,idle
0.4272639165251354,0.331019962168382,-0.26539302,0.9998577,0.4225059702127273,0.3040011668730173,-0.23933855,0.9998581,0.4533765193750666,0.31222090385054563,-0.23516795,0.9998224,0.39653731703300976,0.3171499234035848,-0.06320877,0.9998561,0.4669457194316572,0.31316924048227024,-0.046602998,0.99984485,0.420004733726844,0.33625426843271056,-0.19822532,0.9996625,0.43766250852955524,0.351670167781997,-0.19391976,0.99950194,0.343541669899428,0.4495500273778928,0.032164954,0.999513,0.5008094824801179,0.44463491095034763,0.057620514,0.999553,0.30782471023294655,0.5975450673583868,-0.14789093,0.99899113,0.5323855101654433,0.587269843115362,-0.08550195,0.9964828,0.4943732956089899,0.6003281062056588,-0.40633994,0.99794877,0.3751350227815309,0.5038804424770642,-0.463013,0.99916714,0.46983216007019446,0.7765059484377079,-0.007042785,0.999574,0.37687506776360524,0.7774685466688348,0.0076420335,0.99957556,0.5018984550767365,1.0501149391102023,-0.04375029,0.9003963,0.3858601983913842,1.0316400240714414,-0.08959932,0.8401355,0.3638508546688445,1.26942632832778,0.20704992,0.05375608,0.5344670159397888,1.258674174713452,0.19912077,0.08329604,0.36741129070608436,1.2984726817416075,0.22824904,0.046687644,0.5281444541457518,1.283295716757503,0.21705596,0.04725134,idle
0.42740377063537116,0.33419375914662547,-0.33534843,0.99987125,0.41441646732328297,0.3056305032733291,-0.30813554,0.99987155,0.45777968994329454,0.3007910035719491,-0.30324906,0.999839,0.3956890596777849,0.3055292458956742,-0.12552294,0.9998699,0.46002478162343685,0.31000184515206025,-0.105693296,0.9998597,0.4195203773312415,0.34770234270682676,-0.26611376,0.99969584,0.4421258031910449,0.34291636491940936,-0.26087016,0.999551,0.333683938281065,0.4433262327725501,-0.022735042,0.99956006,0.4867141590478873,0.4443997143053921,0.03077799,0.9995919,0.28489840184255455,0.6032881818850264,-0.19120634,0.99906605,0.525070606287942,0.5870331036662532,0.034185827,0.9963337,0.5083288627708465,0.6490090730016697,-0.198972,0.9971891,0.37838376204137025,0.5243714128509166,-0.56841815,0.9992035,0.4643387354365561,0.7666903483803572,-0.0008882019,0.9995836,0.3699997924716746,0.7717464725101595,0.001390509,0.9995974,0.4986966336757237,1.0322348052917245,-0.04803766,0.9025242,0.382846604140082,1.0365516021446846,-0.08984506,0.84319264,0.3641240983683992,1.272932326720792,0.24200363,0.0594031,0.5370251900078448,1.255553464400374,0.19564256,0.09378209,0.37064042360976845,1.3011746417622396,0.26694658,0.05021984,0.5232691189971357,1.2753066496968657,0.21407449,0.052815724,idle
0.4307220804912746,0.31455765170964944,-0.41699377,0.99988294,0.40936185104740075,0.3010853777042793,-0.38901573,0.9998827,0.4399377071612014,0.2981279323982461,-0.38796344,0.9998523,0.4020940259380956,0.30810926863359384,-0.19834243,0.9998811,0.44186469899535885,0.3093575802167548,-0.19379497,0.99987173,0.4059560297845467,0.3524399683934718,-0.3440041,0.9997258,0.4318647369767782,0.32993642794061107,-0.34304148,0.99959505,0.32510675270397316,0.4505411168172465,-0.080157205,0.9996025,0.4959602375795975,0.4405328294275495,-0.047966152,0.9996267,0.27925893899610477,0.5940745884354509,-0.24395294,0.99903846,0.5221567880542173,0.5923457119010648,0.044721313,0.9952804,0.5249918935274447,0.7261255336594987,-0.080020666,0.99196416,0.37197076246768324,0.5424834498141221,-0.63359976,0.99908,0.47914852871229363,0.7717983882617964,0.003416647,0.99944115,0.36490297462033683,0.7713318601654645,-0.0030887614,0.9995207,0.5002968417322118,1.0339661838499792,-0.0487517,0.9037761,0.37729201660951717,1.0302034815458698,-0.08984936,0.8459059,0.3489040146928356,1.256452317967215,0.24495323,0.09165627,0.5291322597171189,1.2453713913514166,0.20888695,0.12718002,0.35574651659076884,1.2857166342899378,0.2695009,0.06542447,0.5361189968113299,1.2720678697822552,0.22806282,0.06618959,idle
0.4158026404337972,0.31648182209045184,-0.40140146,0.99989367,0.3974500932873507,0.29254364785472387,-0.375777,0.999893,0.4211315307498581,0.2963780834723608,-0.3763329,0.9998649,0.39423313670609494,0.31118657037253145,-0.19181481,0.9998915,0.45029202313614347,0.3122029789565614,-0.19444694,0.999883,0.4138487369602005,0.356852290474785,-0.33028764,0.99975294,0.4265431034087718,0.34128190199982233,-0.33127165,0.999635,0.330390204040103,0.4421607784207948,-0.074909724,0.9996413,0.48189500615137615,0.44232131687911436,-0.059171356,0.9996598,0.2758875420824368,0.5906333672697153,-0.23390019,0.9990517,0.5153188938727995,0.5982762084067733,0.029654061,0.9946963,0.5321098967427844,0.7576348946157662,-0.10742526,0.9896657,0.36667314813733975,0.5551183162054938,-0.62098205,0.9990639,0.45657656558472337,0.7680980476140813,0.0030215182,0.9993444,0.37396666625610664,0.7833604771561271,-0.002816896,0.9994515,0.5019267747076059,1.0472072387015348,-0.060776252,0.9058397,0.3744483737599822,1.0432733386740929,-0.08513344,0.8503009,0.3462875862485597,1.254929205095933,0.2633483,0.120012365,0.5298029733081141,1.2358647808367818,0.20313895,0.15991892,0.3572804572105188,1.2811050571513651,0.28839257,0.07901382,0.5259613661272944,1.269229580988221,0.22184896,0.07728764,idle
0.4226009940665342,0.3164863218911324,-0.44090614,0.9999039,0.4021567142106025,0.2996893440450659,-0.41513968,0.9999031,0.42145960285102535,0.2863779791867785,-0.41576424,0.9998774,0.383049731775594,0.3049909325853569,-0.22302988,0.99990165,0.44465726193208,0.32073565328234444,-0.22493836,0.999894,0.4085236411018067,0.3311242562891479,-0.3660632,0.9997775,0.4237524009989416,0.34642689062986026,-0.36675185,0.9996712,0.3264983168100897,0.44487747675252864,-0.092039146,0.9996766,0.4817484057242646,0.4408882423291202,-0.08315308,0.99969167,0.26923244479549113,0.5980251466433689,-0.25619465,0.9990533,0.5071376454554609,0.604708359850059,0.011134611,0.9944664,0.5332549597562373,0.7735297759536446,-0.12590228,0.9880356,0.3526737026035721,0.5671035838517622,-0.6756107,0.9990357,0.4599587042784936,0.7662919562252393,0.0025393318,0.99926513,0.35834413185947456,0.777362168734437,-0.0024476163,0.9993904,0.48943415570858884,1.0506255429927798,-0.060953785,0.91053355,0.37194917941139627,1.034862350146144,-0.07792201,0.8577728,0.3433549989852728,1.2578133287104571,0.2578773,0.16409591,0.5258080750815879,1.2475794835549952,0.20231204,0.20551895,0.36137428710057407,1.2740065814418235,0.28100795,0.10157361,0.5216923046061342,1.2695141501578189,0.22018445,0.094259195,idle
0.4023665380796799,0.31111471859823114,-0.5180888,0.999913,0.4018740602881018,0.29951921969702155,-0.4919289,0.99991196,0.43471286613133653,0.28872823093651606,-0.49135333,0.9998883,0.38009584662267615,0.30909976305205683,-0.2919717,0.99991065,0.43961055887335254,0.31266229261488837,-0.28789073,0.9999035,0.40199392418678515,0.345424840681611,-0.44008988,0.99979955,0.41644357687842515,0.3363993586930188,-0.43892312,0.99970365,0.32127543437334183,0.4411749229578923,-0.14705345,0.9997083,0.4759528076998475,0.44535595549670987,-0.12950528,0.9997188,0.2582190569407986,0.5920000931410448,-0.30063578,0.9990511,0.5034808404217737,0.6110163652877938,-0.009635355,0.99354213,0.5426852621302874,0.7770151211666674,-0.1561563,0.98216325,0.34879909231180417,0.5793223744659418,-0.71082646,0.9989576,0.4603480480221457,0.7711212638244058,0.0018885123,0.9990591,0.36440626510837504,0.7638968784721862,-0.0017290516,0.9992217,0.486550952144411,1.0433702319696192,-0.053603847,0.91396683,0.37187073150904815,1.0317891852984071,-0.057811756,0.86306006,0.34758763561837036,1.2483178982497591,0.28208143,0.2058181,0.5273864506975918,1.2421088258461819,0.2077353,0.24816555,0.34290075321383684,1.2761020139768984,0.30558282,0.12314813,0.5216876387898378,1.2660268656304967,0.22477801,0.111137725,idle
0.40909139631638136,0.3088454302858339,-0.5113349,0.9999197,0.3855594472013294,0.29054956489784517,-0.48653364,0.99991804,0.4296359303430556,0.30117994943908233,-0.4855481,0.99989533,0.37684362670448024,0.30512652846243704,-0.29293543,0.99991685,0.4343285914950925,0.30967716066654594,-0.28638822,0.99990976,0.39458395938935886,0.3375160887626915,-0.43578023,0.999819,0.41358401027077774,0.3371996599152686,-0.4339292,0.9997321,0.31977727308570425,0.4408754645376017,-0.14933008,0.99973613,0.479252435343823,0.43966147506133224,-0.1359925,0.99974084,0.26316459420316063,0.5990285075183714,-0.27863386,0.99898684,0.4967162272987601,0.6177604194813994,-0.02403118,0.9923088,0.5292082746415715,0.7567623231455938,-0.18670583,0.9752448,0.344183237858394,0.5999573960380774,-0.6641735,0.9987074,0.45291489059209966,0.7588405108155891,0.0017554188,0.99876857,0.35170102035976814,0.7822591999951982,-0.0015553411,0.99897546,0.48056760755231664,1.0358006515418545,-0.05182884,0.9156537,0.36130064756421565,1.0428280556370773,-0.058576483,0.86600655,0.3402696087213678,1.2398939361174255,0.27139896,0.23763718,0.5297209453859582,1.2320555543486151,0.20693359,0.28028005,0.34432956353771804,1.2883310518756055,0.29344624,0.1381033,0.5163856642765372,1.281395349664007,0.22349615,0.123490706,idle
0.41154577979251605,0.3144380588379832,-0.50672805,0.9999264,0.39022126821786407,0.28695229374050335,-0.48247606,0.99992424,0.42186435297917557,0.29870291492184714,-0.48087487,0.9999028,0.36943962244359296,0.30112687063789395,-0.2891197,0.99992317,0.430111869975248,0.3148558015234983,-0.27965027,0.99991626,0.3999309859986355,0.3383014448217015,-0.4310488,0.9998367,0.41095598581714743,0.3381053638110613,-0.42845505,0.99975806,0.3092885611117535,0.44734480583319775,-0.14548069,0.9997616,0.4821027540623345,0.4351623283717986,-0.1303871,0.9997622,0.25827180789711845,0.5984648134273148,-0.27553755,0.9989473,0.5021855422301043,0.6086220098428506,-0.025483763,0.99148417,0.5296723367021919,0.7798660794177439,-0.19113311,0.96993744,0.3466904935451781,0.6110103391715117,-0.6636661,0.99851424,0.44154986787063755,0.767556556470765,0.0011742283,0.9985749,0.35433596864870953,0.7818326522438183,-0.0009385031,0.998796,0.48765317549229337,1.0486740953475626,-0.05671258,0.91981506,0.364933798570824,1.0449704045907389,-0.062343527,0.8726979,0.3325782101400644,1.2582687913883692,0.27249882,0.27929273,0.5221133003293323,1.2579220176799537,0.20673577,0.31938487,0.34220673796419576,1.2775375036577339,0.29501203,0.1590411,0.5224338983706982,1.291443142589444,0.22390822,0.13941664,idle
0.4079973605059981,0.31312765122312225,-0.52378523,0.9999311,0.38379514422504957,0.2999567169795864,-0.49981943,0.9999285,0.4182105686440314,0.29198567779250606,-0.49930865,0.9999076,0.3819522566465925,0.3049383069780195,-0.3075257,0.99992764,0.43653654483166104,0.3071198322522284,-0.3038098,0.9999204,0.3924588156566914,0.3352032121890636,-0.44832858,0.9998523,0.40105640851362145,0.33190509433549203,-0.44735223,0.9997809,0.310143756983406,0.43859257903258797,-0.1627281,0.9997839,0.4706474651146767,0.432061189166616,-0.15067115,0.99977803,0.25220745003647926,0.6024129685729325,-0.26788872,0.998862,0.49046042537783174,0.6118453362609217,-0.052115906,0.9903582,0.5314124138178735,0.7671928954682631,-0.19885948,0.962919,0.3444518051090236,0.6133975477538539,-0.6392745,0.99820876,0.442427250411078,0.767072453477907,0.00092555827,0.9982766,0.34523189679689137,0.7903316854367414,-0.0006830873,0.99855596,0.4703030569859017,1.0521622520206215,-0.056938022,0.9205582,0.359824521201471,1.0427727395594701,-0.065037444,0.8739205,0.33508992074868194,1.2554967997073438,0.2798244,0.29607317,0.5212922176782874,1.2483082027462844,0.20682164,0.33962068,0.3529246814914522,1.2861341121555947,0.30420882,0.16767906,0.5201018229743029,1.2836820325796434,0.22431679,0.14668147,idle
0.40308157230428443,0.3074542259550759,-0.4827841,0.99993455,0.3903471027693577,0.2823054489447722,-0.4580492,0.9999317,0.4195792306363634,0.2879351328453444,-0.4577725,0.99991,0.36916259645019867,0.3102229701401674,-0.27060497,0.99993074,0.43635568208078546,0.31024147020826387,-0.26867682,0.99992216,0.3870369792206263,0.3329788448307385,-0.40995878,0.99986607,0.4113904957812734,0.3372072937066573,-0.40944177,0.9998006,0.30728612721338566,0.44305099253186975,-0.13572632,0.999804,0.4765813732475407,0.4473034164476245,-0.13003416,0.9997885,0.260306534995452,0.5879824313149216,-0.24579272,0.99874365,0.4992689415184024,0.6237387376293339,-0.0498825,0.988408,0.5164006485008171,0.7740612144650005,-0.19419685,0.9517888,0.3171719417079817,0.6254765254142551,-0.6365797,0.99792325,0.4480952102433713,0.7729199651986655,-0.0036104403,0.9981067,0.3391685937447776,0.778292828434987,0.0039000127,0.9984333,0.46923530249892376,1.0453481805779945,-0.07013659,0.92200255,0.35674376304993116,1.0494746553927596,-0.06625352,0.8758912,0.33595114413035443,1.2588605346994741,0.2699868,0.3174165,0.5088795075156038,1.252176392676121,0.19418612,0.35843238,0.3453295812092031,1.289346898426228,0.2936228,0.18058698,0.5249174317634866,1.2841124120250937,0.21062851,0.15009585,idle
0.39778212012117264,0.3081938947244375,-0.48176613,0.99993694,0.38352179838228917,0.28555052971326994,-0.4571088,0.9999336,0.4076047305223993,0.29303599401660807,-0.4558913,0.99991035,0.36981342408507145,0.29725927599210583,-0.26878387,0.9999325,0.42583347225203827,0.3061549378693758,-0.2625758,0.99992186,0.3842076216990852,0.3369920535645905,-0.40832552,0.99987817,0.40775925948142966,0.3423860428469738,-0.40662757,0.999818,0.29828712144745884,0.4405928936532221,-0.12994379,0.9998214,0.47229447557912463,0.4438630072448105,-0.11938479,0.9997962,0.2615637715351775,0.595245480851966,-0.18904239,0.99853295,0.5008792303449504,0.6213047757116567,-0.030314475,0.9872656,0.5065894001644903,0.7758660294627451,-0.18719098,0.94812757,0.3185266689149714,0.6641557497965627,-0.5216296,0.9974656,0.44101948000293356,0.7595270931740367,-0.0048072124,0.9980703,0.3344584680774262,0.7790553591143612,0.0051833047,0.99840456,0.4636777658810438,1.0503266755534706,-0.10981275,0.91847974,0.3563105912928042,1.0392447681509198,-0.07857961,0.87052494,0.33904521258843334,1.2509662481373474,0.25944424,0.31218785,0.5094530929768596,1.256852679458363,0.15802535,0.35589248,0.3440977176913348,1.2946467342850818,0.2817818,0.18056251,0.5075160341124153,1.2823757801809799,0.17493072,0.14669739,idle
0.4105024694040367,0.30651885544117996,-0.43146795,0.99993503,0.38607152628318686,0.2944082266271996,-0.40380675,0.9999281,0.4100165181051789,0.28538427799189153,-0.4028809,0.99990106,0.3513401369563147,0.31096386219704064,-0.22557715,0.9999228,0.41484344633714243,0.3053763254647806,-0.22166021,0.9999093,0.38140217682285604,0.33488807254365166,-0.3636762,0.99988586,0.40125525278877516,0.3287201077591794,-0.3623597,0.999828,0.2922422994722773,0.4529810876517238,-0.0880113,0.9998345,0.45940034094471005,0.43838749153112117,-0.10890013,0.99979,0.26195375577730917,0.5935714193605761,-0.039100092,0.9978312,0.49229016726630304,0.628092662441595,-0.013447334,0.98547935,0.5004049162724764,0.7644110516816068,-0.16404969,0.94087017,0.3002838542334624,0.6971939264391758,-0.26603222,0.9959735,0.4393468921179735,0.768072350001172,-0.011720935,0.9980573,0.34339704360218526,0.7728567220795723,0.012180012,0.9983792,0.4546848409664125,1.0380519292725843,-0.1507034,0.91201186,0.3503360617086124,1.0422495162898462,-0.079316854,0.86379504,0.34218055898443633,1.2452034424448373,0.24379018,0.3059557,0.4843873157270988,1.2325026583398409,0.13770428,0.34152204,0.34870044090727836,1.264762591274638,0.26372004,0.1769395,0.4951700202094812,1.2680157243002244,0.15771599,0.13894892,idle
0.3970266089895984,0.30494191452512803,-0.4340176,0.99993646,0.3748212174734974,0.2901195886113463,-0.40534467,0.9999276,0.4228016724572782,0.2855707067729902,-0.40574837,0.9998968,0.3589876943122381,0.3039687706037575,-0.22553381,0.99991995,0.4180148245901283,0.2985629270462425,-0.22479181,0.9999027,0.3722211095343124,0.3260103427955875,-0.364831,0.9998946,0.4184756505250292,0.32765801088038954,-0.36505508,0.9998404,0.29331190786017236,0.44261094107320054,-0.085945725,0.9998488,0.4664499095372664,0.44353069248930216,-0.1215405,0.9997912,0.27045281216337025,0.5889045120150014,-0.057944607,0.99741185,0.49425329778244753,0.6145408006513022,-0.037029527,0.98453766,0.49585632226521126,0.7759445002676691,-0.17519821,0.9368604,0.2930654798871385,0.7211428592828474,-0.32403892,0.9954157,0.447716961828144,0.7647212304026939,-0.02141102,0.998081,0.34913355168890703,0.7645872369093176,0.021896265,0.99841094,0.44178027201369197,1.0251774860730587,-0.12225926,0.9041382,0.3489929876203306,1.030904307539669,-0.06187741,0.85348445,0.3349240244357856,1.232591200037928,0.2791898,0.30040425,0.49858996294573743,1.222094516016888,0.16075255,0.33005336,0.3456998063994655,1.2588677553097944,0.3016274,0.17577934,0.4958798852032279,1.2535346150876414,0.18549898,0.13256046,idle
0.3954567458337457,0.29710659964015884,-0.48255754,0.999927,0.37654588384860044,0.2766605468646047,-0.4556901,0.9999085,0.4087499068920346,0.29767529970385215,-0.45659995,0.9998632,0.3568829655276742,0.297345933446371,-0.26722673,0.9998926,0.43644682794563483,0.29632108447884997,-0.27179718,0.9998621,0.3731618909736474,0.32031149438695067,-0.40939426,0.99989635,0.4008760200539926,0.3212587929950925,-0.4107576,0.99983925,0.28989168107227925,0.45336701590676465,-0.10643341,0.99985766,0.47415583227054525,0.43606621163199955,-0.16067141,0.99978,0.27052319154649485,0.6002384058966654,-0.017929886,0.9967497,0.48616133100510417,0.6174243823556077,-0.07873242,0.9836915,0.4888011758419235,0.7615674299666607,-0.22644179,0.9332388,0.28275131171460044,0.7728761881059906,-0.20191112,0.9942265,0.44587101941166396,0.760350056020396,-0.023370996,0.99808866,0.3426306946102765,0.7650137736545294,0.023808345,0.9984151,0.4369707306007431,1.0161644247726054,-0.12401905,0.8887638,0.34299253774028815,1.0417090356088567,-0.063231334,0.8358571,0.3456680548590919,1.2241529433958374,0.31456763,0.2863282,0.4767578268392405,1.2254029657509475,0.216171,0.3100407,0.3513192613996502,1.2450352702770875,0.3419842,0.1696697,0.47504331225495966,1.2422427373524798,0.24392477,0.12394277,idle
0.39837670409308246,0.3003920821994917,-0.58952826,0.99990773,0.37188804929552743,0.2783982441953098,-0.5638504,0.99986887,0.41540587895153247,0.28047886237885283,-0.56575525,0.9997977,0.3701458076270394,0.2922526114999816,-0.3647918,0.99983793,0.41987117077150016,0.2950007344151081,-0.37547436,0.9997569,0.3838135860513867,0.33559258923647284,-0.51153594,0.99988824,0.3999781874904976,0.32455546343076613,-0.5145499,0.99982345,0.29883573133662944,0.44168267878397016,-0.18745224,0.9998593,0.4651781556851433,0.44045105234626614,-0.23827222,0.9997445,0.26678569988557577,0.5939135799345292,-0.064776674,0.9957761,0.49495297950961237,0.6195352819560738,-0.15276328,0.9799327,0.49889136702393533,0.7745434291292173,-0.29551435,0.9132596,0.2678812053209627,0.7763410572425574,-0.21838686,0.9918474,0.4439604761085535,0.7669554310412334,-0.024626166,0.9977083,0.3512816649715028,0.764027243929295,0.024999205,0.9980501,0.43594078198839226,1.0177201859547673,-0.115672365,0.87737024,0.34107125189794196,1.0257162792950942,-0.0636431,0.82384,0.3393133718050664,1.2197624588562364,0.34697065,0.28507876,0.47386462706936316,1.229990417134653,0.2085859,0.31386515,0.34627206735005767,1.242865850817016,0.3767785,0.17387722,0.46553191700046326,1.2460776407138356,0.23178732,0.12322552,idle
0.3972207859508676,0.30873521681101995,-0.625414,0.9998933,0.3710568082577004,0.28485101470138946,-0.6004409,0.9998378,0.40579401028728945,0.28709521627520646,-0.6024457,0.99975187,0.35966745839084147,0.29436083689140197,-0.4026987,0.99978364,0.43117803055545867,0.29386066991628657,-0.41526112,0.99968684,0.3777743766618168,0.31967279446286645,-0.5479452,0.99988055,0.3998628263320503,0.3296467659527316,-0.551354,0.99981403,0.2875015374705219,0.44145940791666854,-0.21492569,0.9998599,0.4603705475526201,0.4414954151672062,-0.2808999,0.999734,0.26660460487167303,0.6129196020210689,-0.07973318,0.9945519,0.4936843957475612,0.6164039728382611,-0.20006616,0.97661924,0.49163464642699883,0.7787832045037036,-0.33520767,0.9002812,0.24818915995778768,0.7833540140959301,-0.21820755,0.98965275,0.42723544653265133,0.7545340502515184,-0.028403569,0.99746054,0.3379532084152014,0.7643098194852027,0.0287685,0.997646,0.43020138226630844,1.0061141402366023,-0.14797494,0.86238766,0.3416541944412761,1.0194652966057582,-0.014394882,0.80063444,0.33033703154282,1.2159400758340158,0.3568108,0.2801747,0.45497259101724374,1.2197937104104646,0.110546276,0.31224132,0.34698909852153614,1.2404488527537112,0.3813439,0.17677586,0.46141514882590384,1.2502553545626094,0.12544818,0.12276591,idle
0.3855978894799049,0.29117623069932785,-0.6023632,0.99989057,0.371470049160027,0.28070337047004246,-0.5780915,0.99982893,0.4042364268079407,0.27732649658613745,-0.580584,0.99973416,0.35295279530437984,0.28853634270938133,-0.38170275,0.99977213,0.4242490272765891,0.2945400402518798,-0.39592293,0.9996601,0.3719896063561572,0.3262558802887997,-0.5248799,0.9998829,0.4044102518246181,0.3283089316956559,-0.5288054,0.9998162,0.29390476859470804,0.4384369091963937,-0.19843575,0.99986494,0.4645874288717373,0.4335167823242385,-0.26267546,0.99972886,0.26922011399222046,0.6079559996219406,-0.06574725,0.9937603,0.48200383993881024,0.6093071865825065,-0.17840351,0.97509795,0.4985395836897708,0.7743755959024682,-0.3162581,0.89461476,0.2598122270689669,0.7790841763673712,-0.2141284,0.98840934,0.43239580037654957,0.7509536446563608,-0.029812649,0.99711037,0.3301379320402985,0.7624217788962347,0.030159438,0.99729013,0.42983635395980113,1.0060929440352202,-0.13279381,0.8490641,0.33341400899952556,1.02077593861434,-0.030741552,0.78330666,0.32640860674154615,1.2118903486498662,0.34090573,0.2755503,0.44699591784000614,1.215589807253542,0.16672245,0.3106011,0.34074227474201313,1.2426261013299602,0.36632356,0.17899497,0.4464857128295213,1.2515516870140002,0.1845287,0.12195783,idle
0.3873332129101723,0.30081515263086867,-0.56245434,0.9998923,0.3734287587490064,0.2756859002271862,-0.5385317,0.99982774,0.3906216082516307,0.2782471761587168,-0.53993505,0.9997309,0.35239567092071766,0.2904929575424417,-0.3485998,0.9997681,0.41194629719809606,0.287691789691275,-0.3578635,0.9996523,0.3742877128210653,0.3286316887118855,-0.48756582,0.9998874,0.39708429587397964,0.3275284096823642,-0.49001312,0.99982226,0.28917331479383435,0.4364021973202216,-0.17521574,0.99987143,0.4628309840041832,0.43571593211550713,-0.23298995,0.99973315,0.2721527094167988,0.6168513495684707,-0.034951605,0.99328536,0.48022299137958246,0.6193811266363076,-0.1502006,0.9746303,0.4973214852958012,0.7637179121299198,-0.28973264,0.89681184,0.24833927833920033,0.7747122439143325,-0.18350625,0.9882377,0.43758992175415323,0.7497488571825804,-0.02943648,0.9969797,0.33730015239974653,0.763405561450119,0.029759293,0.9971536,0.43131571976043537,1.0126567652625207,-0.12555143,0.8350026,0.35611564101973503,1.0218553372481523,-0.03802054,0.76690024,0.34268225314586453,1.2210404285935894,0.32631087,0.26866913,0.4380294338744838,1.2228242729110013,0.1747303,0.30256358,0.34533286302609645,1.244347384060703,0.351244,0.17817006,0.4528552505965151,1.2505681138322926,0.19405067,0.11870817,idle
0.3848254447253664,0.2899714724911136,-0.5685942,0.9998868,0.369307151420444,0.27143596011468896,-0.54426175,0.99981403,0.40633972922485284,0.26876915889207686,-0.5449077,0.99970126,0.3453201079109117,0.28999668119344113,-0.35494983,0.999748,0.42948129264052015,0.2931652051463486,-0.36122936,0.9995918,0.37416720012411553,0.3163785676001363,-0.49433917,0.9998859,0.39488415696293455,0.3290739807347449,-0.49602804,0.9998178,0.28874913267981783,0.439503956743224,-0.18733388,0.9998766,0.4597198974611142,0.44020519898971516,-0.23158756,0.9997146,0.2704698133096872,0.6159154387973069,-0.059773408,0.99295455,0.47897426876231197,0.6052559684968108,-0.14708146,0.9712244,0.4935520381839148,0.776053358524189,-0.28325233,0.88749635,0.249313848327258,0.7752747910479652,-0.20718417,0.9879581,0.43885824108035565,0.7505755387770581,-0.028402722,0.99660975,0.3364436193635473,0.7604309795300676,0.028733546,0.99684876,0.43077384733468105,1.0081462827233398,-0.1322923,0.8145296,0.3443162054564589,1.0178551227887145,-0.052357614,0.7449667,0.3394141732947632,1.2135024971378676,0.32141095,0.2586688,0.4520710132503766,1.228048601782912,0.15921204,0.29487076,0.35753784914753883,1.2428339871098117,0.34642485,0.17492157,0.44229771972749843,1.2458267752957204,0.17805798,0.11642398,idle
0.3981696877115505,0.29107074717542264,-0.55370253,0.9998799,0.36249827911094556,0.27180659360978515,-0.5290702,0.9997996,0.4032215170727891,0.26915753991822644,-0.52964026,0.9996646,0.35084343943547225,0.29476148619062176,-0.33946925,0.9997212,0.4213534381396682,0.2797338724759095,-0.34479147,0.99950624,0.3728516635676772,0.3155235801060621,-0.47961098,0.999881,0.3978461271676391,0.3186972607607669,-0.48107404,0.9998039,0.28999275576478656,0.43244115041240744,-0.17633933,0.9998813,0.46434046477391044,0.4195554265173371,-0.2187529,0.9996692,0.2691274099971781,0.6183563802574322,-0.05584485,0.99263376,0.47412768927653137,0.6089719841391443,-0.13708873,0.96556586,0.5057734104375975,0.7626485665609719,-0.25650495,0.8716516,0.2538027732469088,0.770846241602199,-0.18975097,0.9877607,0.42504588059748727,0.7443326660604301,-0.027716864,0.9964068,0.33457639324578314,0.7697851101573607,0.028053831,0.9967299,0.43163421270293334,1.0069248195737677,-0.16062327,0.7950519,0.3395455743227601,1.0209276534192542,-0.06793054,0.7272368,0.3381060357103145,1.2247508242658516,0.28218397,0.25173393,0.4544425108190969,1.227744524387605,0.12927173,0.28517357,0.3474099050639212,1.2467490727870312,0.30444205,0.17301352,0.4555798203545154,1.2453983476121433,0.14832397,0.11338312,idle
0.37879189977581906,0.28936327377960536,-0.49793333,0.99987954,0.3715323516389848,0.27298667920265374,-0.47385973,0.9997966,0.4101413685148674,0.26849676287519036,-0.47353593,0.9996579,0.3471902383414456,0.2820393998028694,-0.2977572,0.99971384,0.42486063988031775,0.2856794972796967,-0.29870662,0.99948853,0.38483898567785946,0.32521657532346643,-0.42926478,0.99988127,0.3968796830014554,0.3019375656339155,-0.4294192,0.9998028,0.29676124866752496,0.4353056505984089,-0.14604339,0.9998857,0.45615357567911163,0.4331706753874897,-0.19069777,0.99964994,0.2658420783769554,0.6136780276949622,-0.026820922,0.99257463,0.4811178927933496,0.6107652731880575,-0.107321575,0.963235,0.4988657185367694,0.7755522927642078,-0.21818769,0.86640275,0.250492497514218,0.7684410196633539,-0.15679751,0.98785883,0.42790439025325966,0.7554643534991273,-0.0272411,0.99631023,0.3365547758128049,0.7435033637800477,0.027581474,0.99666744,0.4264578996990973,1.0114980255666244,-0.15757641,0.77708745,0.3375088832940407,1.021093494647452,-0.06676121,0.7085691,0.3311160177199344,1.2304284762200495,0.24699876,0.24358423,0.4450244224264285,1.2308858125700353,0.09675817,0.27363348,0.3536287401092316,1.258952137800242,0.26533416,0.17072755,0.4453398126566075,1.263661167347862,0.112245634,0.10954385,idle
0.38897277516259166,0.2898200482440493,-0.49946588,0.99988073,0.3690438597357866,0.2554745005035508,-0.4743422,0.9997959,0.40662706748671207,0.2581523428623442,-0.47384986,0.9996548,0.3512783359651799,0.27594777625068834,-0.2941633,0.99971193,0.4231370614217228,0.27356691293969293,-0.2928988,0.9994771,0.3777260625038321,0.31752854855878404,-0.42928314,0.99988353,0.40607262235631936,0.31772376816641423,-0.4290228,0.9998037,0.2914128766395714,0.43471173430148147,-0.14155218,0.999891,0.4590040674928043,0.4375874433196527,-0.1804709,0.9996292,0.261623349767813,0.6050206378763233,-0.02485825,0.99262154,0.48287419035512513,0.611688209040336,-0.09286257,0.9591854,0.48782035156137316,0.7809515103303392,-0.2064863,0.85052156,0.2436483708304733,0.7650089908320298,-0.14855476,0.9874501,0.43251732634145534,0.7542315977191779,-0.02689772,0.9961758,0.33444906777664873,0.7585194195370372,0.027245674,0.9966247,0.4266134734553537,1.0123458121594011,-0.18119606,0.76475984,0.3281764244514188,1.0242637539621617,-0.08910383,0.69535214,0.34343746103698436,1.2455530799297905,0.21404758,0.23905088,0.4393412316389911,1.249236833007657,0.09522635,0.26591522,0.34572547968699463,1.270530522889656,0.23114486,0.16903542,0.43811273630390235,1.2775702434062033,0.112685606,0.10739288,idle
0.3829904869115346,0.26467813453090977,-0.5906309,0.9998795,0.37685648384548753,0.2567037734298695,-0.5649303,0.9997932,0.40916103517082214,0.2513616936175453,-0.5672248,0.99964833,0.3568411211284167,0.2718948239530836,-0.36583668,0.99971044,0.4201213449282287,0.27711883649248187,-0.37746486,0.99947315,0.37725255960512927,0.30658158674343017,-0.5119703,0.9998874,0.4014346505102818,0.3103403087546932,-0.5152918,0.999808,0.29698389278062487,0.4373735562310238,-0.18125363,0.99989617,0.45603441849796655,0.4301150266555997,-0.24663582,0.99961627,0.2618221705456647,0.6084493434637493,-0.041830845,0.99250656,0.48446410084578073,0.6196180241414481,-0.15348947,0.9561115,0.4917172253484069,0.7791032280334095,-0.27113098,0.8360956,0.23664668612188478,0.777323723488967,-0.18405262,0.98656327,0.4285992703324426,0.7541525482504432,-0.02987009,0.9960595,0.33482646085103185,0.7569494412396054,0.030201957,0.9966558,0.4212837928097254,1.0225011369523207,-0.16407634,0.75509685,0.33468828118009775,1.033212622503201,-0.082832046,0.6876984,0.3387481324150027,1.2510002526009896,0.26778653,0.23760922,0.44779578126221387,1.2525143609269618,0.19630405,0.25733954,0.34888148807360253,1.2856581294542857,0.29023343,0.16952468,0.450616906776089,1.2818483114169266,0.22254221,0.10460527,idle
0.3933125449059657,0.2682893319887919,-0.6184292,0.9998774,0.3668297635664638,0.2430319642594713,-0.59348476,0.9997892,0.4118942982323913,0.2507247911835242,-0.594257,0.999635,0.35462774326940916,0.26459293799195405,-0.39313924,0.99970925,0.42194977064897865,0.26327828267741016,-0.39760026,0.99945605,0.37326758559610884,0.3052876581188827,-0.5390506,0.9998914,0.40683164605761546,0.2962596302998298,-0.54026335,0.99981105,0.29287640637815004,0.42818289724997854,-0.20393136,0.99990183,0.46563898164665074,0.4265227618951203,-0.26222938,0.99959755,0.26722360995267846,0.6036600719958289,-0.053419452,0.99251854,0.48826033390126344,0.6134756411028905,-0.16897637,0.952029,0.5006210080998267,0.7799044762234943,-0.29009625,0.81917,0.22935990981617038,0.7722577953624953,-0.20059538,0.98594594,0.4393716285154835,0.7567897241787014,-0.031162918,0.9959224,0.3341461115008393,0.7590961704289882,0.03149765,0.99670136,0.4251051876464086,1.0279393191232402,-0.15680157,0.7418951,0.3321813794875964,1.0412130242992335,-0.080011114,0.67624456,0.35324522107991296,1.2581823435509236,0.30024147,0.23178099,0.45465217184636875,1.2545120229984614,0.22530058,0.24640886,0.34250533375322845,1.29430044372726,0.32572985,0.16746777,0.45670702097419336,1.2801086359787168,0.2528333,0.101188704,idle
0.3888027978910602,0.2541950985230159,-0.63956213,0.99987507,0.3764731740883378,0.2450833547947445,-0.61587304,0.999783,0.40566750625904124,0.2396432619957074,-0.6155696,0.99962014,0.3585679822435678,0.2552133853722131,-0.4178413,0.99970573,0.42157047873773856,0.2536813099773692,-0.41736048,0.99943876,0.3818164518186181,0.29765681453706744,-0.5606737,0.9998946,0.40155841670705317,0.29917930532000114,-0.560488,0.9998142,0.289642576867824,0.41876823324853585,-0.23114738,0.9999073,0.4720312560125337,0.42202929676096607,-0.27601162,0.9995925,0.2578495165299346,0.6066012151923701,-0.09161202,0.99255216,0.4958032292970015,0.6128559835849764,-0.18239656,0.94953644,0.515507827212301,0.7830199343846265,-0.30603284,0.8112152,0.22575033184543114,0.7822884504828549,-0.22476621,0.98574555,0.4421434730257716,0.747005072608277,-0.030803496,0.99584454,0.34334124622584183,0.7580795876202548,0.031132573,0.9967346,0.4371539024166753,1.0377024686854617,-0.12988687,0.72707784,0.33935993385947605,1.0520918441796254,-0.07977979,0.6641073,0.3281665910876881,1.2623211601218838,0.33395553,0.22573708,0.4543382260080493,1.2666573517668713,0.24428037,0.2385932,0.34126024714714864,1.2936101123359924,0.361754,0.16502708,0.4551952975639222,1.2931278089863945,0.27043724,0.09855599,idle
0.39318225524314465,0.25939618986222923,-0.6349091,0.9998698,0.3776445200553379,0.2368645992191954,-0.6106322,0.99977714,0.40935364694361787,0.24352464088431114,-0.6100949,0.9995997,0.3548429004235263,0.25852372039526256,-0.41242728,0.9997057,0.4275486629474926,0.25732094308259534,-0.4109951,0.9994146,0.37379492813278214,0.3016071778285788,-0.5564762,0.99989724,0.40848641295249655,0.295434581741648,-0.5559017,0.99981415,0.28344252597184216,0.4154083913757963,-0.22968467,0.9999117,0.47431941449272896,0.4201755304737283,-0.27029383,0.9995609,0.25028483512406463,0.6014053630848527,-0.09372481,0.99267197,0.4922044136601996,0.6111450290270136,-0.17566392,0.94653535,0.4971012234964304,0.7828156987295866,-0.29603493,0.7974009,0.2346350237155569,0.7632535665386112,-0.22574267,0.98576385,0.4371594213302299,0.7530448808015965,-0.030600106,0.9958113,0.33204932646905994,0.7660669219124483,0.030933624,0.996797,0.435838860173558,1.0365672953213187,-0.12732904,0.71877074,0.32954909759782636,1.0460570185901745,-0.07197657,0.65712065,0.326760978037953,1.2603382860617045,0.33500016,0.22125259,0.4490423209721818,1.2609286766009034,0.26549983,0.22766203,0.3399570346542019,1.2898299388014918,0.3621903,0.16430296,0.446161203573723,1.2929364443694573,0.29517373,0.09491879,idle
0.40198082356703446,0.2547768697903383,-0.612757,0.9998743,0.3706833297623897,0.23495382561430286,-0.58961207,0.9997821,0.4209129657197299,0.23666425368352262,-0.5891384,0.9996138,0.352086283023059,0.2416807346194314,-0.39744556,0.9997132,0.4254788004719853,0.2406133357100843,-0.39630222,0.99944174,0.381360456489255,0.2878129792605446,-0.5363215,0.999903,0.4099505465527423,0.29235952003026594,-0.5359743,0.999825,0.2953078349078805,0.40610629643639595,-0.21756975,0.9999173,0.4717075507273273,0.41043440778974283,-0.26485413,0.9995829,0.25647034156773874,0.5927578004519786,-0.09023928,0.99298525,0.4994571637379913,0.6183809784283456,-0.17752574,0.94902104,0.5153395587175,0.7885804730563677,-0.30012828,0.80875516,0.236487029710704,0.7759031791547332,-0.22733915,0.9865828,0.4341716986915536,0.7467346114653768,-0.030807098,0.99603635,0.3341205997745864,0.7773409487973889,0.031096015,0.9969702,0.4364411886018593,1.0470063548833528,-0.08362122,0.7151424,0.32712237257609045,1.0432650724096932,-0.032999035,0.6543801,0.3303219641960995,1.26407282661706,0.36641812,0.21622126,0.4642611169833256,1.2727197686410336,0.2809568,0.22056973,0.33730500658198315,1.2984902017381565,0.39426124,0.16203418,0.4495041079007961,1.2974800303591585,0.30818668,0.09189841,idle
0.4066911570433305,0.25042887020093557,-0.6128985,0.99987596,0.3823955249101617,0.22109359575686638,-0.5881735,0.9997822,0.42066011491726496,0.21885163017296885,-0.58818775,0.99962,0.3506496879646157,0.2375350967692612,-0.39166707,0.99971175,0.4209149954749597,0.2357204252212613,-0.39294463,0.9994569,0.3699538099205141,0.28378891363652287,-0.53519136,0.9999066,0.4114392225748261,0.28259802173198856,-0.5354846,0.9998322,0.28647943526987885,0.4043858140769726,-0.20962286,0.9999204,0.4777174327123044,0.4121709764996891,-0.26579827,0.99959826,0.24782512480008223,0.6059974898522682,-0.08044361,0.9929974,0.4990314877652582,0.613979209063344,-0.17723595,0.95029336,0.5170733700756966,0.7898376139518993,-0.2990296,0.8154315,0.22692086593560157,0.7650544750534907,-0.22746554,0.9868051,0.4427605048170098,0.7677579115555577,-0.035095114,0.9961227,0.33028495161992744,0.7548329756895202,0.035309933,0.99700874,0.42722698534977466,1.050557198360683,-0.097870246,0.7136544,0.3212182347746213,1.048867819966931,-0.017429752,0.65443677,0.34559047061798076,1.2725058602753938,0.40744057,0.21627343,0.4478258840757112,1.284905305928169,0.27355954,0.21724567,0.34390979823927503,1.302025296795025,0.43738037,0.16304074,0.44656021181905536,1.3184943456153517,0.30177695,0.09044124,idle
0.39821514504477795,0.23450609596825767,-0.6461552,0.99988,0.3836640909438228,0.19840239434845378,-0.62170774,0.99978584,0.4191498504950093,0.20319335017795445,-0.62368166,0.9996362,0.3576905700344595,0.2205195041157142,-0.4215289,0.99971527,0.4363430160827758,0.2281516817000892,-0.43147454,0.99948776,0.3735075116572192,0.26504992311126974,-0.56633896,0.99991095,0.4157464932975947,0.259649605888247,-0.569166,0.999842,0.29626451871932336,0.3961766099397034,-0.22508109,0.9999215,0.48257016225493166,0.4008770684739696,-0.29877192,0.99961704,0.250330256136704,0.5971850298639466,-0.08598383,0.9928224,0.5167236930835917,0.6040052769079104,-0.20934692,0.95270014,0.5337397283775172,0.7934912461549116,-0.33262783,0.824859,0.24024173528548964,0.7803645285767437,-0.2373786,0.98628896,0.44884172823424173,0.760752202511574,-0.035929047,0.9961489,0.33559039903895405,0.7649029205477802,0.036139827,0.9969995,0.4451193420572803,1.0637524907994869,-0.09495341,0.7149415,0.3182999587666593,1.067539227868278,-0.024212774,0.66059494,0.3408585258842368,1.2982895118401827,0.3897699,0.21588586,0.45431484910944375,1.3162285237024116,0.26245302,0.21507661,0.34887156335552716,1.3321840762443118,0.41774184,0.16131614,0.4620120910256861,1.3498920936583116,0.28762677,0.08851634,idle
0.4071020274068985,0.21840290873539103,-0.6867367,0.9998885,0.38543697287331835,0.18606792786369689,-0.6636015,0.99979866,0.42465202300968075,0.19588167780704074,-0.6638317,0.9996628,0.3523152468479209,0.1985873992141531,-0.46364975,0.9997323,0.43893001785025676,0.2115969483150019,-0.46524015,0.9995292,0.38810152492372096,0.24911071977619512,-0.6064424,0.9999179,0.41835332661840086,0.25764387671479505,-0.6067673,0.9998551,0.2915772591961546,0.39190127934947794,-0.25623035,0.9999242,0.49693145629594826,0.3911400900493523,-0.32358447,0.99964553,0.25288330078507715,0.5847142690594901,-0.10448526,0.99280316,0.5128357014840172,0.6107537007076099,-0.22264373,0.95579934,0.545275816427057,0.8093366829529792,-0.3554439,0.83784074,0.22482078039257947,0.7779798311347413,-0.2625875,0.98604816,0.4428903042509801,0.7662337297342824,-0.035582684,0.9963323,0.3320595927605534,0.7648598276580906,0.035810947,0.9970904,0.43069097864993755,1.0774155196821456,-0.06383811,0.7189539,0.3151172761924709,1.0589273595689799,-0.002695483,0.66664314,0.3445912398116817,1.3134490818265,0.4492198,0.2089089,0.45750863000645714,1.3315973588668089,0.31062025,0.20996413,0.3359233075199727,1.3457685835615223,0.481251,0.15666817,0.46297841112904636,1.36611224380495,0.33703524,0.08595302,idle
0.4260101462237892,0.1545569111942303,-0.74018633,0.99989635,0.4058626178398932,0.12703419253285825,-0.71245474,0.99980724,0.461065927813734,0.12473280695906927,-0.7133198,0.9996861,0.37248382854997764,0.14871734027704583,-0.5100997,0.9997405,0.48146549420240126,0.15268030468747654,-0.5124923,0.9995672,0.40438154259553916,0.19391270289605067,-0.661773,0.99992436,0.4471374619080921,0.1897263106178086,-0.66207135,0.9998678,0.2896371602213733,0.3434222519539969,-0.29777944,0.99992293,0.5298141139478535,0.3688769533568041,-0.40872607,0.9996725,0.26462291541274563,0.58863756591225,-0.13858888,0.99265957,0.5521153953342468,0.6220535349364318,-0.33343685,0.95955765,0.5843206503732605,0.8542029032571533,-0.43782097,0.85169363,0.23808746144804527,0.7805624133627267,-0.25749755,0.9846616,0.4639234583366878,0.7718564042831749,-0.04744115,0.99663043,0.33025340503127665,0.7586404263708809,0.04778894,0.9973054,0.4476808218417915,1.092495377895783,-0.013768938,0.71898574,0.3129836509064877,1.069016804738882,0.050603904,0.67247117,0.3390810300790228,1.3224487255634942,0.6070351,0.19790518,0.46658420414407276,1.345011736639543,0.42355523,0.20323212,0.3358149773418124,1.3596847072173959,0.6492976,0.15104422,0.47032966246599117,1.3774172398752178,0.4564938,0.08266243,idle
0.4385372893652927,0.12731008565872431,-0.7130301,0.9998967,0.4018335621625685,0.09506382225396383,-0.7097734,0.9997906,0.464061236808169,0.09668816289791189,-0.70506513,0.99968946,0.37935563064617817,0.11987153642776219,-0.4813365,0.9997097,0.48007699739200693,0.1187432703189592,-0.47378516,0.9995875,0.40804952219812607,0.17318142985217067,-0.620289,0.99992704,0.449431143784377,0.17303418728844738,-0.6192169,0.999877,0.2915486404805887,0.32589970172072397,-0.2633127,0.99991226,0.5376458507806072,0.3496695443245462,-0.36472845,0.9996886,0.25397391252437007,0.5715625365847649,-0.12198619,0.991552,0.5626686495414205,0.6148172261689311,-0.2960693,0.9624902,0.5920977034912478,0.8749002866859028,-0.3861577,0.86176413,0.22999156753859917,0.7830767892991158,-0.20069261,0.9824506,0.46984399560964374,0.7607055921052029,-0.05491371,0.9969039,0.34496435589580376,0.7546925290802011,0.05513059,0.99749804,0.454053293337891,1.086611270180229,-0.0298359,0.7227245,0.31633627688766663,1.0727850234451406,0.030863676,0.6736809,0.3630041244993477,1.3010557508800862,0.6728458,0.18995713,0.4870381973063628,1.3247794798156902,0.47077742,0.20428348,0.36195246037399553,1.3247760265809632,0.72834927,0.1491156,0.4900904154263601,1.3512674668427629,0.5141069,0.083620094,idle
0.4381393363160604,0.09064827797457822,-0.63475937,0.9998946,0.40281123187404355,0.0764442136558868,-0.61208355,0.9997588,0.46767713469846106,0.07025849069303358,-0.61036694,0.999685,0.3760523982421513,0.09306997178908066,-0.4634207,0.99966145,0.4965204045233883,0.11913091999596309,-0.44999823,0.9995994,0.4103868100254925,0.15600723607977154,-0.5753504,0.99992794,0.4475609747364653,0.15170033485800083,-0.57286364,0.99988437,0.29427851543999806,0.3173451766439607,-0.266226,0.99987614,0.541973759977483,0.34193280487880545,-0.35567805,0.99968547,0.25465669668529467,0.5662165655528032,-0.117740676,0.9907149,0.584523932313938,0.6319274280985603,-0.28110668,0.9652682,0.6126927781742842,0.9223725915085929,-0.3706433,0.8698436,0.23942773618424706,0.7850366156547152,-0.11858068,0.97973037,0.4713529284735416,0.7580481963132998,-0.05451738,0.9971391,0.34482539133162005,0.7581639744570017,0.054758184,0.9976367,0.4708927823871456,1.1266141776729763,-0.0032139744,0.7233848,0.31782451108740406,1.0634870811589743,0.035400532,0.67767453,0.36343233468435565,1.3193551538107082,0.6747615,0.17984541,0.4900420572528592,1.338101566074403,0.49135828,0.19784206,0.3585768888643418,1.3103900000815982,0.7311157,0.14548187,0.4856112689301417,1.3579839663232065,0.5346345,0.08296107,idle
0.4448157538567944,0.10416111128539411,-0.6784526,0.9998922,0.4167693597903608,0.05853997193135144,-0.655799,0.99972373,0.47573231478596945,0.08129638638832054,-0.6547297,0.9996814,0.38167949438603455,0.08149279605528381,-0.4915135,0.9995991,0.510009857486875,0.10463560688164403,-0.48761344,0.99961025,0.4175101402904453,0.14522457790015883,-0.6153255,0.9999272,0.46135812146707356,0.14986853993244262,-0.6135522,0.999891,0.29374621348069163,0.29689074228797485,-0.33268094,0.99983346,0.5522077332298829,0.33110678179739234,-0.41674167,0.9996751,0.2579039897632276,0.5644983311402457,-0.15054592,0.98984647,0.588994671377839,0.6296629490400281,-0.33630478,0.96793973,0.627542684517059,0.9670968640227755,-0.3841861,0.8768005,0.23901379086173602,0.7905842458311042,-0.12652992,0.9772073,0.4786025076188507,0.7614212423168689,-0.051544696,0.9972525,0.3382233711657683,0.7445254975601211,0.051709224,0.99764836,0.4615613215876184,1.128947973034226,-0.0077198753,0.71588165,0.3195013085653292,1.0676147052773919,0.03200659,0.672335,0.34882690225785284,1.2872195821053503,0.68785745,0.17254366,0.4805280303863364,1.3259255915823487,0.50748503,0.19270822,0.35218561689865446,1.29175156940929,0.7464552,0.1462796,0.48282099085382657,1.3480442716380867,0.55385864,0.085384995,idle
0.44646436628678576,0.0941745931836424,-0.7269431,0.9998965,0.4020820354467114,0.055620963162652526,-0.70537555,0.99972385,0.4853883041176411,0.06962766554464758,-0.7053612,0.9996966,0.39040594297597786,0.0824735347472823,-0.5437609,0.99959403,0.5115128824971986,0.09290190300936871,-0.5458327,0.9996368,0.4212223701884401,0.12378069938328169,-0.6651679,0.99993056,0.46026495002878287,0.13534253944967367,-0.6649503,0.99989945,0.2886306545315588,0.2950021084445439,-0.38653037,0.9998103,0.5613717543591661,0.33133996577389957,-0.47419873,0.99965566,0.2536546834187572,0.5554564677848727,-0.18346965,0.9900387,0.6066277571536329,0.6477364277827449,-0.39264852,0.9707414,0.6399098543542832,1.00495453182396,-0.4261003,0.88310087,0.24166821665358829,0.7768160028733238,-0.1263928,0.9776813,0.48361472217909773,0.7571059572959753,-0.048911724,0.99734795,0.33845510424493663,0.7528236674876835,0.049113866,0.99770004,0.47057816631225635,1.1229758210535363,0.0020047126,0.7210565,0.3159930619954894,1.0606571752606104,0.025646497,0.67877,0.34882207093163464,1.2814058890056836,0.65428275,0.1753434,0.4847469599086641,1.3234489587346485,0.46636662,0.20177038,0.35495141666692553,1.2961694993826358,0.7080513,0.15676403,0.489241171088481,1.3556952910983147,0.505108,0.09449826,idle
0.44159010519789477,0.08968122375562343,-0.72109175,0.99986595,0.41338405539992706,0.04657483412380282,-0.7035046,0.9996004,0.4898112046971691,0.05941755437866561,-0.7032899,0.9996362,0.3944958363488019,0.06865019639062662,-0.54648554,0.9994111,0.5040837757522894,0.08183287562099016,-0.54627186,0.99960893,0.4190906415815294,0.12300423027863987,-0.65866894,0.9999159,0.47520044112635396,0.14200055690442573,-0.65785724,0.9998955,0.2991044931496407,0.2751667935149181,-0.37926084,0.9997398,0.5748365788339895,0.324353071094263,-0.47417316,0.99961394,0.2539194685670676,0.553294869956455,-0.16779953,0.9894073,0.6099535083445349,0.6388395508090169,-0.38753757,0.97291195,0.6545171996940662,0.9991746754035187,-0.40875587,0.88628507,0.2373167235232363,0.7908481198447301,-0.07510179,0.9749485,0.4900244699574229,0.7387894205905767,-0.048388433,0.99727947,0.33364691584621653,0.74472818019207,0.04871718,0.99756193,0.4818200436870418,1.108206396580136,-0.017953482,0.71313727,0.3217969020176248,1.056280956005006,0.02012403,0.6713195,0.3496606053086937,1.2904993780167704,0.60387236,0.17425792,0.47533158314705215,1.3236220915958146,0.43866262,0.19809045,0.3537834550775405,1.2985078170460893,0.6530008,0.16161124,0.47171604283338586,1.3479467784052925,0.4772663,0.09556484,idle
0.44997921610737157,0.09591031869036805,-0.94714725,0.99986315,0.41465736636513806,0.05392820653760023,-0.9297922,0.9995886,0.49845971185257587,0.06305881429497454,-0.925104,0.99964046,0.389762342366361,0.07091141939989146,-0.74437314,0.999375,0.5196480873531261,0.09692121850156785,-0.72397125,0.9996208,0.4273884745395813,0.13361241405512206,-0.8728447,0.9999146,0.4783152346147339,0.13947868052621104,-0.866014,0.9998994,0.2977496451412418,0.26821894413564557,-0.5247488,0.99972016,0.579235987314319,0.32730918681458626,-0.6249751,0.9995998,0.26461727759234677,0.5411587390669172,-0.28005,0.987998,0.6213405118692155,0.6498403520261389,-0.5539782,0.9746313,0.6771963757271683,0.9994724220810154,-0.5730456,0.8858449,0.23983839452573497,0.7846697169581862,-0.14098072,0.9722629,0.49910617998985307,0.7523214294201186,-0.04583081,0.9972484,0.33983131092122554,0.7403675356468759,0.04607113,0.9975723,0.4791653730165182,1.10078372727355,0.0012049578,0.7101641,0.33169870931781564,1.0499909561160716,0.08846994,0.67167974,0.35026221438690563,1.2252174810834628,0.8187133,0.18314041,0.47883132231648007,1.2507440992685954,0.6462051,0.19785605,0.347026934502473,1.2255335249004409,0.8849909,0.17478363,0.46234612980644696,1.255028178617412,0.7087873,0.10330715,idle
0.4525308899746363,0.09807990087190101,-0.8758715,0.99986684,0.41921831241188623,0.040409599414529415,-0.85574883,0.99959767,0.4945979734762941,0.05682604813501321,-0.85269964,0.9996565,0.396813805347214,0.05724175632244012,-0.6763885,0.9993775,0.5226883807026823,0.09461077805175432,-0.66382974,0.9996419,0.4273148955153101,0.13650544635623177,-0.80592614,0.999918,0.4757109537945462,0.15417306099565836,-0.8010147,0.99990624,0.3026033843032139,0.2733158032277615,-0.48918954,0.9997149,0.5847099414130279,0.32574487746219616,-0.58532184,0.99958503,0.2576058636134938,0.5420534742153966,-0.2683224,0.9869097,0.6413201431785565,0.6675508752058595,-0.5293289,0.9760187,0.699518842981453,1.027222708043881,-0.5713666,0.87477833,0.24992624438104172,0.7821825225008,-0.16482113,0.9708602,0.5110461275705214,0.741485050278802,-0.041042175,0.99730355,0.3474735911844842,0.7460955597226913,0.041460834,0.997658,0.4804513682069619,1.0771886845499483,0.044180278,0.7085864,0.3192370709400084,1.0358331584384264,0.08239026,0.6688929,0.3500390657089849,1.1625350304233784,0.8281314,0.19616875,0.4762097507113927,1.2044816263822755,0.6628715,0.21194388,0.3519453635409442,1.1545643607605327,0.89670163,0.19659975,0.47024486399940524,1.1957672747603987,0.7218543,0.12574968,idle
0.4639542541855426,0.11239445407312107,-1.0694543,0.9998741,0.4245167929551217,0.06203588123063637,-1.0492077,0.9996136,0.5044918452001661,0.06639091667171403,-1.0459132,0.9996736,0.3908288309105421,0.055143372154210786,-0.8439721,0.9993696,0.5331969225493352,0.09278274090278807,-0.82871073,0.99966145,0.4288413292964556,0.14285261070592445,-0.98806894,0.9999204,0.4784329453947568,0.151103518235375,-0.9822052,0.99991167,0.29487121080486534,0.25861581154345153,-0.5941395,0.9997196,0.588488694087154,0.33749060111526175,-0.7398988,0.99956626,0.25919639637440917,0.5473278504457332,-0.3209226,0.9853723,0.6429822143131949,0.6705061888635779,-0.73251665,0.9772985,0.7202683079194261,1.0570711531716537,-0.75850475,0.8550758,0.23903112711660346,0.7885080270162387,-0.21116388,0.9716188,0.499870570013387,0.7527834094321861,-0.041662477,0.99739426,0.35069643032574416,0.7414065562802831,0.042155307,0.99779713,0.4690006327560543,1.0623857907817664,0.15823594,0.715907,0.33432273380851374,1.0297604969680196,0.23450823,0.6773405,0.3691575904301815,1.0714615401685783,1.0718143,0.23165843,0.4823411369692363,1.1959328560472917,0.8674784,0.24715042,0.34729893838929915,1.1552747503386698,1.1473567,0.23855872,0.47630054244900355,1.1881976403978962,0.93528473,0.16759843,idle
0.4601963250485568,0.10581485996116628,-1.0824041,0.9998863,0.4310633497248225,0.04940027507047142,-1.0644485,0.9996494,0.4960646119751354,0.07572227075063348,-1.0600932,0.9997039,0.39802233026049927,0.06086838765253639,-0.8643669,0.99942213,0.5320917227245489,0.09917441546347786,-0.84371454,0.99969244,0.4282360809994642,0.14308148636254958,-1.0018237,0.9999274,0.4847710708949311,0.15111171625151737,-0.99422157,0.9999197,0.29621779480861365,0.25311490128910846,-0.61298984,0.99974054,0.5976959472386709,0.3349790923704685,-0.7621513,0.9995813,0.2606272334231854,0.5372810699325768,-0.31590936,0.9854324,0.6645927372798827,0.6800072529837348,-0.7955234,0.9791592,0.7643682744415456,1.0989544655649073,-0.8662852,0.85070133,0.237305201670867,0.7785588082293385,-0.2040085,0.974012,0.501288586531542,0.7436888401117318,-0.03621913,0.99753106,0.35866030649544134,0.7409181865721718,0.03713312,0.99797297,0.4778425204257386,1.041095304619132,0.27588022,0.7317921,0.3437900608393861,1.0154129606299316,0.35458392,0.69971216,0.3913597168482882,1.0187506756938753,1.160531,0.29595223,0.4794910485759001,1.1150725751316561,0.9914764,0.30814585,0.38471607702140376,1.0679540110858434,1.2350407,0.3029004,0.4667363844194736,1.116685898648906,1.0607991,0.2385289,idle
0.46689740607804353,0.10751105114334521,-1.0606099,0.9998974,0.42702074715254035,0.04519163391197532,-1.0430217,0.9996831,0.5144721658640994,0.06813509990625503,-1.0376751,0.9997324,0.3977439072127682,0.06536758261116889,-0.84872186,0.9994732,0.5399978285582787,0.11183029271035719,-0.8224572,0.99972194,0.4291862786407382,0.14118446203028703,-0.9823545,0.99993414,0.48886485891555287,0.1574091362333444,-0.9729703,0.99992734,0.3046034586747768,0.2608865472071888,-0.5904636,0.99976194,0.5994232985438707,0.3291740060700613,-0.74829185,0.99960834,0.26229789565587125,0.5403740043913793,-0.27158132,0.98572975,0.672242426126142,0.6849558561873368,-0.79925704,0.9808987,0.7944678309921599,1.1224201022063103,-0.8885099,0.8372046,0.24859943647558613,0.7736310367422539,-0.12243126,0.97637373,0.4923929239901893,0.7590291536087801,-0.03339026,0.99768203,0.34797851970122573,0.752318464446552,0.034625247,0.9981425,0.4755324596952871,1.0262867444293502,0.29854006,0.7507743,0.34573202620055354,0.9995163243120807,0.40124473,0.7227705,0.3979270954267077,1.032541413321945,1.1083915,0.35993636,0.46749132748106137,1.1297116924605075,0.9519145,0.36882496,0.38732917231898034,1.0960064882767153,1.17044,0.36665896,0.4647573000763614,1.144859373258998,1.0136229,0.30832183,idle
0.4727290575076074,0.10474298606550043,-1.0613604,0.9999073,0.43421618431302356,0.054028564753451115,-1.043937,0.99971205,0.5060838738282528,0.07701249464139703,-1.0357908,0.999757,0.3908975794589835,0.07099436784129047,-0.8544892,0.99951226,0.5456429619064067,0.09514566717480358,-0.81362915,0.9997473,0.4402386995441713,0.14996436649595674,-0.98470247,0.9999397,0.4946930905033107,0.15414990423996267,-0.9712324,0.9999338,0.2992887371978208,0.2652066613447544,-0.59234035,0.9997802,0.5962090657831418,0.34136105467924416,-0.74847424,0.9996333,0.2625587542066665,0.5338230957238012,-0.2546721,0.9857427,0.6854133461878433,0.6876299550013141,-0.81532574,0.98246217,0.813350476836072,1.1080878653508215,-0.91245556,0.8253557,0.24013397971382555,0.7676037432028547,-0.06707449,0.97849804,0.4966821525143975,0.754243209857798,-0.032430142,0.9977974,0.3688288017743945,0.7487429506640527,0.033797435,0.9982848,0.46675951740824584,1.0140576040749492,0.28433162,0.7665134,0.34015933159131795,0.9915542507941276,0.379701,0.74062467,0.4033874527796574,1.0082247183237236,1.124089,0.4137076,0.47487709858485283,1.130632504677154,0.96162593,0.42205584,0.40910873354215527,1.0782679703290232,1.1898335,0.4210619,0.456919455697786,1.1140277000870298,1.0253876,0.37050256,idle
0.4792355995939225,0.11985422621152024,-1.0836408,0.9999161,0.4242219391298423,0.04751691776467326,-1.0666149,0.99973637,0.5064376849543596,0.07563799813846207,-1.058574,0.9997781,0.399585752218085,0.07025127901209527,-0.8780904,0.99954057,0.5442368247952858,0.0978450959667062,-0.8359338,0.99976903,0.4365445881443021,0.14909499868996678,-1.0067662,0.999944,0.4952099125267204,0.1581201267992408,-0.99293405,0.9999391,0.3018348997762528,0.2475739938684913,-0.6091086,0.9997962,0.5870578181674146,0.32994461911576006,-0.76619005,0.99965507,0.2700117946055839,0.5143186618898821,-0.24459417,0.9856033,0.6925191781116313,0.6948475477841657,-0.84824455,0.9838593,0.8268629719150535,1.106140404619631,-0.94283277,0.8083392,0.23601516341256734,0.7505045244012244,0.015432315,0.98038083,0.5024649491459526,0.7618844088844547,-0.033066947,0.99788463,0.3605089517756277,0.747550224003074,0.034578018,0.998402,0.47092083740408996,1.0165577121817018,0.27765742,0.7810887,0.3595902794419338,0.9881402170405833,0.38531336,0.7548184,0.43471486953107175,1.077306325190877,1.0764498,0.45936978,0.47400991699571704,1.1310794694957376,0.90649426,0.47026289,0.43178887074658967,1.0895135126840023,1.136625,0.4679203,0.49647110225289137,1.0653915835186398,0.96388423,0.42700803,idle
0.47629668393698255,0.11648627959634356,-1.1362386,0.99992365,0.4269068628259095,0.043570132386797786,-1.116992,0.9997545,0.5086071553467945,0.07283592143903554,-1.1101846,0.9997954,0.3915258027160703,0.06313600897722622,-0.9196447,0.99954396,0.5469858694180735,0.0988195893764558,-0.88402873,0.999787,0.42819834279807034,0.14558688024373867,-1.056779,0.99994564,0.4958694133647734,0.1642296361810001,-1.0446613,0.9999426,0.28894070800800886,0.24893709277376008,-0.631559,0.9998065,0.5999527280012009,0.33264103775690407,-0.8139966,0.99967384,0.2691203579835427,0.5142168038232994,-0.22817838,0.9850123,0.7062371061790449,0.6999443184743712,-0.9135288,0.98523813,0.8433223415965571,1.1209671456169217,-1.0181885,0.8021817,0.24926758375789138,0.7459970700672861,0.0450458,0.9820358,0.5019462441880868,0.7567046384451498,-0.04232015,0.99798584,0.3708846500217503,0.7453558870165773,0.043972813,0.99851096,0.4710734565424469,1.023452542757831,0.32625705,0.79474247,0.3532272118135029,0.9859977388572727,0.48827824,0.76429075,0.4247163655943682,1.0374236370460388,1.1577545,0.49990925,0.4812713871548352,1.1265238923131677,0.95782745,0.51383036,0.4396450101727206,1.0975631230276348,1.215081,0.509833,0.4960228475812525,1.038459062164774,1.0147122,0.47799826,idle
0.46981279110998275,0.11045408411195866,-1.18645,0.99992955,0.4247637857218174,0.046726761594947694,-1.1746738,0.9997604,0.5232006029928933,0.07434290321575501,-1.163426,0.999806,0.3980056625741314,0.06403137877592983,-0.9901495,0.99949926,0.5517281666987957,0.10455557154376852,-0.93323433,0.9997989,0.4311904835071251,0.15527262985559237,-1.1096747,0.99994147,0.4967990280460277,0.16465555965661996,-1.0914866,0.99994206,0.30188418920719606,0.24007989977754893,-0.6701206,0.99980307,0.5923160581041641,0.34050694738312876,-0.8471137,0.99968916,0.27636965757626075,0.5118708098218835,-0.18027544,0.98312134,0.7094805714150509,0.7075923105207691,-0.9495195,0.98646647,0.854626317528641,1.119033123032655,-1.0467843,0.80042064,0.2396583228355581,0.750327313040853,0.18928018,0.98313487,0.4998002778887336,0.7545660288150194,-0.04482303,0.99803734,0.36470363226457847,0.7341411887803326,0.046416197,0.9985816,0.4597197612550661,1.027760148801994,0.34211132,0.80841386,0.3690987777129069,0.989008527856204,0.5203013,0.77401435,0.42553261213650817,1.0576317007328246,1.1468523,0.53627115,0.4817252965347143,1.1057118592369388,0.9486586,0.5516954,0.4519764823516006,1.0706235756193145,1.1979238,0.5475261,0.5189557134928455,1.0683084254680857,1.0030346,0.5228945,idle
0.46635138989555536,0.12734914755116972,-1.2184086,0.9999345,0.4327811427040169,0.049715604231304264,-1.2057787,0.99976355,0.519270473607329,0.07658678932818187,-1.1956232,0.99981475,0.3906904871127367,0.06161875834743198,-1.0146692,0.9994551,0.5544582807689253,0.10429561080634918,-0.96367824,0.9998093,0.43033340330026004,0.15864233370793476,-1.139748,0.9999374,0.4942578042292448,0.16448687133840492,-1.1232561,0.99994165,0.3005722526691107,0.2552151702008426,-0.69191575,0.99979943,0.5997927990769527,0.3405541894749475,-0.86990947,0.99970067,0.27445788840331786,0.4985211538168527,-0.18480553,0.9817297,0.7203848155292296,0.7010669623067779,-0.98536503,0.9875902,0.8674192617378458,1.1352223387966267,-1.0929606,0.8037231,0.258612598133234,0.7351993427153254,0.1772916,0.98417735,0.5043046573656873,0.7594510294086064,-0.0458192,0.9980705,0.37456301958010796,0.7465594266879754,0.04728428,0.9986431,0.4556810702576104,1.0156233109490287,0.33350956,0.8200683,0.35889508749228693,0.9875228357814325,0.5127711,0.7846288,0.4308790888458407,1.06994119455357,1.1587716,0.5682361,0.48076946087398953,1.1004097968966184,0.9536834,0.5834609,0.42810177277941597,1.119481988300166,1.2110977,0.5799809,0.5128099597901121,1.0818300907591722,1.0091383,0.5603929,idle
0.46920268190195535,0.1107312842019579,-1.2104781,0.9999384,0.4283067395289659,0.04742849120279577,-1.1956979,0.9997584,0.5114277141903654,0.06818375346023774,-1.1869776,0.9998186,0.39015631773955617,0.061260190440274406,-0.99968606,0.999344,0.5421112722967734,0.10088745354613245,-0.9544098,0.99981374,0.4339687044584578,0.15401698666149696,-1.1299391,0.999928,0.49116881816507074,0.16685372389755845,-1.1151539,0.9999382,0.3047708174609367,0.23669562381174983,-0.68748444,0.9998022,0.6127329120410334,0.33488726041530764,-0.8692339,0.99971694,0.2787592312859566,0.4817277458248598,-0.18967623,0.98043305,0.7216191467464417,0.7053290784557953,-1.0030912,0.98858625,0.8810976739724774,1.1232036737633122,-1.1397989,0.797504,0.2649312780192242,0.7176981263865736,0.13242844,0.9853555,0.496677516129743,0.7635536349086697,-0.048147403,0.9981541,0.3715102119500684,0.7371400250917624,0.04955662,0.998722,0.47217142912936205,1.0230452669523082,0.39216644,0.83046603,0.36493874623114186,0.9776991061632835,0.5865533,0.78833723,0.4218737008604708,1.0365144001867408,1.2345304,0.5980993,0.5036495375090722,1.06603159546621,1.0441597,0.6152007,0.43055715519590143,1.1110399672451292,1.2875919,0.6102404,0.5146035767285739,1.051410576565734,1.1019403,0.5974244,idle
